4.375 0.013330798 0.35
4.391225 0.013167371 0.351298
4.40745 0.012945783 0.352596
4.423675 0.01272805 0.353894
4.4399 0.0125141 0.355192
4.456125 0.012303865 0.35649
4.47235 0.012097277 0.357788
4.488575 0.011894269 0.359086
4.5048 0.011694776 0.360384
4.521025 0.011498733 0.361682
4.53725 0.011306079 0.36298
4.553475 0.011116751 0.364278
4.5697 0.01093069 0.365576
4.585925 0.010747836 0.366874
4.60215 0.010568132 0.368172
4.618375 0.01039152 0.36947
4.6346 0.010217945 0.370768
4.650825 0.010047352 0.372066
4.66705 0.0098796869 0.373364
4.683275 0.0097148981 0.374662
4.6995 0.0095529336 0.37596
4.715725 0.0093937428 0.377258
4.73195 0.0092372762 0.378556
4.748175 0.009083485 0.379854
4.7644 0.0089323215 0.381152
4.780625 0.008783739 0.38245
4.79685 0.0086376913 0.383748
4.813075 0.0084941336 0.385046
4.8293 0.0083530215 0.386344
4.845525 0.0082143117 0.387642
4.86175 0.0080779616 0.38894
4.877975 0.0079439294 0.390238
4.8942 0.0078121743 0.391536
4.910425 0.0076826559 0.392834
4.92665 0.0075553349 0.394132
4.942875 0.0074301725 0.39543
4.9591 0.0073071306 0.396728
4.975325 0.0071861722 0.398026
4.99155 0.0070672604 0.399324
5.007775 0.0069503596 0.400622
5.024 0.0068354343 0.40192
5.040225 0.00672245 0.403218
5.05645 0.0066113727 0.404516
5.072675 0.0065021692 0.405814
5.0889 0.0063948067 0.407112
5.105125 0.0062892532 0.40841
5.12135 0.006185477 0.409708
5.137575 0.0060834473 0.411006
5.1538 0.0059831337 0.412304
5.170025 0.0058845063 0.413602
5.18625 0.005787536 0.4149
5.202475 0.0056921939 0.416198
5.2187 0.005598452 0.417496
5.234925 0.0055062823 0.418794
5.25115 0.0054156579 0.420092
5.267375 0.0053265519 0.42139
5.2836 0.0052389382 0.422688
5.299825 0.0051527909 0.423986
5.31605 0.005068085 0.425284
5.332275 0.0049847954 0.426582
5.3485 0.0049028979 0.42788
5.364725 0.0048223685 0.429178
5.38095 0.0047431836 0.430476
5.397175 0.0046653204 0.431774
5.4134 0.004588756 0.433072
5.429625 0.0045134681 0.43437
5.44585 0.0044394351 0.435668
5.462075 0.0043666353 0.436966
5.4783 0.0042950476 0.438264
5.494525 0.0042246515 0.439562
5.51075 0.0041554264 0.44086
5.526975 0.0040873525 0.442158
5.5432 0.0040204101 0.443456
5.559425 0.00395458 0.444754
5.57565 0.0038898432 0.446052
5.591875 0.003826181 0.44735
5.6081 0.0037635753 0.448648
5.624325 0.0037020081 0.449946
5.64055 0.0036414618 0.451244
5.656775 0.0035819189 0.452542
5.673 0.0035233626 0.45384
5.689225 0.0034657761 0.455138
5.70545 0.003409143 0.456436
5.721675 0.0033534471 0.457734
5.7379 0.0032986726 0.459032
5.754125 0.0032448039 0.46033
5.77035 0.0031918257 0.461628
5.786575 0.0031397231 0.462926
5.8028 0.0030884811 0.464224
5.819025 0.0030380854 0.465522
5.83525 0.0029885216 0.46682
5.851475 0.0029397757 0.468118
5.8677 0.002891834 0.469416
5.883925 0.0028446829 0.470714
5.90015 0.0027983092 0.472012
5.916375 0.0027526998 0.47331
5.9326 0.0027078418 0.474608
5.948825 0.0026637226 0.475906
5.96505 0.0026203299 0.477204
5.981275 0.0025776515 0.478502
5.9975 0.0025356753 0.4798
6.013725 0.0024943897 0.481098
6.02995 0.002453783 0.482396
6.046175 0.002413844 0.483694
6.0624 0.0023745614 0.484992
6.078625 0.0023359242 0.48629
6.09485 0.0022979217 0.487588
6.111075 0.0022605434 0.488886
6.1273 0.0022237787 0.490184
6.143525 0.0021876174 0.491482
6.15975 0.0021520495 0.49278
6.175975 0.002117065 0.494078
6.1922 0.0020826543 0.495376
6.208425 0.0020488078 0.496674
6.22465 0.0020155162 0.497972
6.240875 0.0019827701 0.49927
6.2571 0.0019505604 0.500568
6.273325 0.0019188784 0.501866
6.28955 0.0018877152 0.503164
6.305775 0.0018570622 0.504462
6.322 0.0018269109 0.50576
6.338225 0.001797253 0.507058
6.35445 0.0017680804 0.508356
6.370675 0.0017393849 0.509654
6.3869 0.0017111586 0.510952
6.403125 0.0016833938 0.51225
6.41935 0.0016560829 0.513548
6.435575 0.0016292183 0.514846
6.4518 0.0016027926 0.516144
6.468025 0.0015767986 0.517442
6.48425 0.0015512291 0.51874
6.500475 0.0015260772 0.520038
6.5167 0.0015013358 0.521336
6.532925 0.0014769983 0.522634
6.54915 0.0014530579 0.523932
6.565375 0.0014295081 0.52523
6.5816 0.0014063425 0.526528
6.597825 0.0013835547 0.527826
6.61405 0.0013611385 0.529124
6.630275 0.0013390877 0.530422
6.6465 0.0013173964 0.53172
6.662725 0.0012960586 0.533018
6.67895 0.0012750685 0.534316
6.695175 0.0012544203 0.535614
6.7114 0.0012341084 0.536912
6.727625 0.0012141274 0.53821
6.74385 0.0011944717 0.539508
6.760075 0.001175136 0.540806
6.7763 0.001156115 0.542104
6.792525 0.0011374037 0.543402
6.80875 0.0011189967 0.5447
6.824975 0.0011008893 0.545998
6.8412 0.0010830764 0.547296
6.857425 0.0010655533 0.548594
6.87365 0.0010483151 0.549892
6.889875 0.0010313572 0.55119
6.9061 0.001014675 0.552488
6.922325 0.00099826394 0.553786
6.93855 0.00098211962 0.555084
6.954775 0.00096623765 0.556382
6.971 0.00095061373 0.55768
6.987225 0.00093524363 0.558978
7.00345 0.00092012319 0.560276
7.019675 0.00090524833 0.561574
7.0359 0.00089061502 0.562872
7.052125 0.00087621931 0.56417
7.06835 0.00086205731 0.565468
7.084575 0.0008481252 0.566766
7.1008 0.00083441921 0.568064
7.117025 0.00082093565 0.569362
7.13325 0.00080767088 0.57066
7.149475 0.00079462133 0.571958
7.1657 0.00078178347 0.573256
7.181925 0.00076915385 0.574554
7.19815 0.00075672907 0.575852
7.214375 0.00074450577 0.57715
7.2306 0.00073248068 0.578448
7.246825 0.00072065055 0.579746
7.26305 0.0007090122 0.581044
7.279275 0.0006975625 0.582342
7.2955 0.00068629837 0.58364
7.311725 0.00067521679 0.584938
7.32795 0.00066431478 0.586236
7.344175 0.00065358941 0.587534
7.3604 0.0006430378 0.588832
7.376625 0.00063265711 0.59013
7.39285 0.00062244457 0.591428
7.409075 0.00061239743 0.592726
7.4253 0.00060251299 0.594024
7.441525 0.00059278862 0.595322
7.45775 0.00058322169 0.59662
7.473975 0.00057380964 0.597918
7.4902 0.00056454996 0.599216
7.506425 0.00055544016 0.600514
7.52265 0.00054647781 0.601812
7.538875 0.0005376605 0.60311
7.5551 0.00052898588 0.604408
7.571325 0.00052045162 0.605706
7.58755 0.00051205544 0.607004
7.603775 0.00050379509 0.608302
7.62 0.00049566837 0.6096
7.636225 0.0004876731 0.610898
7.65245 0.00047980715 0.612196
7.668675 0.00047206841 0.613494
7.6849 0.00046445482 0.614792
7.701125 0.00045696434 0.61609
7.71735 0.00044959498 0.617388
7.733575 0.00044234476 0.618686
7.7498 0.00043521176 0.619984
7.766025 0.00042819406 0.621282
7.78225 0.00042128979 0.62258
7.798475 0.00041449712 0.623878
7.8147 0.00040781423 0.625176
7.830925 0.00040123934 0.626474
7.84715 0.0003947707 0.627772
7.863375 0.00038840658 0.62907
7.8796 0.00038214528 0.630368
7.895825 0.00037598515 0.631666
7.91205 0.00036992453 0.632964
7.928275 0.00036396182 0.634262
7.9445 0.00035809542 0.63556
7.960725 0.00035232378 0.636858
7.97695 0.00034664536 0.638156
7.993175 0.00034105864 0.639454
8.0094 0.00033556214 0.640752
8.025625 0.0003301544 0.64205
8.04185 0.00032483398 0.643348
8.058075 0.00031959947 0.644646
8.0743 0.00031444946 0.645944
8.090525 0.0003093826 0.647242
8.10675 0.00030439754 0.64854
8.122975 0.00029949295 0.649838
8.1392 0.00029466752 0.651136
8.155425 0.00028991998 0.652434
8.17165 0.00028524907 0.653732
8.187875 0.00028065354 0.65503
8.2041 0.00027613217 0.656328
8.220325 0.00027168377 0.657626
8.23655 0.00026730715 0.658924
8.252775 0.00026300115 0.660222
8.269 0.00025876462 0.66152
8.285225 0.00025459645 0.662818
8.30145 0.00025049552 0.664116
8.317675 0.00024646076 0.665414
8.3339 0.00024249108 0.666712
8.350125 0.00023858544 0.66801
8.36635 0.00023474279 0.669308
8.382575 0.00023096213 0.670606
8.3988 0.00022724245 0.671904
8.415025 0.00022358276 0.673202
8.43125 0.00021998208 0.6745
8.447475 0.00021643948 0.675798
8.4637 0.00021295401 0.677096
8.479925 0.00020952474 0.678394
8.49615 0.00020615077 0.679692
8.512375 0.0002028312 0.68099
8.5286 0.00019956515 0.682288
8.544825 0.00019635176 0.683586
8.56105 0.00019319018 0.684884
8.577275 0.00019007957 0.686182
8.5935 0.00018701911 0.68748
8.609725 0.00018400798 0.688778
8.62595 0.00018104539 0.690076
8.642175 0.00017813056 0.691374
8.6584 0.00017526271 0.692672
8.674625 0.00017244108 0.69397
8.69085 0.00016966494 0.695268
8.707075 0.00016693353 0.696566
8.7233 0.00016424615 0.697864
8.739525 0.00016160208 0.699162
8.75575 0.00015900062 0.70046
8.771975 0.00015644108 0.701758
8.7882 0.00015392278 0.703056
8.804425 0.00015144507 0.704354
8.82065 0.00014900728 0.705652
8.836875 0.00014660877 0.70695
8.8531 0.00014424891 0.708248
8.869325 0.00014192706 0.709546
8.88555 0.00013964263 0.710844
8.901775 0.000137395 0.712142
8.918 0.00013518358 0.71344
8.934225 0.00013300779 0.714738
8.95045 0.00013086705 0.716036
8.966675 0.0001287608 0.717334
8.9829 0.00012668847 0.718632
8.999125 0.00012464953 0.71993
9.01535 0.00012264343 0.721228
9.031575 0.00012066964 0.722526
9.0478 0.00011872765 0.723824
9.064025 0.00011681693 0.725122
9.08025 0.00011493699 0.72642
9.096475 0.00011308733 0.727718
9.1127 0.00011126746 0.729016
9.128925 0.00010947689 0.730314
9.14515 0.00010771517 0.731612
9.161375 0.00010598181 0.73291
9.1776 0.00010427637 0.734208
9.193825 0.0001025984 0.735506
9.21005 0.00010094744 0.736804
9.226275 9.9323068e-005 0.738102
9.2425 9.7724854e-005 0.7394
9.258725 9.6152375e-005 0.740698
9.27495 9.4605216e-005 0.741996
9.291175 9.3082968e-005 0.743294
9.3074 9.1585231e-005 0.744592
9.323625 9.0111609e-005 0.74589
9.33985 8.8661713e-005 0.747188
9.356075 8.723516e-005 0.748486
9.3723 8.5831575e-005 0.749784
9.388525 8.4450588e-005 0.751082
9.40475 8.3091833e-005 0.75238
9.420975 8.1754954e-005 0.753678
9.4372 8.0439596e-005 0.754976
9.453425 7.9145414e-005 0.756274
9.46965 7.7872065e-005 0.757572
9.485875 7.6619215e-005 0.75887
9.5021 7.5386533e-005 0.760168
9.518325 7.4173694e-005 0.761466
9.53455 7.2980378e-005 0.762764
9.550775 7.1806271e-005 0.764062
9.567 7.0651063e-005 0.76536
9.583225 6.9514449e-005 0.766658
9.59945 6.8396131e-005 0.767956
9.615675 6.7295812e-005 0.769254
9.6319 6.6213204e-005 0.770552
9.648125 6.5148021e-005 0.77185
9.66435 6.4099982e-005 0.773148
9.680575 6.3068811e-005 0.774446
9.6968 6.2054236e-005 0.775744
9.713025 6.105599e-005 0.777042
9.72925 6.007381e-005 0.77834
9.745475 5.9107437e-005 0.779638
9.7617 5.8156617e-005 0.780936
9.777925 5.7221099e-005 0.782234
9.79415 5.6300636e-005 0.783532
9.810375 5.5394986e-005 0.78483
9.8266 5.4503911e-005 0.786128
9.842825 5.3627175e-005 0.787426
9.85905 5.2764548e-005 0.788724
9.875275 5.1915803e-005 0.790022
9.8915 5.1080716e-005 0.79132
9.907725 5.0259066e-005 0.792618
9.92395 4.9450639e-005 0.793916
9.940175 4.865522e-005 0.795214
9.9564 4.78726e-005 0.796512
9.972625 4.7102574e-005 0.79781
9.98885 4.6344938e-005 0.799108
10.005075 4.5599493e-005 0.800406
10.0213 4.4866042e-005 0.801704
10.037525 4.4144393e-005 0.803002
10.05375 4.3434355e-005 0.8043
10.069975 4.2735742e-005 0.805598
10.0862 4.2048369e-005 0.806896
10.102425 4.1372056e-005 0.808194
10.11865 4.0706625e-005 0.809492
10.134875 4.00519e-005 0.81079
10.1511 3.9407708e-005 0.812088
10.167325 3.8773882e-005 0.813386
10.18355 3.8150252e-005 0.814684
10.199775 3.7536656e-005 0.815982
10.216 3.6932932e-005 0.81728
10.232225 3.6338921e-005 0.818578
10.24845 3.5754467e-005 0.819876
10.264675 3.5179415e-005 0.821174
10.2809 3.4613615e-005 0.822472
10.297125 3.4056917e-005 0.82377
10.31335 3.3509175e-005 0.825068
10.329575 3.2970245e-005 0.826366
10.3458 3.2439985e-005 0.827664
10.362025 3.1918255e-005 0.828962
10.37825 3.1404919e-005 0.83026
10.394475 3.089984e-005 0.831558
10.4107 3.0402887e-005 0.832856
10.426925 2.9913928e-005 0.834154
10.44315 2.9432835e-005 0.835452
10.459375 2.8959481e-005 0.83675
10.4756 2.8493741e-005 0.838048
10.491825 2.8035494e-005 0.839346
10.50805 2.7584618e-005 0.840644
10.524275 2.7140994e-005 0.841942
10.5405 2.6704507e-005 0.84324
10.556725 2.6275041e-005 0.844538
10.57295 2.5852484e-005 0.845836
10.589175 2.5436723e-005 0.847134
10.6054 2.502765e-005 0.848432
10.621625 2.4625157e-005 0.84973
10.63785 2.4229139e-005 0.851028
10.654075 2.383949e-005 0.852326
10.6703 2.3456109e-005 0.853624
10.686525 2.3078895e-005 0.854922
10.70275 2.2707748e-005 0.85622
10.718975 2.2342571e-005 0.857518
10.7352 2.1983268e-005 0.858816
10.751425 2.1629744e-005 0.860114
10.76765 2.1281906e-005 0.861412
10.783875 2.0939663e-005 0.86271
10.8001 2.0602925e-005 0.864008
10.816325 2.0271603e-005 0.865306
10.83255 1.994561e-005 0.866604
10.848775 1.962486e-005 0.867902
10.865 1.9309269e-005 0.8692
10.881225 1.8998754e-005 0.870498
10.89745 1.8693233e-005 0.871796
10.913675 1.8392627e-005 0.873094
10.9299 1.8096855e-005 0.874392
10.946125 1.780584e-005 0.87569
10.96235 1.7519506e-005 0.876988
10.978575 1.7237777e-005 0.878286
10.9948 1.6960579e-005 0.879584
11.011025 1.6687839e-005 0.880882
11.02725 1.6419486e-005 0.88218
11.043475 1.6155449e-005 0.883478
11.0597 1.5895658e-005 0.884776
11.075925 1.5640046e-005 0.886074
11.09215 1.5388544e-005 0.887372
11.108375 1.5141087e-005 0.88867
11.1246 1.4897611e-005 0.889968
11.140825 1.4658049e-005 0.891266
11.15705 1.4422341e-005 0.892564
11.173275 1.4190424e-005 0.893862
11.1895 1.3962236e-005 0.89516
11.205725 1.3737718e-005 0.896458
11.22195 1.3516811e-005 0.897756
11.238175 1.3299456e-005 0.899054
11.2544 1.3085598e-005 0.900352
11.270625 1.2875178e-005 0.90165
11.28685 1.2668143e-005 0.902948
11.303075 1.2464437e-005 0.904246
11.3193 1.2264007e-005 0.905544
11.335525 1.20668e-005 0.906842
11.35175 1.1872765e-005 0.90814
11.367975 1.168185e-005 0.909438
11.3842 1.1494005e-005 0.910736
11.400425 1.1309182e-005 0.912034
11.41665 1.112733e-005 0.913332
11.432875 1.0948403e-005 0.91463
11.4491 1.0772354e-005 0.915928
11.465325 1.0599136e-005 0.917226
11.48155 1.0428703e-005 0.918524
11.497775 1.0261011e-005 0.919822
11.514 1.0096016e-005 0.92112
11.530225 9.9336738e-006 0.922418
11.54645 9.7739426e-006 0.923716
11.562675 9.61678e-006 0.925014
11.5789 9.4621449e-006 0.926312
11.595125 9.3099964e-006 0.92761
11.61135 9.1602947e-006 0.928908
11.627575 9.0130003e-006 0.930206
11.6438 8.8680746e-006 0.931504
11.660025 8.7254794e-006 0.932802
11.67625 8.5851773e-006 0.9341
11.692475 8.4471314e-006 0.935398
11.7087 8.3113054e-006 0.936696
11.724925 8.1776635e-006 0.937994
11.74115 8.0461708e-006 0.939292
11.757375 7.9167925e-006 0.94059
11.7736 7.7894947e-006 0.941888
11.789825 7.664244e-006 0.943186
11.80605 7.5410074e-006 0.944484
11.822275 7.4197525e-006 0.945782
11.8385 7.3004474e-006 0.94708
11.854725 7.1830608e-006 0.948378
11.87095 7.0675619e-006 0.949676
11.887175 6.9539202e-006 0.950974
11.9034 6.842106e-006 0.952272
11.919625 6.7320897e-006 0.95357
11.93585 6.6238426e-006 0.954868
11.952075 6.5173361e-006 0.956166
11.9683 6.4125423e-006 0.957464
11.984525 6.3094335e-006 0.958762
12.00075 6.2079828e-006 0.96006
12.016975 6.1081635e-006 0.961358
12.0332 6.0099492e-006 0.962656
12.049425 5.9133142e-006 0.963954
12.06565 5.8182332e-006 0.965252
12.081875 5.724681e-006 0.96655
12.0981 5.6326332e-006 0.967848
12.114325 5.5420655e-006 0.969146
12.13055 5.4529542e-006 0.970444
12.146775 5.3652757e-006 0.971742
12.163 5.2790071e-006 0.97304
12.179225 5.1941257e-006 0.974338
12.19545 5.1106092e-006 0.975636
12.211675 5.0284356e-006 0.976934
12.2279 4.9475834e-006 0.978232
12.244125 4.8680312e-006 0.97953
12.26035 4.7897582e-006 0.980828
12.276575 4.7127439e-006 0.982126
12.2928 4.6369679e-006 0.983424
12.309025 4.5624103e-006 0.984722
12.32525 4.4890517e-006 0.98602
12.341475 4.4168726e-006 0.987318
12.3577 4.3458541e-006 0.988616
12.373925 4.2759776e-006 0.989914
12.39015 4.2072246e-006 0.991212
12.406375 4.1395772e-006 0.99251
12.4226 4.0730175e-006 0.993808
12.438825 4.0075281e-006 0.995106
12.45505 3.9430917e-006 0.996404
12.471275 3.8796914e-006 0.997702
