1.0125 0.94250225 0.081
1.022975 0.99899947 0.081838
1.03345 0.9370864 0.082676
1.043925 0.9178698 0.083514
1.0544 0.89955168 0.084352
1.064875 0.8815997 0.08519
1.07535 0.86411906 0.086028
1.085825 0.84709165 0.086866
1.0963 0.83050278 0.087704
1.106775 0.81433784 0.088542
1.11725 0.79858284 0.08938
1.127725 0.78322437 0.090218
1.1382 0.76824956 0.091056
1.148675 0.75364606 0.091894
1.15915 0.73940203 0.092732
1.169625 0.72550608 0.09357
1.1801 0.71194728 0.094408
1.190575 0.69871513 0.095246
1.20105 0.68579953 0.096084
1.211525 0.67319077 0.096922
1.222 0.66087951 0.09776
1.232475 0.64885678 0.098598
1.24295 0.63711391 0.099436
1.253425 0.62564259 0.100274
1.2639 0.6144348 0.101112
1.274375 0.60348282 0.10195
1.28485 0.5927792 0.102788
1.295325 0.58231676 0.103626
1.3058 0.5720886 0.104464
1.316275 0.56208803 0.105302
1.32675 0.55230863 0.10614
1.337225 0.54274419 0.106978
1.3477 0.53338871 0.107816
1.358175 0.5242364 0.108654
1.36865 0.51528168 0.109492
1.379125 0.50651914 0.11033
1.3896 0.49794358 0.111168
1.400075 0.48954995 0.112006
1.41055 0.48133338 0.112844
1.421025 0.47328916 0.113682
1.4315 0.46541273 0.11452
1.441975 0.45769968 0.115358
1.45245 0.45014576 0.116196
1.462925 0.44274682 0.117034
1.4734 0.43549888 0.117872
1.483875 0.42839808 0.11871
1.49435 0.42144065 0.119548
1.504825 0.41462298 0.120386
1.5153 0.40794156 0.121224
1.525775 0.40139296 0.122062
1.53625 0.3949739 0.1229
1.546725 0.38868116 0.123738
1.5572 0.38251166 0.124576
1.567675 0.37646237 0.125414
1.57815 0.37053039 0.126252
1.588625 0.36471287 0.12709
1.5991 0.35900707 0.127928
1.609575 0.35341033 0.128766
1.62005 0.34792004 0.129604
1.630525 0.34253371 0.130442
1.641 0.33724889 0.13128
1.651475 0.33206321 0.132118
1.66195 0.32697437 0.132956
1.672425 0.32198012 0.133794
1.6829 0.3170783 0.134632
1.693375 0.3122668 0.13547
1.70385 0.30754355 0.136308
1.714325 0.30290657 0.137146
1.7248 0.29835391 0.137984
1.735275 0.29388369 0.138822
1.74575 0.28949406 0.13966
1.756225 0.28518325 0.140498
1.7667 0.28094951 0.141336
1.777175 0.27679116 0.142174
1.78765 0.27270654 0.143012
1.798125 0.26869406 0.14385
1.8086 0.26475216 0.144688
1.819075 0.26087931 0.145526
1.82955 0.25707404 0.146364
1.840025 0.25333491 0.147202
1.8505 0.24966052 0.14804
1.860975 0.24604949 0.148878
1.87145 0.24250051 0.149716
1.881925 0.23901226 0.150554
1.8924 0.23558349 0.151392
1.902875 0.23221296 0.15223
1.91335 0.22889948 0.153068
1.923825 0.22564186 0.153906
1.9343 0.22243897 0.154744
1.944775 0.2192897 0.155582
1.95525 0.21619295 0.15642
1.965725 0.21314767 0.157258
1.9762 0.21015282 0.158096
1.986675 0.2072074 0.158934
1.99715 0.20431041 0.159772
2.007625 0.20146091 0.16061
2.0181 0.19865795 0.161448
2.028575 0.19590061 0.162286
2.03905 0.193188 0.163124
2.049525 0.19051926 0.163962
2.06 0.18789352 0.1648
2.070475 0.18530996 0.165638
2.08095 0.18276777 0.166476
2.091425 0.18026614 0.167314
2.1019 0.17780431 0.168152
2.112375 0.17538151 0.16899
2.12285 0.17299702 0.169828
2.133325 0.17065009 0.170666
2.1438 0.16834003 0.171504
2.154275 0.16606615 0.172342
2.16475 0.16382777 0.17318
2.175225 0.16162423 0.174018
2.1857 0.15945488 0.174856
2.196175 0.1573191 0.175694
2.20665 0.15521626 0.176532
2.217125 0.15314577 0.17737
2.2276 0.15110703 0.178208
2.238075 0.14909947 0.179046
2.24855 0.14712251 0.179884
2.259025 0.14517561 0.180722
2.2695 0.14325824 0.18156
2.279975 0.14136984 0.182398
2.29045 0.13950992 0.183236
2.300925 0.13767797 0.184074
2.3114 0.13587348 0.184912
2.321875 0.13409597 0.18575
2.33235 0.13234497 0.186588
2.342825 0.13062001 0.187426
2.3533 0.12892064 0.188264
2.363775 0.12724641 0.189102
2.37425 0.12559688 0.18994
2.384725 0.12397163 0.190778
2.3952 0.12237024 0.191616
2.405675 0.12079229 0.192454
2.41615 0.11923738 0.193292
2.426625 0.11770513 0.19413
2.4371 0.11619515 0.194968
2.447575 0.11470705 0.195806
2.45805 0.11324046 0.196644
2.468525 0.11179503 0.197482
2.479 0.1103704 0.19832
2.489475 0.10896622 0.199158
2.49995 0.10758215 0.199996
2.510425 0.10621785 0.200834
2.5209 0.10487299 0.201672
2.531375 0.10354726 0.20251
2.54185 0.10224033 0.203348
2.552325 0.1009519 0.204186
2.5628 0.099681664 0.205024
2.573275 0.098429325 0.205862
2.58375 0.09719459 0.2067
2.594225 0.095977173 0.207538
2.6047 0.094776794 0.208376
2.615175 0.093593178 0.209214
2.62565 0.092426053 0.210052
2.636125 0.091275155 0.21089
2.6466 0.090140223 0.211728
2.657075 0.089021004 0.212566
2.66755 0.087917245 0.213404
2.678025 0.086828702 0.214242
2.6885 0.085755134 0.21508
2.698975 0.084696304 0.215918
2.70945 0.083651979 0.216756
2.719925 0.082621932 0.217594
2.7304 0.081605938 0.218432
2.740875 0.080603779 0.21927
2.75135 0.079615239 0.220108
2.761825 0.078640105 0.220946
2.7723 0.07767817 0.221784
2.782775 0.076729231 0.222622
2.79325 0.075793085 0.22346
2.803725 0.074869537 0.224298
2.8142 0.073958394 0.225136
2.824675 0.073059465 0.225974
2.83515 0.072172564 0.226812
2.845625 0.071297508 0.22765
2.8561 0.070434117 0.228488
2.866575 0.069582214 0.229326
2.87705 0.068741626 0.230164
2.887525 0.067912182 0.231002
2.898 0.067093714 0.23184
2.908475 0.066286059 0.232678
2.91895 0.065489053 0.233516
2.929425 0.064702539 0.234354
2.9399 0.063926359 0.235192
2.950375 0.063160361 0.23603
2.96085 0.062404393 0.236868
2.971325 0.061658308 0.237706
2.9818 0.060921958 0.238544
2.992275 0.060195202 0.239382
3.00275 0.059477898 0.24022
3.013225 0.058769908 0.241058
3.0237 0.058071096 0.241896
3.034175 0.057381327 0.242734
3.04465 0.056700471 0.243572
3.055125 0.056028398 0.24441
3.0656 0.05536498 0.245248
3.076075 0.054710093 0.246086
3.08655 0.054063613 0.246924
3.097025 0.05342542 0.247762
3.1075 0.052795395 0.2486
3.117975 0.05217342 0.249438
3.12845 0.051559381 0.250276
3.138925 0.050953164 0.251114
3.1494 0.050354659 0.251952
3.159875 0.049763754 0.25279
3.17035 0.049180344 0.253628
3.180825 0.048604321 0.254466
3.1913 0.048035582 0.255304
3.201775 0.047474024 0.256142
3.21225 0.046919546 0.25698
3.222725 0.046372048 0.257818
3.2332 0.045831433 0.258656
3.243675 0.045297605 0.259494
3.25415 0.044770469 0.260332
3.264625 0.044249932 0.26117
3.2751 0.043735903 0.262008
3.285575 0.04322829 0.262846
3.29605 0.042727006 0.263684
3.306525 0.042231963 0.264522
3.317 0.041743074 0.26536
3.327475 0.041260257 0.266198
3.33795 0.040783426 0.267036
3.348425 0.0403125 0.267874
3.3589 0.039847398 0.268712
3.369375 0.039388041 0.26955
3.37985 0.03893435 0.270388
3.390325 0.038486248 0.271226
3.4008 0.03804366 0.272064
3.411275 0.037606511 0.272902
3.42175 0.037174727 0.27374
3.432225 0.036748236 0.274578
3.4427 0.036326966 0.275416
3.453175 0.035910847 0.276254
3.46365 0.03549981 0.277092
3.474125 0.035093787 0.27793
3.4846 0.034692711 0.278768
3.495075 0.034296515 0.279606
3.50555 0.033905135 0.280444
3.516025 0.033518506 0.281282
3.5265 0.033136566 0.28212
3.536975 0.032759251 0.282958
3.54745 0.032386502 0.283796
3.557925 0.032018257 0.284634
3.5684 0.031654456 0.285472
3.578875 0.031295043 0.28631
3.58935 0.030939957 0.287148
3.599825 0.030589144 0.287986
3.6103 0.030242546 0.288824
3.620775 0.029900109 0.289662
3.63125 0.029561778 0.2905
3.641725 0.029227499 0.291338
3.6522 0.02889722 0.292176
3.662675 0.028570889 0.293014
3.67315 0.028248454 0.293852
3.683625 0.027929865 0.29469
3.6941 0.027615072 0.295528
3.704575 0.027304026 0.296366
3.71505 0.026996678 0.297204
3.725525 0.026692982 0.298042
3.736 0.026392889 0.29888
3.746475 0.026096353 0.299718
3.75695 0.02580333 0.300556
3.767425 0.025513773 0.301394
3.7779 0.025227639 0.302232
3.788375 0.024944883 0.30307
3.79885 0.024665463 0.303908
3.809325 0.024389337 0.304746
3.8198 0.024116461 0.305584
3.830275 0.023846795 0.306422
3.84075 0.023580299 0.30726
3.851225 0.023316931 0.308098
3.8617 0.023056653 0.308936
3.872175 0.022799425 0.309774
3.88265 0.022545209 0.310612
3.893125 0.022293967 0.31145
3.9036 0.022045661 0.312288
3.914075 0.021800255 0.313126
3.92455 0.021557713 0.313964
3.935025 0.021317997 0.314802
3.9455 0.021081074 0.31564
3.955975 0.020846907 0.316478
3.96645 0.020615463 0.317316
3.976925 0.020386708 0.318154
3.9874 0.020160608 0.318992
3.997875 0.01993713 0.31983
4.00835 0.019716241 0.320668
4.018825 0.01949791 0.321506
4.0293 0.019282105 0.322344
4.039775 0.019068794 0.323182
4.05025 0.018857947 0.32402
4.060725 0.018649533 0.324858
4.0712 0.018443523 0.325696
4.081675 0.018239886 0.326534
4.09215 0.018038594 0.327372
4.102625 0.017839617 0.32821
4.1131 0.017642928 0.329048
4.123575 0.017448498 0.329886
4.13405 0.017256299 0.330724
4.144525 0.017066305 0.331562
4.155 0.016878488 0.3324
4.165475 0.016692822 0.333238
4.17595 0.01650928 0.334076
4.186425 0.016327837 0.334914
4.1969 0.016148468 0.335752
4.207375 0.015971147 0.33659
4.21785 0.015795848 0.337428
4.228325 0.015622549 0.338266
4.2388 0.015451224 0.339104
4.249275 0.01528185 0.339942
4.25975 0.015114403 0.34078
4.270225 0.014948859 0.341618
4.2807 0.014785197 0.342456
4.291175 0.014623393 0.343294
4.30165 0.014463425 0.344132
4.312125 0.01430527 0.34497
4.3226 0.014148908 0.345808
4.333075 0.013994316 0.346646
4.34355 0.013841474 0.347484
4.354025 0.013690361 0.348322
4.3645 0.013540955 0.34916
4.374975 0.013393236 0.349998
4.38545 0.013247185 0.350836
4.395925 0.013102782 0.351674
4.4064 0.012960006 0.352512
4.416875 0.012818839 0.35335
4.42735 0.012679261 0.354188
4.437825 0.012541254 0.355026
4.4483 0.012404798 0.355864
4.458775 0.012269876 0.356702
4.46925 0.01213647 0.35754
4.479725 0.012004561 0.358378
4.4902 0.011874131 0.359216
4.500675 0.011745164 0.360054
4.51115 0.011617643 0.360892
4.521625 0.011491549 0.36173
4.5321 0.011366866 0.362568
4.542575 0.011243578 0.363406
4.55305 0.011121669 0.364244
4.563525 0.011001121 0.365082
4.574 0.01088192 0.36592
4.584475 0.010764049 0.366758
4.59495 0.010647493 0.367596
4.605425 0.010532236 0.368434
4.6159 0.010418263 0.369272
4.626375 0.01030556 0.37011
4.63685 0.010194111 0.370948
4.647325 0.010083902 0.371786
4.6578 0.0099749181 0.372624
4.668275 0.0098671455 0.373462
4.67875 0.00976057 0.3743
4.689225 0.0096551775 0.375138
4.6997 0.0095509545 0.375976
4.710175 0.0094478874 0.376814
4.72065 0.0093459627 0.377652
4.731125 0.0092451672 0.37849
4.7416 0.0091454878 0.379328
4.752075 0.0090469118 0.380166
4.76255 0.0089494262 0.381004
4.773025 0.0088530186 0.381842
4.7835 0.0087576765 0.38268
4.793975 0.0086633876 0.383518
4.80445 0.0085701397 0.384356
4.814925 0.008477921 0.385194
4.8254 0.0083867196 0.386032
4.835875 0.0082965238 0.38687
4.84635 0.008207322 0.387708
4.856825 0.0081191029 0.388546
4.8673 0.0080318552 0.389384
4.877775 0.0079455677 0.390222
4.88825 0.0078602294 0.39106
4.898725 0.0077758296 0.391898
4.9092 0.0076923575 0.392736
4.919675 0.0076098024 0.393574
4.93015 0.007528154 0.394412
4.940625 0.0074474018 0.39525
4.9511 0.0073675357 0.396088
4.961575 0.0072885456 0.396926
4.97205 0.0072104215 0.397764
4.982525 0.0071331535 0.398602
4.993 0.0070567319 0.39944
5.003475 0.0069811471 0.400278
5.01395 0.0069063897 0.401116
5.024425 0.0068324501 0.401954
5.0349 0.0067593192 0.402792
5.045375 0.0066869878 0.40363
5.05585 0.0066154468 0.404468
5.066325 0.0065446873 0.405306
5.0768 0.0064747004 0.406144
5.087275 0.0064054775 0.406982
5.09775 0.0063370098 0.40782
5.108225 0.006269289 0.408658
5.1187 0.0062023064 0.409496
5.129175 0.0061360539 0.410334
5.13965 0.0060705232 0.411172
5.150125 0.0060057062 0.41201
5.1606 0.0059415948 0.412848
5.171075 0.0058781811 0.413686
5.18155 0.0058154572 0.414524
5.192025 0.0057534155 0.415362
5.2025 0.0056920483 0.4162
5.212975 0.0056313479 0.417038
5.22345 0.005571307 0.417876
5.233925 0.0055119181 0.418714
5.2444 0.0054531739 0.419552
5.254875 0.0053950672 0.42039
5.26535 0.0053375909 0.421228
5.275825 0.005280738 0.422066
5.2863 0.0052245014 0.422904
5.296775 0.0051688743 0.423742
5.30725 0.0051138498 0.42458
5.317725 0.0050594213 0.425418
5.3282 0.0050055822 0.426256
5.338675 0.0049523257 0.427094
5.34915 0.0048996456 0.427932
5.359625 0.0048475352 0.42877
5.3701 0.0047959884 0.429608
5.380575 0.0047449988 0.430446
5.39105 0.0046945602 0.431284
5.401525 0.0046446666 0.432122
5.412 0.0045953118 0.43296
5.422475 0.0045464899 0.433798
5.43295 0.004498195 0.434636
5.443425 0.0044504212 0.435474
5.4539 0.0044031628 0.436312
5.464375 0.004356414 0.43715
5.47485 0.0043101692 0.437988
5.485325 0.0042644229 0.438826
5.4958 0.0042191694 0.439664
5.506275 0.0041744035 0.440502
5.51675 0.0041301196 0.44134
5.527225 0.0040863125 0.442178
5.5377 0.0040429769 0.443016
5.548175 0.0040001076 0.443854
5.55865 0.0039576994 0.444692
5.569125 0.0039157473 0.44553
5.5796 0.0038742462 0.446368
5.590075 0.0038331913 0.447206
5.60055 0.0037925774 0.448044
5.611025 0.0037523999 0.448882
5.6215 0.0037126539 0.44972
5.631975 0.0036733347 0.450558
5.64245 0.0036344375 0.451396
5.652925 0.0035959578 0.452234
5.6634 0.003557891 0.453072
5.673875 0.0035202324 0.45391
5.68435 0.0034829777 0.454748
5.694825 0.0034461225 0.455586
5.7053 0.0034096622 0.456424
5.715775 0.0033735927 0.457262
5.72625 0.0033379096 0.4581
5.736725 0.0033026087 0.458938
5.7472 0.0032676858 0.459776
5.757675 0.0032331368 0.460614
5.76815 0.0031989576 0.461452
5.778625 0.0031651441 0.46229
5.7891 0.0031316924 0.463128
5.799575 0.0030985985 0.463966
5.81005 0.0030658585 0.464804
5.820525 0.0030334685 0.465642
5.831 0.0030014248 0.46648
5.841475 0.0029697234 0.467318
5.85195 0.0029383608 0.468156
5.862425 0.0029073332 0.468994
5.8729 0.002876637 0.469832
5.883375 0.0028462685 0.47067
5.89385 0.0028162242 0.471508
5.904325 0.0027865005 0.472346
5.9148 0.0027570941 0.473184
5.925275 0.0027280013 0.474022
5.93575 0.0026992189 0.47486
5.946225 0.0026707434 0.475698
5.9567 0.0026425715 0.476536
5.967175 0.0026146999 0.477374
5.97765 0.0025871254 0.478212
5.988125 0.0025598447 0.47905
5.9986 0.0025328546 0.479888
6.009075 0.002506152 0.480726
6.01955 0.0024797338 0.481564
6.030025 0.0024535969 0.482402
6.0405 0.0024277382 0.48324
6.050975 0.0024021547 0.484078
6.06145 0.0023768435 0.484916
6.071925 0.0023518016 0.485754
6.0824 0.0023270261 0.486592
6.092875 0.0023025141 0.48743
6.10335 0.0022782627 0.488268
6.113825 0.0022542692 0.489106
6.1243 0.0022305307 0.489944
6.134775 0.0022070445 0.490782
6.14525 0.0021838079 0.49162
6.155725 0.0021608181 0.492458
6.1662 0.0021380726 0.493296
6.176675 0.0021155687 0.494134
6.18715 0.0020933037 0.494972
6.197625 0.0020712751 0.49581
6.2081 0.0020494803 0.496648
6.218575 0.0020279169 0.497486
6.22905 0.0020065823 0.498324
6.239525 0.0019854741 0.499162
