0 0
0.0001 0
0.0002 0
0.0003 0
0.0004 0
0.0005 0
0.0006 0
0.0007 0
0.0008 0
0.0009 0
0.001 0
0.0011 0
0.0012 0
0.0013 0
0.0014 0
0.0015 0
0.0016 0
0.0017 0
0.0018 0
0.0019 0
0.002 0
0.0021 0
0.0022 0
0.0023 0
0.0024 0
0.0025 0
0.0026 0
0.0027 0
0.0028 0
0.0029 0
0.003 0
0.0031 0
0.0032 0
0.0033 0
0.0034 0
0.0035 0
0.0036 0
0.0037 0
0.0038 0
0.0039 0
0.004 0
0.0041 0
0.0042 0
0.0043 0
0.0044 0
0.0045 0
0.0046 0
0.0047 0
0.0048 0
0.0049 0
0.005 0
0.0051 0
0.0052 0
0.0053 0
0.0054 0
0.0055 0
0.0056 0
0.0057 0
0.0058 0
0.0059 0
0.006 0
0.0061 0
0.0062 0
0.0063 0
0.0064 0
0.0065 0
0.0066 0
0.0067 0
0.0068 0
0.0069 0
0.007 0
0.0071 0
0.0072 0
0.0073 0
0.0074 0
0.0075 0
0.0076 0
0.0077 0
0.0078 0
0.0079 0
0.008 0
0.0081 0
0.0082 0
0.0083 0
0.0084 0
0.0085 0
0.0086 0
0.0087 0
0.0088 0
0.0089 0
0.009 0
0.0091 0
0.0092 0
0.0093 0
0.0094 0
0.0095 0
0.0096 0
0.0097 0
0.0098 0
0.0099 0
0.01 0
0.0101 0
0.0102 0
0.0103 0
0.0104 0
0.0105 0
0.0106 0
0.0107 0
0.0108 0
0.0109 0
0.011 0
0.0111 0
0.0112 0
0.0113 0
0.0114 0
0.0115 0
0.0116 0
0.0117 0
0.0118 0
0.0119 0
0.012 0
0.0121 0
0.0122 0
0.0123 0
0.0124 0
0.0125 0
0.0126 0
0.0127 0
0.0128 0
0.0129 0
0.013 0
0.0131 0
0.0132 0
0.0133 0
0.0134 0
0.0135 0
0.0136 0
0.0137 0
0.0138 0
0.0139 0
0.014 0
0.0141 0
0.0142 0
0.0143 0
0.0144 0
0.0145 0
0.0146 0
0.0147 0
0.0148 0
0.0149 0
0.015 0
0.0151 0
0.0152 0
0.0153 0
0.0154 0
0.0155 0
0.0156 0
0.0157 0
0.0158 0
0.0159 0
0.016 0
0.0161 0
0.0162 0
0.0163 0
0.0164 0
0.0165 0
0.0166 0
0.0167 0
0.0168 0
0.0169 0
0.017 0
0.0171 0
0.0172 0
0.0173 0
0.0174 0
0.0175 0
0.0176 0
0.0177 0
0.0178 0
0.0179 0
0.018 0
0.0181 0
0.0182 0
0.0183 0
0.0184 0
0.0185 0
0.0186 0
0.0187 0
0.0188 0
0.0189 0
0.019 0
0.0191 0
0.0192 0
0.0193 0
0.0194 0
0.0195 0
0.0196 0
0.0197 0
0.0198 0
0.0199 0
0.02 0
0.0201 0
0.0202 0
0.0203 0
0.0204 0
0.0205 0
0.0206 0
0.0207 0
0.0208 0
0.0209 0
0.021 0
0.0211 0
0.0212 0
0.0213 0
0.0214 0
0.0215 0
0.0216 0
0.0217 0
0.0218 0
0.0219 0
0.022 0
0.0221 0
0.0222 0
0.0223 0
0.0224 0
0.0225 0
0.0226 0
0.0227 0
0.0228 0
0.0229 0
0.023 0
0.0231 0
0.0232 0
0.0233 0
0.0234 0
0.0235 0
0.0236 0
0.0237 0
0.0238 0
0.0239 0
0.024 0
0.0241 0
0.0242 0
0.0243 0
0.0244 0
0.0245 0
0.0246 0
0.0247 0
0.0248 0
0.0249 0
0.025 0
0.0251 0
0.0252 0
0.0253 0
0.0254 0
0.0255 0
0.0256 0
0.0257 0
0.0258 0
0.0259 0
0.026 0
0.0261 0
0.0262 0
0.0263 0
0.0264 0
0.0265 0
0.0266 0
0.0267 0
0.0268 0
0.0269 0
0.027 0
0.0271 0
0.0272 0
0.0273 0
0.0274 0
0.0275 0
0.0276 0
0.0277 0
0.0278 0
0.0279 0
0.028 0
0.0281 0
0.0282 0
0.0283 0
0.0284 0
0.0285 0
0.0286 0
0.0287 0
0.0288 0
0.0289 0
0.029 0
0.0291 0
0.0292 0
0.0293 0
0.0294 0
0.0295 0
0.0296 0
0.0297 0
0.0298 0
0.0299 0
0.03 0
0.0301 0
0.0302 0
0.0303 0
0.0304 0
0.0305 0
0.0306 0
0.0307 0
0.0308 0
0.0309 0
0.031 0
0.0311 0
0.0312 0
0.0313 0
0.0314 0
0.0315 0
0.0316 0
0.0317 0
0.0318 0
0.0319 0
0.032 0
0.0321 0
0.0322 0
0.0323 0
0.0324 0
0.0325 0
0.0326 0
0.0327 0
0.0328 0
0.0329 0
0.033 0
0.0331 0
0.0332 0
0.0333 0
0.0334 0
0.0335 0
0.0336 0
0.0337 0
0.0338 0
0.0339 0
0.034 0
0.0341 0
0.0342 0
0.0343 0
0.0344 0
0.0345 0
0.0346 0
0.0347 0
0.0348 0
0.0349 0
0.035 0
0.0351 0
0.0352 0
0.0353 0
0.0354 0
0.0355 0
0.0356 0
0.0357 0
0.0358 0
0.0359 0
0.036 0
0.0361 0
0.0362 0
0.0363 0
0.0364 0
0.0365 0
0.0366 0
0.0367 0
0.0368 0
0.0369 0
0.037 0
0.0371 0
0.0372 0
0.0373 0
0.0374 0
0.0375 0
0.0376 0
0.0377 0
0.0378 0
0.0379 0
0.038 0
0.0381 0
0.0382 0
0.0383 0
0.0384 0
0.0385 0
0.0386 0
0.0387 0
0.0388 0
0.0389 0
0.039 0
0.0391 0
0.0392 0
0.0393 0
0.0394 0
0.0395 0
0.0396 0
0.0397 0
0.0398 0
0.0399 0
0.04 0
0.0401 0
0.0402 0
0.0403 0
0.0404 0
0.0405 0
0.0406 0
0.0407 0
0.0408 0
0.0409 0
0.041 0
0.0411 0
0.0412 0
0.0413 0
0.0414 0
0.0415 0
0.0416 0
0.0417 0
0.0418 0
0.0419 0
0.042 0
0.0421 0
0.0422 0
0.0423 0
0.0424 0
0.0425 0
0.0426 0
0.0427 0
0.0428 0
0.0429 0
0.043 0
0.0431 0
0.0432 0
0.0433 0
0.0434 0
0.0435 0
0.0436 0
0.0437 0
0.0438 0
0.0439 0
0.044 0
0.0441 0
0.0442 0
0.0443 0
0.0444 0
0.0445 0
0.0446 0
0.0447 0
0.0448 0
0.0449 0
0.045 0
0.0451 0
0.0452 0
0.0453 0
0.0454 0
0.0455 0
0.0456 0
0.0457 0
0.0458 0
0.0459 0
0.046 0
0.0461 0
0.0462 0
0.0463 0
0.0464 0
0.0465 0
0.0466 0
0.0467 0
0.0468 0
0.0469 0
0.047 0
0.0471 0
0.0472 0
0.0473 0
0.0474 0
0.0475 0
0.0476 0
0.0477 0
0.0478 0
0.0479 0
0.048 0
0.0481 0
0.0482 0
0.0483 0
0.0484 0
0.0485 0
0.0486 0
0.0487 0
0.0488 0
0.0489 0
0.049 0
0.0491 0
0.0492 0
0.0493 0
0.0494 0
0.0495 0
0.0496 0
0.0497 0
0.0498 0
0.0499 0
0.05 0
0.0501 0
0.0502 0
0.0503 0
0.0504 0
0.0505 0
0.0506 0
0.0507 0
0.0508 0
0.0509 0
0.051 0
0.0511 0
0.0512 0
0.0513 0
0.0514 0
0.0515 0
0.0516 0
0.0517 0
0.0518 0
0.0519 0
0.052 0
0.0521 0
0.0522 0
0.0523 0
0.0524 0
0.0525 0
0.0526 0
0.0527 0
0.0528 0
0.0529 0
0.053 0
0.0531 0
0.0532 0
0.0533 0
0.0534 0
0.0535 0
0.0536 0
0.0537 0
0.0538 0
0.0539 0
0.054 0
0.0541 0
0.0542 0
0.0543 0
0.0544 0
0.0545 0
0.0546 0
0.0547 0
0.0548 0
0.0549 0
0.055 0
0.0551 0
0.0552 0
0.0553 0
0.0554 0
0.0555 0
0.0556 0
0.0557 0
0.0558 0
0.0559 0
0.056 0
0.0561 0
0.0562 0
0.0563 0
0.0564 0
0.0565 0
0.0566 0
0.0567 0
0.0568 0
0.0569 0
0.057 0
0.0571 0
0.0572 0
0.0573 0
0.0574 0
0.0575 0
0.0576 0
0.0577 0
0.0578 0
0.0579 0
0.058 0
0.0581 0
0.0582 0
0.0583 0
0.0584 0
0.0585 0
0.0586 0
0.0587 0
0.0588 0
0.0589 0
0.059 0
0.0591 0
0.0592 0
0.0593 0
0.0594 0
0.0595 0
0.0596 0
0.0597 0
0.0598 0
0.0599 0
0.06 0
0.0601 0
0.0602 0
0.0603 0
0.0604 0
0.0605 0
0.0606 0
0.0607 0
0.0608 0
0.0609 0
0.061 0
0.0611 0
0.0612 0
0.0613 0
0.0614 0
0.0615 0
0.0616 0
0.0617 0
0.0618 0
0.0619 0
0.062 0
0.0621 0
0.0622 0
0.0623 0
0.0624 0
0.0625 0
0.0626 0
0.0627 0
0.0628 0
0.0629 0
0.063 0
0.0631 0
0.0632 0
0.0633 0
0.0634 0
0.0635 0
0.0636 0
0.0637 0
0.0638 0
0.0639 0
0.064 0
0.0641 0
0.0642 0
0.0643 0
0.0644 0
0.0645 0
0.0646 0
0.0647 0
0.0648 0
0.0649 0
0.065 0
0.0651 0
0.0652 0
0.0653 0
0.0654 0
0.0655 0
0.0656 0
0.0657 0
0.0658 0
0.0659 0
0.066 0
0.0661 0
0.0662 0
0.0663 0
0.0664 0
0.0665 0
0.0666 0
0.0667 0
0.0668 0
0.0669 0
0.067 0
0.0671 0
0.0672 0
0.0673 0
0.0674 0
0.0675 0
0.0676 0
0.0677 0
0.0678 0
0.0679 0
0.068 0
0.0681 0
0.0682 0
0.0683 0
0.0684 0
0.0685 0
0.0686 0
0.0687 0
0.0688 0
0.0689 0
0.069 0
0.0691 0
0.0692 0
0.0693 0
0.0694 0
0.0695 0
0.0696 0
0.0697 0
0.0698 0
0.0699 0
0.07 0
0.0701 0
0.0702 0
0.0703 0
0.0704 0
0.0705 0
0.0706 0
0.0707 0
0.0708 0
0.0709 0
0.071 0
0.0711 0
0.0712 0
0.0713 0
0.0714 0
0.0715 0
0.0716 0
0.0717 0
0.0718 0
0.0719 0
0.072 0
0.0721 0
0.0722 0
0.0723 0
0.0724 0
0.0725 0
0.0726 0
0.0727 0
0.0728 0
0.0729 0
0.073 0
0.0731 0
0.0732 0
0.0733 0
0.0734 0
0.0735 0
0.0736 0
0.0737 0
0.0738 0
0.0739 0
0.074 0
0.0741 0
0.0742 0
0.0743 0
0.0744 0
0.0745 0
0.0746 0
0.0747 0
0.0748 0
0.0749 0
0.075 0
0.0751 0
0.0752 0
0.0753 0
0.0754 0
0.0755 0
0.0756 0
0.0757 0
0.0758 0
0.0759 0
0.076 0
0.0761 0
0.0762 0
0.0763 0
0.0764 0
0.0765 0
0.0766 0
0.0767 0
0.0768 0
0.0769 0
0.077 0
0.0771 0
0.0772 0
0.0773 0
0.0774 0
0.0775 0
0.0776 0
0.0777 0
0.0778 0
0.0779 0
0.078 0
0.0781 0
0.0782 0
0.0783 0
0.0784 0
0.0785 0
0.0786 0
0.0787 0
0.0788 0
0.0789 0
0.079 0
0.0791 0
0.0792 0
0.0793 0
0.0794 0
0.0795 0
0.0796 0
0.0797 0
0.0798 0
0.0799 0
0.08 0
0.0801 0
0.0802 0
0.0803 0
0.0804 0
0.0805 0
0.0806 0
0.0807 0
0.0808 0
0.0809 0
0.081 0
0.0811 0
0.0812 0
0.0813 0
0.0814 0
0.0815 0
0.0816 0
0.0817 0
0.0818 0
0.0819 0
0.082 0
0.0821 0
0.0822 0
0.0823 0
0.0824 0
0.0825 0
0.0826 0
0.0827 0
0.0828 0
0.0829 0
0.083 0
0.0831 0
0.0832 0
0.0833 0
0.0834 0
0.0835 0
0.0836 0
0.0837 0
0.0838 0
0.0839 0
0.084 0
0.0841 0
0.0842 0
0.0843 0
0.0844 0
0.0845 0
0.0846 0
0.0847 0
0.0848 0
0.0849 0
0.085 0
0.0851 0
0.0852 0
0.0853 0
0.0854 0
0.0855 0
0.0856 0
0.0857 0
0.0858 0
0.0859 0
0.086 0
0.0861 0
0.0862 0
0.0863 0
0.0864 0
0.0865 0
0.0866 0
0.0867 0
0.0868 0
0.0869 0
0.087 0
0.0871 0
0.0872 0
0.0873 0
0.0874 0
0.0875 0
0.0876 0
0.0877 0
0.0878 0
0.0879 0
0.088 0
0.0881 0
0.0882 0
0.0883 0
0.0884 0
0.0885 0
0.0886 0
0.0887 0
0.0888 0
0.0889 0
0.089 0
0.0891 0
0.0892 0
0.0893 0
0.0894 0
0.0895 0
0.0896 0
0.0897 0
0.0898 0
0.0899 0
0.09 0
0.0901 0
0.0902 0
0.0903 0
0.0904 0
0.0905 0
0.0906 0
0.0907 0
0.0908 0
0.0909 0
0.091 0
0.0911 0
0.0912 0
0.0913 0
0.0914 0
0.0915 0
0.0916 0
0.0917 0
0.0918 0
0.0919 0
0.092 0
0.0921 0
0.0922 0
0.0923 0
0.0924 0
0.0925 0
0.0926 0
0.0927 0
0.0928 0
0.0929 0
0.093 0
0.0931 0
0.0932 0
0.0933 0
0.0934 0
0.0935 0
0.0936 0
0.0937 0
0.0938 0
0.0939 0
0.094 0
0.0941 0
0.0942 0
0.0943 0
0.0944 0
0.0945 0
0.0946 0
0.0947 0
0.0948 0
0.0949 0
0.095 0
0.0951 0
0.0952 0
0.0953 0
0.0954 0
0.0955 0
0.0956 0
0.0957 0
0.0958 0
0.0959 0
0.096 0
0.0961 0
0.0962 0
0.0963 0
0.0964 0
0.0965 0
0.0966 0
0.0967 0
0.0968 0
0.0969 0
0.097 0
0.0971 0
0.0972 0
0.0973 0
0.0974 0
0.0975 0
0.0976 0
0.0977 0
0.0978 0
0.0979 0
0.098 0
0.0981 0
0.0982 0
0.0983 0
0.0984 0
0.0985 0
0.0986 0
0.0987 0
0.0988 0
0.0989 0
0.099 0
0.0991 0
0.0992 0
0.0993 0
0.0994 0
0.0995 0
0.0996 0
0.0997 0
0.0998 0
0.0999 0
0.1 0
0.1001 0
0.1002 0
0.1003 0
0.1004 0
0.1005 0
0.1006 0
0.1007 0
0.1008 0
0.1009 0
0.101 0
0.1011 0
0.1012 0
0.1013 0
0.1014 0
0.1015 0
0.1016 0
0.1017 0
0.1018 0
0.1019 0
0.102 0
0.1021 0
0.1022 0
0.1023 0
0.1024 0
0.1025 0
0.1026 0
0.1027 0
0.1028 0
0.1029 0
0.103 0
0.1031 0
0.1032 0
0.1033 0
0.1034 0
0.1035 0
0.1036 0
0.1037 0
0.1038 0
0.1039 0
0.104 0
0.1041 0
0.1042 0
0.1043 0
0.1044 0
0.1045 0
0.1046 0
0.1047 0
0.1048 0
0.1049 0
0.105 0
0.1051 0
0.1052 0
0.1053 0
0.1054 0
0.1055 0
0.1056 0
0.1057 0
0.1058 0
0.1059 0
0.106 0
0.1061 0
0.1062 0
0.1063 0
0.1064 0
0.1065 0
0.1066 0
0.1067 0
0.1068 0
0.1069 0
0.107 0
0.1071 0
0.1072 0
0.1073 0
0.1074 0
0.1075 0
0.1076 0
0.1077 0
0.1078 0
0.1079 0
0.108 0
0.1081 0
0.1082 0
0.1083 0
0.1084 0
0.1085 0
0.1086 0
0.1087 0
0.1088 0
0.1089 0
0.109 0
0.1091 0
0.1092 0
0.1093 0
0.1094 0
0.1095 0
0.1096 0
0.1097 0
0.1098 0
0.1099 0
0.11 0
0.1101 0
0.1102 0
0.1103 0
0.1104 0
0.1105 0
0.1106 0
0.1107 0
0.1108 0
0.1109 0
0.111 0
0.1111 0
0.1112 0
0.1113 0
0.1114 0
0.1115 0
0.1116 0
0.1117 0
0.1118 0
0.1119 0
0.112 0
0.1121 0
0.1122 0
0.1123 0
0.1124 0
0.1125 0
0.1126 0
0.1127 0
0.1128 0
0.1129 0
0.113 0
0.1131 0
0.1132 0
0.1133 0
0.1134 0
0.1135 0
0.1136 0
0.1137 0
0.1138 0
0.1139 0
0.114 0
0.1141 0
0.1142 0
0.1143 0
0.1144 0
0.1145 0
0.1146 0
0.1147 0
0.1148 0
0.1149 0
0.115 0
0.1151 0
0.1152 0
0.1153 0
0.1154 0
0.1155 0
0.1156 0
0.1157 0
0.1158 0
0.1159 0
0.116 0
0.1161 0
0.1162 0
0.1163 0
0.1164 0
0.1165 0
0.1166 0
0.1167 0
0.1168 0
0.1169 0
0.117 0
0.1171 0
0.1172 0
0.1173 0
0.1174 0
0.1175 0
0.1176 0
0.1177 0
0.1178 0
0.1179 0
0.118 0
0.1181 0
0.1182 0
0.1183 0
0.1184 0
0.1185 0
0.1186 0
0.1187 0
0.1188 0
0.1189 0
0.119 0
0.1191 0
0.1192 0
0.1193 0
0.1194 0
0.1195 0
0.1196 0
0.1197 0
0.1198 0
0.1199 0
0.12 0
0.1201 0
0.1202 0
0.1203 0
0.1204 0
0.1205 0
0.1206 0
0.1207 0
0.1208 0
0.1209 0
0.121 0
0.1211 0
0.1212 0
0.1213 0
0.1214 0
0.1215 0
0.1216 0
0.1217 0
0.1218 0
0.1219 0
0.122 0
0.1221 0
0.1222 0
0.1223 0
0.1224 0
0.1225 0
0.1226 0
0.1227 0
0.1228 0
0.1229 0
0.123 0
0.1231 0
0.1232 0
0.1233 0
0.1234 0
0.1235 0
0.1236 0
0.1237 0
0.1238 0
0.1239 0
0.124 0
0.1241 0
0.1242 0
0.1243 0
0.1244 0
0.1245 0
0.1246 0
0.1247 0
0.1248 0
0.1249 0
0.125 0
0.1251 0
0.1252 0
0.1253 0
0.1254 0
0.1255 0
0.1256 0
0.1257 0
0.1258 0
0.1259 0
0.126 0
0.1261 0
0.1262 0
0.1263 0
0.1264 0
0.1265 0
0.1266 0
0.1267 0
0.1268 0
0.1269 0
0.127 0
0.1271 0
0.1272 0
0.1273 0
0.1274 0
0.1275 0
0.1276 0
0.1277 0
0.1278 0
0.1279 0
0.128 0
0.1281 0
0.1282 0
0.1283 0
0.1284 0
0.1285 0
0.1286 0
0.1287 0
0.1288 0
0.1289 0
0.129 0
0.1291 0
0.1292 0
0.1293 0
0.1294 0
0.1295 0
0.1296 0
0.1297 0
0.1298 0
0.1299 0
0.13 0
0.1301 0
0.1302 0
0.1303 0
0.1304 0
0.1305 0
0.1306 0
0.1307 0
0.1308 0
0.1309 0
0.131 0
0.1311 0
0.1312 0
0.1313 0
0.1314 0
0.1315 0
0.1316 0
0.1317 0
0.1318 0
0.1319 0
0.132 0
0.1321 0
0.1322 0
0.1323 0
0.1324 0
0.1325 0
0.1326 0
0.1327 0
0.1328 0
0.1329 0
0.133 0
0.1331 0
0.1332 0
0.1333 0
0.1334 0
0.1335 0
0.1336 0
0.1337 0
0.1338 0
0.1339 0
0.134 0
0.1341 0
0.1342 0
0.1343 0
0.1344 0
0.1345 0
0.1346 0
0.1347 0
0.1348 0
0.1349 0
0.135 0
0.1351 0
0.1352 0
0.1353 0
0.1354 0
0.1355 0
0.1356 0
0.1357 0
0.1358 0
0.1359 0
0.136 0
0.1361 0
0.1362 0
0.1363 0
0.1364 0
0.1365 0
0.1366 0
0.1367 0
0.1368 0
0.1369 0
0.137 0
0.1371 0
0.1372 0
0.1373 0
0.1374 0
0.1375 0
0.1376 0
0.1377 0
0.1378 0
0.1379 0
0.138 0
0.1381 0
0.1382 0
0.1383 0
0.1384 0
0.1385 0
0.1386 0
0.1387 0
0.1388 0
0.1389 0
0.139 0
0.1391 0
0.1392 0
0.1393 0
0.1394 0
0.1395 0
0.1396 0
0.1397 0
0.1398 0
0.1399 0
0.14 0
0.1401 0
0.1402 0
0.1403 0
0.1404 0
0.1405 0
0.1406 0
0.1407 0
0.1408 0
0.1409 0
0.141 0
0.1411 0
0.1412 0
0.1413 0
0.1414 0
0.1415 0
0.1416 0
0.1417 0
0.1418 0
0.1419 0
0.142 0
0.1421 0
0.1422 0
0.1423 0
0.1424 0
0.1425 0
0.1426 0
0.1427 0
0.1428 0
0.1429 0
0.143 0
0.1431 0
0.1432 0
0.1433 0
0.1434 0
0.1435 0
0.1436 0
0.1437 0
0.1438 0
0.1439 0
0.144 0
0.1441 0
0.1442 0
0.1443 0
0.1444 0
0.1445 0
0.1446 0
0.1447 0
0.1448 0
0.1449 0
0.145 0
0.1451 0
0.1452 0
0.1453 0
0.1454 0
0.1455 0
0.1456 0
0.1457 0
0.1458 0
0.1459 0
0.146 0
0.1461 0
0.1462 0
0.1463 0
0.1464 0
0.1465 0
0.1466 0
0.1467 0
0.1468 0
0.1469 0
0.147 0
0.1471 0
0.1472 0
0.1473 0
0.1474 0
0.1475 0
0.1476 0
0.1477 0
0.1478 0
0.1479 0
0.148 0
0.1481 0
0.1482 0
0.1483 0
0.1484 0
0.1485 0
0.1486 0
0.1487 0
0.1488 0
0.1489 0
0.149 0
0.1491 0
0.1492 0
0.1493 0
0.1494 0
0.1495 0
0.1496 0
0.1497 0
0.1498 0
0.1499 0
0.15 0
0.1501 0
0.1502 0
0.1503 0
0.1504 0
0.1505 0
0.1506 0
0.1507 0
0.1508 0
0.1509 0
0.151 0
0.1511 0
0.1512 0
0.1513 0
0.1514 0
0.1515 0
0.1516 0
0.1517 0
0.1518 0
0.1519 0
0.152 0
0.1521 0
0.1522 0
0.1523 0
0.1524 0
0.1525 0
0.1526 0
0.1527 0
0.1528 0
0.1529 0
0.153 0
0.1531 0
0.1532 0
0.1533 0
0.1534 0
0.1535 0
0.1536 0
0.1537 0
0.1538 0
0.1539 0
0.154 0
0.1541 0
0.1542 0
0.1543 0
0.1544 0
0.1545 0
0.1546 0
0.1547 0
0.1548 0
0.1549 0
0.155 0
0.1551 0
0.1552 0
0.1553 0
0.1554 0
0.1555 0
0.1556 0
0.1557 0
0.1558 0
0.1559 0
0.156 0
0.1561 0
0.1562 0
0.1563 0
0.1564 0
0.1565 0
0.1566 0
0.1567 0
0.1568 0
0.1569 0
0.157 0
0.1571 0
0.1572 0
0.1573 0
0.1574 0
0.1575 0
0.1576 0
0.1577 0
0.1578 0
0.1579 0
0.158 0
0.1581 0
0.1582 0
0.1583 0
0.1584 0
0.1585 0
0.1586 0
0.1587 0
0.1588 0
0.1589 0
0.159 0
0.1591 0
0.1592 0
0.1593 0
0.1594 0
0.1595 0
0.1596 0
0.1597 0
0.1598 0
0.1599 0
0.16 0
0.1601 0
0.1602 0
0.1603 0
0.1604 0
0.1605 0
0.1606 0
0.1607 0
0.1608 0
0.1609 0
0.161 0
0.1611 0
0.1612 0
0.1613 0
0.1614 0
0.1615 0
0.1616 0
0.1617 0
0.1618 0
0.1619 0
0.162 0
0.1621 0
0.1622 0
0.1623 0
0.1624 0
0.1625 0
0.1626 0
0.1627 0
0.1628 0
0.1629 0
0.163 0
0.1631 0
0.1632 0
0.1633 0
0.1634 0
0.1635 0
0.1636 0
0.1637 0
0.1638 0
0.1639 0
0.164 0
0.1641 0
0.1642 0
0.1643 0
0.1644 0
0.1645 0
0.1646 0
0.1647 0
0.1648 0
0.1649 0
0.165 0
0.1651 0
0.1652 0
0.1653 0
0.1654 0
0.1655 0
0.1656 0
0.1657 0
0.1658 0
0.1659 0
0.166 0
0.1661 0
0.1662 0
0.1663 0
0.1664 0
0.1665 0
0.1666 0
0.1667 0
0.1668 0
0.1669 0
0.167 0
0.1671 0
0.1672 0
0.1673 0
0.1674 0
0.1675 0
0.1676 0
0.1677 0
0.1678 0
0.1679 0
0.168 0
0.1681 0
0.1682 0
0.1683 0
0.1684 0
0.1685 0
0.1686 0
0.1687 0
0.1688 0
0.1689 0
0.169 0
0.1691 0
0.1692 0
0.1693 0
0.1694 0
0.1695 0
0.1696 0
0.1697 0
0.1698 0
0.1699 0
0.17 0
0.1701 0
0.1702 0
0.1703 0
0.1704 0
0.1705 0
0.1706 0
0.1707 0
0.1708 0
0.1709 0
0.171 0
0.1711 0
0.1712 0
0.1713 0
0.1714 0
0.1715 0
0.1716 0
0.1717 0
0.1718 0
0.1719 0
0.172 0
0.1721 0
0.1722 0
0.1723 0
0.1724 0
0.1725 0
0.1726 0
0.1727 0
0.1728 0
0.1729 0
0.173 0
0.1731 0
0.1732 0
0.1733 0
0.1734 0
0.1735 0
0.1736 0
0.1737 0
0.1738 0
0.1739 0
0.174 0
0.1741 0
0.1742 0
0.1743 0
0.1744 0
0.1745 2.20553e+006
0.1746 4.28026e+007
0.1747 8.74169e+007
0.1748 9.11668e+007
0.1749 3.6644e+007
0.175 -4.20862e+007
0.1751 -8.77293e+007
0.1752 -7.37509e+007
0.1753 -3.03394e+007
0.1754 -893.047
0.1755 -914.322
0.1756 -935.596
0.1757 -956.869
0.1758 -978.142
0.1759 -999.413
0.176 -1020.68
0.1761 -1041.95
0.1762 -1063.22
0.1763 -1084.49
0.1764 -1105.76
0.1765 -1127.03
0.1766 -1148.29
0.1767 -1169.56
0.1768 -1190.82
0.1769 -1212.08
0.177 -1233.34
0.1771 -1254.6
0.1772 -1275.86
0.1773 -1297.12
0.1774 -1318.38
0.1775 -1339.64
0.1776 -1360.89
0.1777 -1382.15
0.1778 -1403.4
0.1779 -1424.65
0.178 -1445.9
0.1781 -1467.15
0.1782 -1488.4
0.1783 -1509.65
0.1784 -1530.89
0.1785 -1552.14
0.1786 -1573.38
0.1787 -1594.62
0.1788 -1615.86
0.1789 -1637.1
0.179 -1658.34
0.1791 -1679.58
0.1792 -1700.81
0.1793 -1722.05
0.1794 -1743.28
0.1795 -1764.51
0.1796 -1785.74
0.1797 -1806.97
0.1798 -1828.2
0.1799 -1849.42
0.18 -1870.65
0.1801 -1891.87
0.1802 -1913.09
0.1803 -1934.31
0.1804 -1955.53
0.1805 -1976.74
0.1806 -1997.96
0.1807 -2019.17
0.1808 -2040.38
0.1809 -2061.59
0.181 -2082.8
0.1811 -2104
0.1812 -2125.21
0.1813 -2146.41
0.1814 -2167.61
0.1815 -2188.81
0.1816 -2210.01
0.1817 -2231.21
0.1818 -2252.4
0.1819 -2273.59
0.182 -2294.78
0.1821 -2315.97
0.1822 -2337.16
0.1823 -2358.34
0.1824 -2379.52
0.1825 -2400.7
0.1826 -2421.88
0.1827 -2443.06
0.1828 -2464.23
0.1829 -2485.4
0.183 -2506.58
0.1831 -2527.74
0.1832 -2548.91
0.1833 -2570.07
0.1834 -2591.24
0.1835 -2612.4
0.1836 -2633.55
0.1837 -2654.71
0.1838 -2675.86
0.1839 -2697.02
0.184 -2718.16
0.1841 -2739.31
0.1842 -2760.46
0.1843 -2781.6
0.1844 -2802.74
0.1845 -2823.88
0.1846 -2845.01
0.1847 -2866.15
0.1848 -2887.28
0.1849 -2908.41
0.185 -2929.53
0.1851 -2950.66
0.1852 -2971.78
0.1853 -2992.9
0.1854 -3014.01
0.1855 -3035.13
0.1856 -3056.24
0.1857 -3077.35
0.1858 -3098.45
0.1859 -3119.56
0.186 -3140.66
0.1861 -3161.76
0.1862 -3182.86
0.1863 -3203.95
0.1864 -3225.04
0.1865 -3246.13
0.1866 -3267.22
0.1867 -3288.3
0.1868 -3309.38
0.1869 -3330.46
0.187 -3351.53
0.1871 -3372.6
0.1872 -3393.67
0.1873 -3414.74
0.1874 -3435.8
0.1875 -3456.87
0.1876 -3477.92
0.1877 -3498.98
0.1878 -3520.03
0.1879 -3541.08
0.188 -3562.13
0.1881 -3583.17
0.1882 -3604.21
0.1883 -3625.25
0.1884 -3646.29
0.1885 -3667.32
0.1886 -3688.35
0.1887 -3709.38
0.1888 -3730.4
0.1889 -3751.42
0.189 -3772.44
0.1891 -3793.45
0.1892 -3814.46
0.1893 -3835.47
0.1894 -3856.47
0.1895 -3877.48
0.1896 -3898.47
0.1897 -3919.47
0.1898 -3940.46
0.1899 -3961.45
0.19 -3982.43
0.1901 -4003.42
0.1902 -4024.4
0.1903 -4045.37
0.1904 -4066.34
0.1905 -4087.31
0.1906 -4108.28
0.1907 -4129.24
0.1908 -4150.2
0.1909 -4171.16
0.191 -4192.11
0.1911 -4213.06
0.1912 -4234
0.1913 -4254.94
0.1914 -4275.88
0.1915 -4296.82
0.1916 -4317.75
0.1917 -4338.68
0.1918 -4359.6
0.1919 -4380.52
0.192 -4401.44
0.1921 -4422.35
0.1922 -4443.26
0.1923 -4464.17
0.1924 -4485.07
0.1925 -4505.97
0.1926 -4526.87
0.1927 -4547.76
0.1928 -4568.65
0.1929 -4589.53
0.193 -4610.41
0.1931 -4631.29
0.1932 -4652.16
0.1933 -4673.03
0.1934 -4693.89
0.1935 -4714.76
0.1936 -4735.61
0.1937 -4756.47
0.1938 -4777.32
0.1939 -4798.16
0.194 -4819
0.1941 -4839.84
0.1942 -4860.68
0.1943 -4881.51
0.1944 -4902.33
0.1945 -4923.15
0.1946 -4943.97
0.1947 -4964.79
0.1948 -4985.6
0.1949 -5006.4
0.195 -5027.21
0.1951 -5048
0.1952 -5068.8
0.1953 -5089.59
0.1954 -5110.37
0.1955 -5131.15
0.1956 -5151.93
0.1957 -5172.7
0.1958 -5193.47
0.1959 -5214.24
0.196 -5235
0.1961 -5255.75
0.1962 -5276.5
0.1963 -5297.25
0.1964 -5317.99
0.1965 -5338.73
0.1966 -5359.46
0.1967 -5380.19
0.1968 -5400.92
0.1969 -5421.64
0.197 -5442.36
0.1971 -5463.07
0.1972 -5483.78
0.1973 -5504.48
0.1974 -5525.18
0.1975 -5545.87
0.1976 -5566.56
0.1977 -5587.25
0.1978 -5607.93
0.1979 -5628.6
0.198 -5649.28
0.1981 -5669.94
0.1982 -5690.6
0.1983 -5711.26
0.1984 -5731.91
0.1985 -5752.56
0.1986 -5773.21
0.1987 -5793.84
0.1988 -5814.48
0.1989 -5835.11
0.199 -5855.73
0.1991 -5876.35
0.1992 -5896.97
0.1993 -5917.58
0.1994 -5938.18
0.1995 -5958.78
0.1996 -5979.38
0.1997 -5999.97
0.1998 -6020.55
0.1999 -6041.13
0.2 -6061.71
0.2001 -6082.28
0.2002 -6102.85
0.2003 -6123.41
0.2004 -6143.96
0.2005 -6164.51
0.2006 -6185.06
0.2007 -6205.6
0.2008 -6226.14
0.2009 -6246.67
0.201 -6267.19
0.2011 -6287.71
0.2012 -6308.23
0.2013 -6328.74
0.2014 -6349.24
0.2015 -6369.74
0.2016 -6390.24
0.2017 -6410.73
0.2018 -6431.21
0.2019 -6451.69
0.202 -6472.16
0.2021 -6492.63
0.2022 -6513.09
0.2023 -6533.55
0.2024 -6554
0.2025 -6574.45
0.2026 -6594.89
0.2027 -6615.33
0.2028 -6635.76
0.2029 -6656.18
0.203 -6676.6
0.2031 -6697.02
0.2032 -6717.43
0.2033 -6737.83
0.2034 -6758.23
0.2035 -6778.62
0.2036 -6799.01
0.2037 -6819.39
0.2038 -6839.77
0.2039 -6860.14
0.204 -6880.5
0.2041 -6900.86
0.2042 -6921.21
0.2043 -6941.56
0.2044 -6961.9
0.2045 -6982.24
0.2046 -7002.57
0.2047 -7022.89
0.2048 -7043.21
0.2049 -7063.53
0.205 -7083.84
0.2051 -7104.14
0.2052 -7124.43
0.2053 -7144.72
0.2054 -7165.01
0.2055 -7185.29
0.2056 -7205.56
0.2057 -7225.83
0.2058 -7246.09
0.2059 -7266.34
0.206 -7286.59
0.2061 -7306.83
0.2062 -7327.07
0.2063 -7347.3
0.2064 -7367.53
0.2065 -7387.75
0.2066 -7407.96
0.2067 -7428.17
0.2068 -7448.37
0.2069 -7468.56
0.207 -7488.75
0.2071 -7508.93
0.2072 -7529.11
0.2073 -7549.28
0.2074 -7569.45
0.2075 -7589.6
0.2076 -7609.75
0.2077 -7629.9
0.2078 -7650.04
0.2079 -7670.17
0.208 -7690.3
0.2081 -7710.42
0.2082 -7730.53
0.2083 -7750.64
0.2084 -7770.74
0.2085 -7790.84
0.2086 -7810.93
0.2087 -7831.01
0.2088 -7851.09
0.2089 -7871.16
0.209 -7891.22
0.2091 -7911.28
0.2092 -7931.33
0.2093 -7951.37
0.2094 -7971.41
0.2095 -7991.44
0.2096 -8011.46
0.2097 -8031.48
0.2098 -8051.49
0.2099 -8071.5
0.21 -8091.5
0.2101 -8111.49
0.2102 -8131.47
0.2103 -8151.45
0.2104 -8171.42
0.2105 -8191.39
0.2106 -8211.34
0.2107 -8231.3
0.2108 -8251.24
0.2109 -8271.18
0.211 -8291.11
0.2111 -8311.03
0.2112 -8330.95
0.2113 -8350.86
0.2114 -8370.77
0.2115 -8390.66
0.2116 -8410.56
0.2117 -8430.44
0.2118 -8450.32
0.2119 -8470.19
0.212 -8490.05
0.2121 -8509.9
0.2122 -8529.75
0.2123 -8549.59
0.2124 -8569.43
0.2125 -8589.26
0.2126 -8609.08
0.2127 -8628.89
0.2128 -8648.7
0.2129 -8668.5
0.213 -8688.29
0.2131 -8708.08
0.2132 -8727.86
0.2133 -8747.63
0.2134 -8767.39
0.2135 -8787.15
0.2136 -8806.9
0.2137 -8826.64
0.2138 -8846.38
0.2139 -8866.1
0.214 -8885.83
0.2141 -8905.54
0.2142 -8925.25
0.2143 -8944.94
0.2144 -8964.64
0.2145 -8984.32
0.2146 -9004
0.2147 -9023.67
0.2148 -9043.33
0.2149 -9062.99
0.215 -9082.63
0.2151 -9102.27
0.2152 -9121.91
0.2153 -9141.53
0.2154 -9161.15
0.2155 -9180.76
0.2156 -9200.36
0.2157 -9219.96
0.2158 -9239.55
0.2159 -9259.13
0.216 -9278.7
0.2161 -9298.26
0.2162 -9317.82
0.2163 -9337.37
0.2164 -9356.91
0.2165 -9376.45
0.2166 -9395.98
0.2167 -9415.5
0.2168 -9435.01
0.2169 -9454.51
0.217 -9474.01
0.2171 -9493.5
0.2172 -9512.98
0.2173 -9532.45
0.2174 -9551.92
0.2175 -9571.37
0.2176 -9590.82
0.2177 -9610.26
0.2178 -9629.7
0.2179 -9649.12
0.218 -9668.54
0.2181 -9687.95
0.2182 -9707.35
0.2183 -9726.75
0.2184 -9746.14
0.2185 -9765.51
0.2186 -9784.88
0.2187 -9804.25
0.2188 -9823.6
0.2189 -9842.95
0.219 -9862.29
0.2191 -9881.62
0.2192 -9900.94
0.2193 -9920.25
0.2194 -9939.56
0.2195 -9958.86
0.2196 -9978.15
0.2197 -9997.43
0.2198 -10016.7
0.2199 -10036
0.22 -10055.2
0.2201 -10074.5
0.2202 -10093.7
0.2203 -10112.9
0.2204 -10132.2
0.2205 -10151.4
0.2206 -10170.6
0.2207 -10189.8
0.2208 -10209
0.2209 -10228.2
0.221 -10247.3
0.2211 -10266.5
0.2212 -10285.7
0.2213 -10304.8
0.2214 -10324
0.2215 -10343.1
0.2216 -10362.2
0.2217 -10381.3
0.2218 -10400.4
0.2219 -10419.5
0.222 -10438.6
0.2221 -10457.7
0.2222 -10476.8
0.2223 -10495.8
0.2224 -10514.9
0.2225 -10533.9
0.2226 -10553
0.2227 -10572
0.2228 -10591
0.2229 -10610
0.223 -10629
0.2231 -10648
0.2232 -10667
0.2233 -10686
0.2234 -10705
0.2235 -10723.9
0.2236 -10742.9
0.2237 -10761.8
0.2238 -10780.8
0.2239 -10799.7
0.224 -10818.6
0.2241 -10837.5
0.2242 -10856.4
0.2243 -10875.3
0.2244 -10894.2
0.2245 -10913.1
0.2246 -10931.9
0.2247 -10950.8
0.2248 -10969.6
0.2249 -10988.5
0.225 -11007.3
0.2251 -11026.1
0.2252 -11044.9
0.2253 -11063.7
0.2254 -11082.5
0.2255 -11101.3
0.2256 -11120.1
0.2257 -11138.8
0.2258 -11157.6
0.2259 -11176.3
0.226 -11195.1
0.2261 -11213.8
0.2262 -11232.5
0.2263 -11251.2
0.2264 -11269.9
0.2265 -11288.6
0.2266 -11307.3
0.2267 -11326
0.2268 -11344.6
0.2269 -11363.3
0.227 -11381.9
0.2271 -11400.6
0.2272 -11419.2
0.2273 -11437.8
0.2274 -11456.4
0.2275 -11475
0.2276 -11493.6
0.2277 -11512.2
0.2278 -11530.7
0.2279 -11549.3
0.228 -11567.9
0.2281 -11586.4
0.2282 -11604.9
0.2283 -11623.5
0.2284 -11642
0.2285 -11660.5
0.2286 -11679
0.2287 -11697.4
0.2288 -11715.9
0.2289 -11734.4
0.229 -11752.8
0.2291 -11771.3
0.2292 -11789.7
0.2293 -11808.2
0.2294 -11826.6
0.2295 -11845
0.2296 -11863.4
0.2297 -11881.8
0.2298 -11900.1
0.2299 -11918.5
0.23 -11936.9
0.2301 -11955.2
0.2302 -11973.6
0.2303 -11991.9
0.2304 -12010.2
0.2305 -12028.5
0.2306 -12046.8
0.2307 -12065.1
0.2308 -12083.4
0.2309 -12101.7
0.231 -12119.9
0.2311 -12138.2
0.2312 -12156.4
0.2313 -12174.6
0.2314 -12192.9
0.2315 -12211.1
0.2316 -12229.3
0.2317 -12247.5
0.2318 -12265.7
0.2319 -12283.8
0.232 -12302
0.2321 -12320.1
0.2322 -12338.3
0.2323 -12356.4
0.2324 -12374.5
0.2325 -12392.6
0.2326 -12410.7
0.2327 -12428.8
0.2328 -12446.9
0.2329 -12465
0.233 -12483
0.2331 -12501.1
0.2332 -12519.1
0.2333 -12537.2
0.2334 -12555.2
0.2335 -12573.2
0.2336 -12591.2
0.2337 -12609.2
0.2338 -12627.2
0.2339 -12645.1
0.234 -12663.1
0.2341 -12681
0.2342 -12699
0.2343 -12716.9
0.2344 -12734.8
0.2345 -12752.7
0.2346 -12770.6
0.2347 -12788.5
0.2348 -12806.4
0.2349 -12824.2
0.235 -12842.1
0.2351 -12859.9
0.2352 -12877.8
0.2353 -12895.6
0.2354 -12913.4
0.2355 -12931.2
0.2356 -12949
0.2357 -12966.8
0.2358 -12984.5
0.2359 -13002.3
0.236 -13020
0.2361 -13037.8
0.2362 -13055.5
0.2363 -13073.2
0.2364 -13090.9
0.2365 -13108.6
0.2366 -13126.3
0.2367 -13144
0.2368 -13161.6
0.2369 -13179.3
0.237 -13196.9
0.2371 -13214.6
0.2372 -13232.2
0.2373 -13249.8
0.2374 -13267.4
0.2375 -13285
0.2376 -13302.5
0.2377 -13320.1
0.2378 -13337.7
0.2379 -13355.2
0.238 -13372.7
0.2381 -13390.3
0.2382 -13407.8
0.2383 -13425.3
0.2384 -13442.8
0.2385 -13460.2
0.2386 -13477.7
0.2387 -13495.2
0.2388 -13512.6
0.2389 -13530
0.239 -13547.5
0.2391 -13564.9
0.2392 -13582.3
0.2393 -13599.7
0.2394 -13617
0.2395 -13634.4
0.2396 -13651.8
0.2397 -13669.1
0.2398 -13686.4
0.2399 -13703.8
0.24 -13721.1
0.2401 -13738.4
0.2402 -13755.7
0.2403 -13772.9
0.2404 -13790.2
0.2405 -13807.5
0.2406 -13824.7
0.2407 -13841.9
0.2408 -13859.2
0.2409 -13876.4
0.241 -13893.6
0.2411 -13910.8
0.2412 -13927.9
0.2413 -13945.1
0.2414 -13962.2
0.2415 -13979.4
0.2416 -13996.5
0.2417 -14013.6
0.2418 -14030.7
0.2419 -14047.8
0.242 -14064.9
0.2421 -14082
0.2422 -14099.1
0.2423 -14116.1
0.2424 -14133.1
0.2425 -14150.2
0.2426 -14167.2
0.2427 -14184.2
0.2428 -14201.2
0.2429 -14218.2
0.243 -14235.1
0.2431 -14252.1
0.2432 -14269
0.2433 -14286
0.2434 -14302.9
0.2435 -14319.8
0.2436 -14336.7
0.2437 -14353.6
0.2438 -14370.5
0.2439 -14387.3
0.244 -14404.2
0.2441 -14421
0.2442 -14437.8
0.2443 -14454.7
0.2444 -14471.5
0.2445 -14488.3
0.2446 -14505
0.2447 -14521.8
0.2448 -14538.6
0.2449 -14555.3
0.245 -14572
0.2451 -14588.8
0.2452 -14605.5
0.2453 -14622.2
0.2454 -14638.9
0.2455 -14655.5
0.2456 -14672.2
0.2457 -14688.8
0.2458 -14705.5
0.2459 -14722.1
0.246 -14738.7
0.2461 -14755.3
0.2462 -14771.9
0.2463 -14788.5
0.2464 -14805.1
0.2465 -14821.6
0.2466 -14838.2
0.2467 -14854.7
0.2468 -14871.2
0.2469 -14887.7
0.247 -14904.2
0.2471 -14920.7
0.2472 -14937.2
0.2473 -14953.6
0.2474 -14970.1
0.2475 -14986.5
0.2476 -15002.9
0.2477 -15019.3
0.2478 -15035.7
0.2479 -15052.1
0.248 -15068.5
0.2481 -15084.8
0.2482 -15101.2
0.2483 -15117.5
0.2484 -15133.8
0.2485 -15150.1
0.2486 -15166.4
0.2487 -15182.7
0.2488 -15199
0.2489 -15215.2
0.249 -15231.5
0.2491 -15247.7
0.2492 -15263.9
0.2493 -15280.2
0.2494 -15296.4
0.2495 -15312.5
0.2496 -15328.7
0.2497 -15344.9
0.2498 -15361
0.2499 -15377.1
0.25 -15393.3
0.2501 -15409.4
0.2502 -15425.5
0.2503 -15441.6
0.2504 -15457.6
0.2505 -15473.7
0.2506 -15489.7
0.2507 -15505.8
0.2508 -15521.8
0.2509 -15537.8
0.251 -15553.8
0.2511 -15569.8
0.2512 -15585.8
0.2513 -15601.7
0.2514 -15617.7
0.2515 -15633.6
0.2516 -15649.5
0.2517 -15665.4
0.2518 -15681.3
0.2519 -15697.2
0.252 -15713.1
0.2521 -15728.9
0.2522 -15744.8
0.2523 -15760.6
0.2524 -15776.4
0.2525 -15792.2
0.2526 -15808
0.2527 -15823.8
0.2528 -15839.5
0.2529 -15855.3
0.253 -15871
0.2531 -15886.8
0.2532 -15902.5
0.2533 -15918.2
0.2534 -15933.9
0.2535 -15949.5
0.2536 -15965.2
0.2537 -15980.8
0.2538 -15996.5
0.2539 -16012.1
0.254 -16027.7
0.2541 -16043.3
0.2542 -16058.9
0.2543 -16074.4
0.2544 -16090
0.2545 -16105.5
0.2546 -16121.1
0.2547 -16136.6
0.2548 -16152.1
0.2549 -16167.6
0.255 -16183.1
0.2551 -16198.5
0.2552 -16214
0.2553 -16229.4
0.2554 -16244.8
0.2555 -16260.3
0.2556 -16275.7
0.2557 -16291
0.2558 -16306.4
0.2559 -16321.8
0.256 -16337.1
0.2561 -16352.4
0.2562 -16367.8
0.2563 -16383.1
0.2564 -16398.4
0.2565 -16413.6
0.2566 -16428.9
0.2567 -16444.2
0.2568 -16459.4
0.2569 -16474.6
0.257 -16489.8
0.2571 -16505
0.2572 -16520.2
0.2573 -16535.4
0.2574 -16550.5
0.2575 -16565.7
0.2576 -16580.8
0.2577 -16595.9
0.2578 -16611
0.2579 -16626.1
0.258 -16641.2
0.2581 -16656.3
0.2582 -16671.3
0.2583 -16686.3
0.2584 -16701.4
0.2585 -16716.4
0.2586 -16731.4
0.2587 -16746.3
0.2588 -16761.3
0.2589 -16776.3
0.259 -16791.2
0.2591 -16806.1
0.2592 -16821
0.2593 -16835.9
0.2594 -16850.8
0.2595 -16865.7
0.2596 -16880.5
0.2597 -16895.4
0.2598 -16910.2
0.2599 -16925
0.26 -16939.8
0.2601 -16954.6
0.2602 -16969.4
0.2603 -16984.1
0.2604 -16998.9
0.2605 -17013.6
0.2606 -17028.3
0.2607 -17043
0.2608 -17057.7
0.2609 -17072.4
0.261 -17087.1
0.2611 -17101.7
0.2612 -17116.4
0.2613 -17131
0.2614 -17145.6
0.2615 -17160.2
0.2616 -17174.8
0.2617 -17189.3
0.2618 -17203.9
0.2619 -17218.4
0.262 -17232.9
0.2621 -17247.4
0.2622 -17261.9
0.2623 -17276.4
0.2624 -17290.9
0.2625 -17305.3
0.2626 -17319.8
0.2627 -17334.2
0.2628 -17348.6
0.2629 -17363
0.263 -17377.4
0.2631 -17391.7
0.2632 -17406.1
0.2633 -17420.4
0.2634 -17434.8
0.2635 -17449.1
0.2636 -17463.4
0.2637 -17477.6
0.2638 -17491.9
0.2639 -17506.2
0.264 -17520.4
0.2641 -17534.6
0.2642 -17548.8
0.2643 -17563
0.2644 -17577.2
0.2645 -17591.4
0.2646 -17605.5
0.2647 -17619.7
0.2648 -17633.8
0.2649 -17647.9
0.265 -17662
0.2651 -17676.1
0.2652 -17690.2
0.2653 -17704.2
0.2654 -17718.2
0.2655 -17732.3
0.2656 -17746.3
0.2657 -17760.3
0.2658 -17774.2
0.2659 -17788.2
0.266 -17802.2
0.2661 -17816.1
0.2662 -17830
0.2663 -17843.9
0.2664 -17857.8
0.2665 -17871.7
0.2666 -17885.6
0.2667 -17899.4
0.2668 -17913.2
0.2669 -17927.1
0.267 -17940.9
0.2671 -17954.6
0.2672 -17968.4
0.2673 -17982.2
0.2674 -17995.9
0.2675 -18009.7
0.2676 -18023.4
0.2677 -18037.1
0.2678 -18050.8
0.2679 -18064.4
0.268 -18078.1
0.2681 -18091.7
0.2682 -18105.4
0.2683 -18119
0.2684 -18132.6
0.2685 -18146.2
0.2686 -18159.7
0.2687 -18173.3
0.2688 -18186.8
0.2689 -18200.3
0.269 -18213.9
0.2691 -18227.3
0.2692 -18240.8
0.2693 -18254.3
0.2694 -18267.7
0.2695 -18281.2
0.2696 -18294.6
0.2697 -18308
0.2698 -18321.4
0.2699 -18334.8
0.27 -18348.1
0.2701 -18361.5
0.2702 -18374.8
0.2703 -18388.1
0.2704 -18401.4
0.2705 -18414.7
0.2706 -18428
0.2707 -18441.2
0.2708 -18454.5
0.2709 -18467.7
0.271 -18480.9
0.2711 -18494.1
0.2712 -18507.3
0.2713 -18520.4
0.2714 -18533.6
0.2715 -18546.7
0.2716 -18559.8
0.2717 -18572.9
0.2718 -18586
0.2719 -18599.1
0.272 -18612.2
0.2721 -18625.2
0.2722 -18638.2
0.2723 -18651.2
0.2724 -18664.2
0.2725 -18677.2
0.2726 -18690.2
0.2727 -18703.1
0.2728 -18716.1
0.2729 -18729
0.273 -18741.9
0.2731 -18754.8
0.2732 -18767.7
0.2733 -18780.5
0.2734 -18793.4
0.2735 -18806.2
0.2736 -18819
0.2737 -18831.8
0.2738 -18844.6
0.2739 -18857.4
0.274 -18870.1
0.2741 -18882.9
0.2742 -18895.6
0.2743 -18908.3
0.2744 -18921
0.2745 -18933.6
0.2746 -18946.3
0.2747 -18958.9
0.2748 -18971.6
0.2749 -18984.2
0.275 -18996.8
0.2751 -19009.4
0.2752 -19021.9
0.2753 -19034.5
0.2754 -19047
0.2755 -19059.5
0.2756 -19072
0.2757 -19084.5
0.2758 -19097
0.2759 -19109.5
0.276 -19121.9
0.2761 -19134.3
0.2762 -19146.7
0.2763 -19159.1
0.2764 -19171.5
0.2765 -19183.9
0.2766 -19196.2
0.2767 -19208.6
0.2768 -19220.9
0.2769 -19233.2
0.277 -19245.5
0.2771 -19257.7
0.2772 -19270
0.2773 -19282.2
0.2774 -19294.5
0.2775 -19306.7
0.2776 -19318.8
0.2777 -19331
0.2778 -19343.2
0.2779 -19355.3
0.278 -19367.5
0.2781 -19379.6
0.2782 -19391.7
0.2783 -19403.7
0.2784 -19415.8
0.2785 -19427.9
0.2786 -19439.9
0.2787 -19451.9
0.2788 -19463.9
0.2789 -19475.9
0.279 -19487.9
0.2791 -19499.8
0.2792 -19511.8
0.2793 -19523.7
0.2794 -19535.6
0.2795 -19547.5
0.2796 -19559.3
0.2797 -19571.2
0.2798 -19583
0.2799 -19594.9
0.28 -19606.7
0.2801 -19618.5
0.2802 -19630.2
0.2803 -19642
0.2804 -19653.8
0.2805 -19665.5
0.2806 -19677.2
0.2807 -19688.9
0.2808 -19700.6
0.2809 -19712.2
0.281 -19723.9
0.2811 -19735.5
0.2812 -19747.1
0.2813 -19758.7
0.2814 -19770.3
0.2815 -19781.9
0.2816 -19793.4
0.2817 -19805
0.2818 -19816.5
0.2819 -19828
0.282 -19839.5
0.2821 -19851
0.2822 -19862.4
0.2823 -19873.9
0.2824 -19885.3
0.2825 -19896.7
0.2826 -19908.1
0.2827 -19919.4
0.2828 -19930.8
0.2829 -19942.1
0.283 -19953.5
0.2831 -19964.8
0.2832 -19976.1
0.2833 -19987.3
0.2834 -19998.6
0.2835 -20009.9
0.2836 -20021.1
0.2837 -20032.3
0.2838 -20043.5
0.2839 -20054.7
0.284 -20065.8
0.2841 -20077
0.2842 -20088.1
0.2843 -20099.2
0.2844 -20110.3
0.2845 -20121.4
0.2846 -20132.4
0.2847 -20143.5
0.2848 -20154.5
0.2849 -20165.5
0.285 -20176.5
0.2851 -20187.5
0.2852 -20198.5
0.2853 -20209.4
0.2854 -20220.4
0.2855 -20231.3
0.2856 -20242.2
0.2857 -20253.1
0.2858 -20263.9
0.2859 -20274.8
0.286 -20285.6
0.2861 -20296.4
0.2862 -20307.2
0.2863 -20318
0.2864 -20328.8
0.2865 -20339.5
0.2866 -20350.2
0.2867 -20361
0.2868 -20371.7
0.2869 -20382.3
0.287 -20393
0.2871 -20403.7
0.2872 -20414.3
0.2873 -20424.9
0.2874 -20435.5
0.2875 -20446.1
0.2876 -20456.7
0.2877 -20467.2
0.2878 -20477.7
0.2879 -20488.3
0.288 -20498.8
0.2881 -20509.2
0.2882 -20519.7
0.2883 -20530.2
0.2884 -20540.6
0.2885 -20551
0.2886 -20561.4
0.2887 -20571.8
0.2888 -20582.1
0.2889 -20592.5
0.289 -20602.8
0.2891 -20613.1
0.2892 -20623.4
0.2893 -20633.7
0.2894 -20644
0.2895 -20654.2
0.2896 -20664.5
0.2897 -20674.7
0.2898 -20684.9
0.2899 -20695.1
0.29 -20705.2
0.2901 -20715.4
0.2902 -20725.5
0.2903 -20735.6
0.2904 -20745.7
0.2905 -20755.8
0.2906 -20765.8
0.2907 -20775.9
0.2908 -20785.9
0.2909 -20795.9
0.291 -20805.9
0.2911 -20815.9
0.2912 -20825.8
0.2913 -20835.8
0.2914 -20845.7
0.2915 -20855.6
0.2916 -20865.5
0.2917 -20875.4
0.2918 -20885.2
0.2919 -20895.1
0.292 -20904.9
0.2921 -20914.7
0.2922 -20924.5
0.2923 -20934.3
0.2924 -20944
0.2925 -20953.8
0.2926 -20963.5
0.2927 -20973.2
0.2928 -20982.9
0.2929 -20992.5
0.293 -21002.2
0.2931 -21011.8
0.2932 -21021.5
0.2933 -21031.1
0.2934 -21040.6
0.2935 -21050.2
0.2936 -21059.8
0.2937 -21069.3
0.2938 -21078.8
0.2939 -21088.3
0.294 -21097.8
0.2941 -21107.2
0.2942 -21116.7
0.2943 -21126.1
0.2944 -21135.5
0.2945 -21144.9
0.2946 -21154.3
0.2947 -21163.7
0.2948 -21173
0.2949 -21182.3
0.295 -21191.6
0.2951 -21200.9
0.2952 -21210.2
0.2953 -21219.4
0.2954 -21228.7
0.2955 -21237.9
0.2956 -21247.1
0.2957 -21256.3
0.2958 -21265.5
0.2959 -21274.6
0.296 -21283.8
0.2961 -21292.9
0.2962 -21302
0.2963 -21311
0.2964 -21320.1
0.2965 -21329.2
0.2966 -21338.2
0.2967 -21347.2
0.2968 -21356.2
0.2969 -21365.2
0.297 -21374.1
0.2971 -21383.1
0.2972 -21392
0.2973 -21400.9
0.2974 -21409.8
0.2975 -21418.7
0.2976 -21427.5
0.2977 -21436.4
0.2978 -21445.2
0.2979 -21454
0.298 -21462.8
0.2981 -21471.5
0.2982 -21480.3
0.2983 -21489
0.2984 -21497.7
0.2985 -21506.4
0.2986 -21515.1
0.2987 -21523.8
0.2988 -21532.4
0.2989 -21541.1
0.299 -21549.7
0.2991 -21558.3
0.2992 -21566.8
0.2993 -21575.4
0.2994 -21583.9
0.2995 -21592.4
0.2996 -21600.9
0.2997 -21609.4
0.2998 -21617.9
0.2999 -21626.4
0.3 -21634.8
0.3001 -21643.2
0.3002 -21651.6
0.3003 -21660
0.3004 -21668.3
0.3005 -21676.7
0.3006 -21685
0.3007 -21693.3
0.3008 -21701.6
0.3009 -21709.9
0.301 -21718.1
0.3011 -21726.4
0.3012 -21734.6
0.3013 -21742.8
0.3014 -21751
0.3015 -21759.2
0.3016 -21767.3
0.3017 -21775.4
0.3018 -21783.6
0.3019 -21791.7
0.302 -21799.7
0.3021 -21807.8
0.3022 -21815.8
0.3023 -21823.9
0.3024 -21831.9
0.3025 -21839.9
0.3026 -21847.8
0.3027 -21855.8
0.3028 -21863.7
0.3029 -21871.6
0.303 -21879.5
0.3031 -21887.4
0.3032 -21895.3
0.3033 -21903.1
0.3034 -21911
0.3035 -21918.8
0.3036 -21926.6
0.3037 -21934.3
0.3038 -21942.1
0.3039 -21949.8
0.304 -21957.6
0.3041 -21965.3
0.3042 -21972.9
0.3043 -21980.6
0.3044 -21988.3
0.3045 -21995.9
0.3046 -22003.5
0.3047 -22011.1
0.3048 -22018.7
0.3049 -22026.2
0.305 -22033.8
0.3051 -22041.3
0.3052 -22048.8
0.3053 -22056.3
0.3054 -22063.8
0.3055 -22071.2
0.3056 -22078.7
0.3057 -22086.1
0.3058 -22093.5
0.3059 -22100.9
0.306 -22108.2
0.3061 -22115.6
0.3062 -22122.9
0.3063 -22130.2
0.3064 -22137.5
0.3065 -22144.8
0.3066 -22152
0.3067 -22159.2
0.3068 -22166.5
0.3069 -22173.7
0.307 -22180.8
0.3071 -22188
0.3072 -22195.1
0.3073 -22202.3
0.3074 -22209.4
0.3075 -22216.5
0.3076 -22223.5
0.3077 -22230.6
0.3078 -22237.6
0.3079 -22244.6
0.308 -22251.6
0.3081 -22258.6
0.3082 -22265.6
0.3083 -22272.5
0.3084 -22279.5
0.3085 -22286.4
0.3086 -22293.3
0.3087 -22300.1
0.3088 -22307
0.3089 -22313.8
0.309 -22320.6
0.3091 -22327.4
0.3092 -22334.2
0.3093 -22341
0.3094 -22347.7
0.3095 -22354.5
0.3096 -22361.2
0.3097 -22367.9
0.3098 -22374.5
0.3099 -22381.2
0.31 -22387.8
0.3101 -22394.4
0.3102 -22401
0.3103 -22407.6
0.3104 -22414.2
0.3105 -22420.7
0.3106 -22427.2
0.3107 -22433.7
0.3108 -22440.2
0.3109 -22446.7
0.311 -22453.2
0.3111 -22459.6
0.3112 -22466
0.3113 -22472.4
0.3114 -22478.8
0.3115 -22485.1
0.3116 -22491.5
0.3117 -22497.8
0.3118 -22504.1
0.3119 -22510.4
0.312 -22516.7
0.3121 -22522.9
0.3122 -22529.2
0.3123 -22535.4
0.3124 -22541.6
0.3125 -22547.7
0.3126 -22553.9
0.3127 -22560
0.3128 -22566.2
0.3129 -22572.3
0.313 -22578.3
0.3131 -22584.4
0.3132 -22590.5
0.3133 -22596.5
0.3134 -22602.5
0.3135 -22608.5
0.3136 -22614.5
0.3137 -22620.4
0.3138 -22626.4
0.3139 -22632.3
0.314 -22638.2
0.3141 -22644.1
0.3142 -22649.9
0.3143 -22655.8
0.3144 -22661.6
0.3145 -22667.4
0.3146 -22673.2
0.3147 -22678.9
0.3148 -22684.7
0.3149 -22690.4
0.315 -22696.1
0.3151 -22701.8
0.3152 -22707.5
0.3153 -22713.2
0.3154 -22718.8
0.3155 -22724.4
0.3156 -22730
0.3157 -22735.6
0.3158 -22741.2
0.3159 -22746.7
0.316 -22752.3
0.3161 -22757.8
0.3162 -22763.3
0.3163 -22768.8
0.3164 -22774.2
0.3165 -22779.6
0.3166 -22785.1
0.3167 -22790.5
0.3168 -22795.8
0.3169 -22801.2
0.317 -22806.5
0.3171 -22811.9
0.3172 -22817.2
0.3173 -22822.5
0.3174 -22827.7
0.3175 -22833
0.3176 -22838.2
0.3177 -22843.4
0.3178 -22848.6
0.3179 -22853.8
0.318 -22859
0.3181 -22864.1
0.3182 -22869.2
0.3183 -22874.3
0.3184 -22879.4
0.3185 -22884.5
0.3186 -22889.5
0.3187 -22894.5
0.3188 -22899.5
0.3189 -22904.5
0.319 -22909.5
0.3191 -22914.4
0.3192 -22919.4
0.3193 -22924.3
0.3194 -22929.2
0.3195 -22934.1
0.3196 -22938.9
0.3197 -22943.8
0.3198 -22948.6
0.3199 -22953.4
0.32 -22958.2
0.3201 -22962.9
0.3202 -22967.7
0.3203 -22972.4
0.3204 -22977.1
0.3205 -22981.8
0.3206 -22986.5
0.3207 -22991.1
0.3208 -22995.7
0.3209 -23000.4
0.321 -23005
0.3211 -23009.5
0.3212 -23014.1
0.3213 -23018.6
0.3214 -23023.1
0.3215 -23027.6
0.3216 -23032.1
0.3217 -23036.6
0.3218 -23041
0.3219 -23045.5
0.322 -23049.9
0.3221 -23054.3
0.3222 -23058.6
0.3223 -23063
0.3224 -23067.3
0.3225 -23071.6
0.3226 -23075.9
0.3227 -23080.2
0.3228 -23084.4
0.3229 -23088.7
0.323 -23092.9
0.3231 -23097.1
0.3232 -23101.3
0.3233 -23105.4
0.3234 -23109.6
0.3235 -23113.7
0.3236 -23117.8
0.3237 -23121.9
0.3238 -23126
0.3239 -23130
0.324 -23134.1
0.3241 -23138.1
0.3242 -23142.1
0.3243 -23146
0.3244 -23150
0.3245 -23153.9
0.3246 -23157.8
0.3247 -23161.7
0.3248 -23165.6
0.3249 -23169.5
0.325 -23173.3
0.3251 -23177.1
0.3252 -23180.9
0.3253 -23184.7
0.3254 -23188.5
0.3255 -23192.2
0.3256 -23196
0.3257 -23199.7
0.3258 -23203.4
0.3259 -23207
0.326 -23210.7
0.3261 -23214.3
0.3262 -23217.9
0.3263 -23221.5
0.3264 -23225.1
0.3265 -23228.7
0.3266 -23232.2
0.3267 -23235.7
0.3268 -23239.2
0.3269 -23242.7
0.327 -23246.2
0.3271 -23249.6
0.3272 -23253
0.3273 -23256.4
0.3274 -23259.8
0.3275 -23263.2
0.3276 -23266.5
0.3277 -23269.9
0.3278 -23273.2
0.3279 -23276.5
0.328 -23279.7
0.3281 -23283
0.3282 -23286.2
0.3283 -23289.4
0.3284 -23292.6
0.3285 -23295.8
0.3286 -23299
0.3287 -23302.1
0.3288 -23305.2
0.3289 -23308.3
0.329 -23311.4
0.3291 -23314.5
0.3292 -23317.5
0.3293 -23320.5
0.3294 -23323.5
0.3295 -23326.5
0.3296 -23329.5
0.3297 -23332.4
0.3298 -23335.4
0.3299 -23338.3
0.33 -23341.2
0.3301 -23344
0.3302 -23346.9
0.3303 -23349.7
0.3304 -23352.5
0.3305 -23355.3
0.3306 -23358.1
0.3307 -23360.9
0.3308 -23363.6
0.3309 -23366.3
0.331 -23369
0.3311 -23371.7
0.3312 -23374.4
0.3313 -23377
0.3314 -23379.6
0.3315 -23382.3
0.3316 -23384.8
0.3317 -23387.4
0.3318 -23390
0.3319 -23392.5
0.332 -23395
0.3321 -23397.5
0.3322 -23400
0.3323 -23402.4
0.3324 -23404.8
0.3325 -23407.3
0.3326 -23409.7
0.3327 -23412
0.3328 -23414.4
0.3329 -23416.7
0.333 -23419
0.3331 -23421.3
0.3332 -23423.6
0.3333 -23425.9
0.3334 -23428.1
0.3335 -23430.3
0.3336 -23432.5
0.3337 -23434.7
0.3338 -23436.9
0.3339 -23439
0.334 -23441.2
0.3341 -23443.3
0.3342 -23445.4
0.3343 -23447.4
0.3344 -23449.5
0.3345 -23451.5
0.3346 -23453.5
0.3347 -23455.5
0.3348 -23457.5
0.3349 -23459.5
0.335 -23461.4
0.3351 -23463.3
0.3352 -23465.2
0.3353 -23467.1
0.3354 -23468.9
0.3355 -23470.8
0.3356 -23472.6
0.3357 -23474.4
0.3358 -23476.2
0.3359 -23478
0.336 -23479.7
0.3361 -23481.4
0.3362 -23483.1
0.3363 -23484.8
0.3364 -23486.5
0.3365 -23488.1
0.3366 -23489.8
0.3367 -23491.4
0.3368 -23493
0.3369 -23494.5
0.337 -23496.1
0.3371 -23497.6
0.3372 -23499.1
0.3373 -23500.6
0.3374 -23502.1
0.3375 -23503.6
0.3376 -23505
0.3377 -23506.4
0.3378 -23507.8
0.3379 -23509.2
0.338 -23510.6
0.3381 -23511.9
0.3382 -23513.2
0.3383 -23514.5
0.3384 -23515.8
0.3385 -23517.1
0.3386 -23518.3
0.3387 -23519.5
0.3388 -23520.7
0.3389 -23521.9
0.339 -23523.1
0.3391 -23524.3
0.3392 -23525.4
0.3393 -23526.5
0.3394 -23527.6
0.3395 -23528.7
0.3396 -23529.7
0.3397 -23530.7
0.3398 -23531.8
0.3399 -23532.8
0.34 -23533.7
0.3401 -23534.7
0.3402 -23535.6
0.3403 -23536.5
0.3404 -23537.4
0.3405 -23538.3
0.3406 -23539.2
0.3407 -23540
0.3408 -23540.9
0.3409 -23541.7
0.341 -23542.4
0.3411 -23543.2
0.3412 -23543.9
0.3413 -23544.7
0.3414 -23545.4
0.3415 -23546.1
0.3416 -23546.7
0.3417 -23547.4
0.3418 -23548
0.3419 -23548.6
0.342 -23549.2
0.3421 -23549.8
0.3422 -23550.3
0.3423 -23550.9
0.3424 -23551.4
0.3425 -23551.9
0.3426 -23552.4
0.3427 -23552.8
0.3428 -23553.3
0.3429 -23553.7
0.343 -23554.1
0.3431 -23554.5
0.3432 -23554.8
0.3433 -23555.2
0.3434 -23555.5
0.3435 -23555.8
0.3436 -23556.1
0.3437 -23556.3
0.3438 -23556.6
0.3439 -23556.8
0.344 -23557
0.3441 -23557.2
0.3442 -23557.4
0.3443 -23557.5
0.3444 -23557.7
0.3445 -23557.8
0.3446 -23557.9
0.3447 -23557.9
0.3448 -23558
0.3449 -23558
0.345 -23558
0.3451 -23558
0.3452 -23558
0.3453 -23558
0.3454 -23557.9
0.3455 -23557.8
0.3456 -23557.7
0.3457 -23557.6
0.3458 -23557.5
0.3459 -23557.3
0.346 -23557.1
0.3461 -23556.9
0.3462 -23556.7
0.3463 -23556.5
0.3464 -23556.2
0.3465 -23556
0.3466 -23555.7
0.3467 -23555.4
0.3468 -23555
0.3469 -23554.7
0.347 -23554.3
0.3471 -23553.9
0.3472 -23553.5
0.3473 -23553.1
0.3474 -23552.6
0.3475 -23552.2
0.3476 -23551.7
0.3477 -23551.2
0.3478 -23550.6
0.3479 -23550.1
0.348 -23549.5
0.3481 -23549
0.3482 -23548.4
0.3483 -23547.7
0.3484 -23547.1
0.3485 -23546.4
0.3486 -23545.8
0.3487 -23545.1
0.3488 -23544.4
0.3489 -23543.6
0.349 -23542.9
0.3491 -23542.1
0.3492 -23541.3
0.3493 -23540.5
0.3494 -23539.7
0.3495 -23538.8
0.3496 -23537.9
0.3497 -23537
0.3498 -23536.1
0.3499 -23535.2
0.35 -23534.3
0.3501 -23533.3
0.3502 -23532.3
0.3503 -23531.3
0.3504 -23530.3
0.3505 -23529.2
0.3506 -23528.2
0.3507 -23527.1
0.3508 -23526
0.3509 -23524.9
0.351 -23523.7
0.3511 -23522.6
0.3512 -23521.4
0.3513 -23520.2
0.3514 -23519
0.3515 -23517.8
0.3516 -23516.5
0.3517 -23515.2
0.3518 -23513.9
0.3519 -23512.6
0.352 -23511.3
0.3521 -23510
0.3522 -23508.6
0.3523 -23507.2
0.3524 -23505.8
0.3525 -23504.4
0.3526 -23502.9
0.3527 -23501.5
0.3528 -23500
0.3529 -23498.5
0.353 -23496.9
0.3531 -23495.4
0.3532 -23493.8
0.3533 -23492.3
0.3534 -23490.7
0.3535 -23489
0.3536 -23487.4
0.3537 -23485.7
0.3538 -23484.1
0.3539 -23482.4
0.354 -23480.7
0.3541 -23478.9
0.3542 -23477.2
0.3543 -23475.4
0.3544 -23473.6
0.3545 -23471.8
0.3546 -23470
0.3547 -23468.1
0.3548 -23466.3
0.3549 -23464.4
0.355 -23462.5
0.3551 -23460.5
0.3552 -23458.6
0.3553 -23456.6
0.3554 -23454.6
0.3555 -23452.6
0.3556 -23450.6
0.3557 -23448.6
0.3558 -23446.5
0.3559 -23444.4
0.356 -23442.3
0.3561 -23440.2
0.3562 -23438.1
0.3563 -23435.9
0.3564 -23433.8
0.3565 -23431.6
0.3566 -23429.4
0.3567 -23427.1
0.3568 -23424.9
0.3569 -23422.6
0.357 -23420.3
0.3571 -23418
0.3572 -23415.7
0.3573 -23413.3
0.3574 -23411
0.3575 -23408.6
0.3576 -23406.2
0.3577 -23403.8
0.3578 -23401.3
0.3579 -23398.9
0.358 -23396.4
0.3581 -23393.9
0.3582 -23391.4
0.3583 -23388.8
0.3584 -23386.3
0.3585 -23383.7
0.3586 -23381.1
0.3587 -23378.5
0.3588 -23375.9
0.3589 -23373.2
0.359 -23370.5
0.3591 -23367.8
0.3592 -23365.1
0.3593 -23362.4
0.3594 -23359.7
0.3595 -23356.9
0.3596 -23354.1
0.3597 -23351.3
0.3598 -23348.5
0.3599 -23345.6
0.36 -23342.8
0.3601 -23339.9
0.3602 -23337
0.3603 -23334.1
0.3604 -23331.1
0.3605 -23328.2
0.3606 -23325.2
0.3607 -23322.2
0.3608 -23319.2
0.3609 -23316.2
0.361 -23313.1
0.3611 -23310
0.3612 -23306.9
0.3613 -23303.8
0.3614 -23300.7
0.3615 -23297.6
0.3616 -23294.4
0.3617 -23291.2
0.3618 -23288
0.3619 -23284.8
0.362 -23281.5
0.3621 -23278.3
0.3622 -23275
0.3623 -23271.7
0.3624 -23268.4
0.3625 -23265
0.3626 -23261.7
0.3627 -23258.3
0.3628 -23254.9
0.3629 -23251.5
0.363 -23248.1
0.3631 -23244.6
0.3632 -23241.2
0.3633 -23237.7
0.3634 -23234.2
0.3635 -23230.6
0.3636 -23227.1
0.3637 -23223.5
0.3638 -23219.9
0.3639 -23216.3
0.364 -23212.7
0.3641 -23209.1
0.3642 -23205.4
0.3643 -23201.7
0.3644 -23198
0.3645 -23194.3
0.3646 -23190.6
0.3647 -23186.8
0.3648 -23183
0.3649 -23179.3
0.365 -23175.4
0.3651 -23171.6
0.3652 -23167.8
0.3653 -23163.9
0.3654 -23160
0.3655 -23156.1
0.3656 -23152.2
0.3657 -23148.2
0.3658 -23144.3
0.3659 -23140.3
0.366 -23136.3
0.3661 -23132.3
0.3662 -23128.2
0.3663 -23124.2
0.3664 -23120.1
0.3665 -23116
0.3666 -23111.9
0.3667 -23107.8
0.3668 -23103.6
0.3669 -23099.4
0.367 -23095.2
0.3671 -23091
0.3672 -23086.8
0.3673 -23082.6
0.3674 -23078.3
0.3675 -23074
0.3676 -23069.7
0.3677 -23065.4
0.3678 -23061.1
0.3679 -23056.7
0.368 -23052.3
0.3681 -23047.9
0.3682 -23043.5
0.3683 -23039.1
0.3684 -23034.6
0.3685 -23030.1
0.3686 -23025.7
0.3687 -23021.1
0.3688 -23016.6
0.3689 -23012.1
0.369 -23007.5
0.3691 -23002.9
0.3692 -22998.3
0.3693 -22993.7
0.3694 -22989.1
0.3695 -22984.4
0.3696 -22979.7
0.3697 -22975
0.3698 -22970.3
0.3699 -22965.6
0.37 -22960.8
0.3701 -22956
0.3702 -22951.3
0.3703 -22946.4
0.3704 -22941.6
0.3705 -22936.8
0.3706 -22931.9
0.3707 -22927
0.3708 -22922.1
0.3709 -22917.2
0.371 -22912.2
0.3711 -22907.3
0.3712 -22902.3
0.3713 -22897.3
0.3714 -22892.3
0.3715 -22887.3
0.3716 -22882.2
0.3717 -22877.1
0.3718 -22872.1
0.3719 -22866.9
0.372 -22861.8
0.3721 -22856.7
0.3722 -22851.5
0.3723 -22846.3
0.3724 -22841.1
0.3725 -22835.9
0.3726 -22830.7
0.3727 -22825.4
0.3728 -22820.1
0.3729 -22814.8
0.373 -22809.5
0.3731 -22804.2
0.3732 -22798.8
0.3733 -22793.5
0.3734 -22788.1
0.3735 -22782.7
0.3736 -22777.2
0.3737 -22771.8
0.3738 -22766.3
0.3739 -22760.8
0.374 -22755.3
0.3741 -22749.8
0.3742 -22744.3
0.3743 -22738.7
0.3744 -22733.2
0.3745 -22727.6
0.3746 -22722
0.3747 -22716.3
0.3748 -22710.7
0.3749 -22705
0.375 -22699.3
0.3751 -22693.6
0.3752 -22687.9
0.3753 -22682.2
0.3754 -22676.4
0.3755 -22670.6
0.3756 -22664.8
0.3757 -22659
0.3758 -22653.2
0.3759 -22647.3
0.376 -22641.4
0.3761 -22635.6
0.3762 -22629.6
0.3763 -22623.7
0.3764 -22617.8
0.3765 -22611.8
0.3766 -22605.8
0.3767 -22599.8
0.3768 -22593.8
0.3769 -22587.8
0.377 -22581.7
0.3771 -22575.6
0.3772 -22569.6
0.3773 -22563.4
0.3774 -22557.3
0.3775 -22551.2
0.3776 -22545
0.3777 -22538.8
0.3778 -22532.6
0.3779 -22526.4
0.378 -22520.2
0.3781 -22513.9
0.3782 -22507.6
0.3783 -22501.3
0.3784 -22495
0.3785 -22488.7
0.3786 -22482.3
0.3787 -22476
0.3788 -22469.6
0.3789 -22463.2
0.379 -22456.7
0.3791 -22450.3
0.3792 -22443.8
0.3793 -22437.4
0.3794 -22430.9
0.3795 -22424.4
0.3796 -22417.8
0.3797 -22411.3
0.3798 -22404.7
0.3799 -22398.1
0.38 -22391.5
0.3801 -22384.9
0.3802 -22378.2
0.3803 -22371.6
0.3804 -22364.9
0.3805 -22358.2
0.3806 -22351.5
0.3807 -22344.7
0.3808 -22338
0.3809 -22331.2
0.381 -22324.4
0.3811 -22317.6
0.3812 -22310.8
0.3813 -22304
0.3814 -22297.1
0.3815 -22290.2
0.3816 -22283.3
0.3817 -22276.4
0.3818 -22269.5
0.3819 -22262.5
0.382 -22255.5
0.3821 -22248.5
0.3822 -22241.5
0.3823 -22234.5
0.3824 -22227.5
0.3825 -22220.4
0.3826 -22213.3
0.3827 -22206.2
0.3828 -22199.1
0.3829 -22192
0.383 -22184.8
0.3831 -22177.7
0.3832 -22170.5
0.3833 -22163.3
0.3834 -22156
0.3835 -22148.8
0.3836 -22141.5
0.3837 -22134.3
0.3838 -22127
0.3839 -22119.6
0.384 -22112.3
0.3841 -22105
0.3842 -22097.6
0.3843 -22090.2
0.3844 -22082.8
0.3845 -22075.4
0.3846 -22067.9
0.3847 -22060.5
0.3848 -22053
0.3849 -22045.5
0.385 -22038
0.3851 -22030.4
0.3852 -22022.9
0.3853 -22015.3
0.3854 -22007.7
0.3855 -22000.1
0.3856 -21992.5
0.3857 -21984.9
0.3858 -21977.2
0.3859 -21969.5
0.386 -21961.9
0.3861 -21954.1
0.3862 -21946.4
0.3863 -21938.7
0.3864 -21930.9
0.3865 -21923.1
0.3866 -21915.3
0.3867 -21907.5
0.3868 -21899.7
0.3869 -21891.8
0.387 -21883.9
0.3871 -21876
0.3872 -21868.1
0.3873 -21860.2
0.3874 -21852.3
0.3875 -21844.3
0.3876 -21836.3
0.3877 -21828.3
0.3878 -21820.3
0.3879 -21812.3
0.388 -21804.2
0.3881 -21796.2
0.3882 -21788.1
0.3883 -21780
0.3884 -21771.8
0.3885 -21763.7
0.3886 -21755.5
0.3887 -21747.4
0.3888 -21739.2
0.3889 -21731
0.389 -21722.7
0.3891 -21714.5
0.3892 -21706.2
0.3893 -21697.9
0.3894 -21689.6
0.3895 -21681.3
0.3896 -21673
0.3897 -21664.6
0.3898 -21656.3
0.3899 -21647.9
0.39 -21639.5
0.3901 -21631.1
0.3902 -21622.6
0.3903 -21614.2
0.3904 -21605.7
0.3905 -21597.2
0.3906 -21588.7
0.3907 -21580.1
0.3908 -21571.6
0.3909 -21563
0.391 -21554.4
0.3911 -21545.8
0.3912 -21537.2
0.3913 -21528.6
0.3914 -21519.9
0.3915 -21511.3
0.3916 -21502.6
0.3917 -21493.9
0.3918 -21485.2
0.3919 -21476.4
0.392 -21467.7
0.3921 -21458.9
0.3922 -21450.1
0.3923 -21441.3
0.3924 -21432.5
0.3925 -21423.6
0.3926 -21414.7
0.3927 -21405.9
0.3928 -21397
0.3929 -21388
0.393 -21379.1
0.3931 -21370.2
0.3932 -21361.2
0.3933 -21352.2
0.3934 -21343.2
0.3935 -21334.2
0.3936 -21325.2
0.3937 -21316.1
0.3938 -21307
0.3939 -21297.9
0.394 -21288.8
0.3941 -21279.7
0.3942 -21270.6
0.3943 -21261.4
0.3944 -21252.2
0.3945 -21243
0.3946 -21233.8
0.3947 -21224.6
0.3948 -21215.3
0.3949 -21206.1
0.395 -21196.8
0.3951 -21187.5
0.3952 -21178.2
0.3953 -21168.9
0.3954 -21159.5
0.3955 -21150.1
0.3956 -21140.8
0.3957 -21131.4
0.3958 -21121.9
0.3959 -21112.5
0.396 -21103
0.3961 -21093.6
0.3962 -21084.1
0.3963 -21074.6
0.3964 -21065.1
0.3965 -21055.5
0.3966 -21046
0.3967 -21036.4
0.3968 -21026.8
0.3969 -21017.2
0.397 -21007.6
0.3971 -20997.9
0.3972 -20988.3
0.3973 -20978.6
0.3974 -20968.9
0.3975 -20959.2
0.3976 -20949.5
0.3977 -20939.7
0.3978 -20929.9
0.3979 -20920.2
0.398 -20910.4
0.3981 -20900.6
0.3982 -20890.7
0.3983 -20880.9
0.3984 -20871
0.3985 -20861.1
0.3986 -20851.2
0.3987 -20841.3
0.3988 -20831.4
0.3989 -20821.4
0.399 -20811.5
0.3991 -20801.5
0.3992 -20791.5
0.3993 -20781.5
0.3994 -20771.4
0.3995 -20761.4
0.3996 -20751.3
0.3997 -20741.2
0.3998 -20731.1
0.3999 -20721
0.4 -20710.9
0.4001 -20700.7
0.4002 -20690.5
0.4003 -20680.4
0.4004 -20670.1
0.4005 -20659.9
0.4006 -20649.7
0.4007 -20639.4
0.4008 -20629.2
0.4009 -20618.9
0.401 -20608.6
0.4011 -20598.2
0.4012 -20587.9
0.4013 -20577.6
0.4014 -20567.2
0.4015 -20556.8
0.4016 -20546.4
0.4017 -20536
0.4018 -20525.5
0.4019 -20515.1
0.402 -20504.6
0.4021 -20494.1
0.4022 -20483.6
0.4023 -20473.1
0.4024 -20462.5
0.4025 -20452
0.4026 -20441.4
0.4027 -20430.8
0.4028 -20420.2
0.4029 -20409.6
0.403 -20398.9
0.4031 -20388.3
0.4032 -20377.6
0.4033 -20366.9
0.4034 -20356.2
0.4035 -20345.5
0.4036 -20334.8
0.4037 -20324
0.4038 -20313.2
0.4039 -20302.4
0.404 -20291.6
0.4041 -20280.8
0.4042 -20270
0.4043 -20259.1
0.4044 -20248.2
0.4045 -20237.3
0.4046 -20226.4
0.4047 -20215.5
0.4048 -20204.6
0.4049 -20193.6
0.405 -20182.7
0.4051 -20171.7
0.4052 -20160.7
0.4053 -20149.6
0.4054 -20138.6
0.4055 -20127.5
0.4056 -20116.5
0.4057 -20105.4
0.4058 -20094.3
0.4059 -20083.2
0.406 -20072
0.4061 -20060.9
0.4062 -20049.7
0.4063 -20038.5
0.4064 -20027.3
0.4065 -20016.1
0.4066 -20004.9
0.4067 -19993.6
0.4068 -19982.4
0.4069 -19971.1
0.407 -19959.8
0.4071 -19948.5
0.4072 -19937.1
0.4073 -19925.8
0.4074 -19914.4
0.4075 -19903
0.4076 -19891.6
0.4077 -19880.2
0.4078 -19868.8
0.4079 -19857.3
0.408 -19845.9
0.4081 -19834.4
0.4082 -19822.9
0.4083 -19811.4
0.4084 -19799.9
0.4085 -19788.3
0.4086 -19776.8
0.4087 -19765.2
0.4088 -19753.6
0.4089 -19742
0.409 -19730.4
0.4091 -19718.7
0.4092 -19707.1
0.4093 -19695.4
0.4094 -19683.7
0.4095 -19672
0.4096 -19660.3
0.4097 -19648.5
0.4098 -19636.8
0.4099 -19625
0.41 -19613.2
0.4101 -19601.4
0.4102 -19589.6
0.4103 -19577.8
0.4104 -19565.9
0.4105 -19554.1
0.4106 -19542.2
0.4107 -19530.3
0.4108 -19518.4
0.4109 -19506.5
0.411 -19494.5
0.4111 -19482.6
0.4112 -19470.6
0.4113 -19458.6
0.4114 -19446.6
0.4115 -19434.6
0.4116 -19422.5
0.4117 -19410.5
0.4118 -19398.4
0.4119 -19386.3
0.412 -19374.2
0.4121 -19362.1
0.4122 -19349.9
0.4123 -19337.8
0.4124 -19325.6
0.4125 -19313.4
0.4126 -19301.2
0.4127 -19289
0.4128 -19276.8
0.4129 -19264.6
0.413 -19252.3
0.4131 -19240
0.4132 -19227.7
0.4133 -19215.4
0.4134 -19203.1
0.4135 -19190.8
0.4136 -19178.4
0.4137 -19166
0.4138 -19153.6
0.4139 -19141.2
0.414 -19128.8
0.4141 -19116.4
0.4142 -19103.9
0.4143 -19091.5
0.4144 -19079
0.4145 -19066.5
0.4146 -19054
0.4147 -19041.5
0.4148 -19028.9
0.4149 -19016.4
0.415 -19003.8
0.4151 -18991.2
0.4152 -18978.6
0.4153 -18966
0.4154 -18953.3
0.4155 -18940.7
0.4156 -18928
0.4157 -18915.3
0.4158 -18902.6
0.4159 -18889.9
0.416 -18877.2
0.4161 -18864.5
0.4162 -18851.7
0.4163 -18838.9
0.4164 -18826.1
0.4165 -18813.3
0.4166 -18800.5
0.4167 -18787.7
0.4168 -18774.8
0.4169 -18762
0.417 -18749.1
0.4171 -18736.2
0.4172 -18723.3
0.4173 -18710.3
0.4174 -18697.4
0.4175 -18684.4
0.4176 -18671.5
0.4177 -18658.5
0.4178 -18645.5
0.4179 -18632.5
0.418 -18619.4
0.4181 -18606.4
0.4182 -18593.3
0.4183 -18580.2
0.4184 -18567.1
0.4185 -18554
0.4186 -18540.9
0.4187 -18527.8
0.4188 -18514.6
0.4189 -18501.4
0.419 -18488.2
0.4191 -18475
0.4192 -18461.8
0.4193 -18448.6
0.4194 -18435.3
0.4195 -18422.1
0.4196 -18408.8
0.4197 -18395.5
0.4198 -18382.2
0.4199 -18368.9
0.42 -18355.6
0.4201 -18342.2
0.4202 -18328.8
0.4203 -18315.5
0.4204 -18302.1
0.4205 -18288.6
0.4206 -18275.2
0.4207 -18261.8
0.4208 -18248.3
0.4209 -18234.9
0.421 -18221.4
0.4211 -18207.9
0.4212 -18194.3
0.4213 -18180.8
0.4214 -18167.3
0.4215 -18153.7
0.4216 -18140.1
0.4217 -18126.5
0.4218 -18112.9
0.4219 -18099.3
0.422 -18085.7
0.4221 -18072
0.4222 -18058.4
0.4223 -18044.7
0.4224 -18031
0.4225 -18017.3
0.4226 -18003.6
0.4227 -17989.8
0.4228 -17976.1
0.4229 -17962.3
0.423 -17948.5
0.4231 -17934.7
0.4232 -17920.9
0.4233 -17907.1
0.4234 -17893.3
0.4235 -17879.4
0.4236 -17865.5
0.4237 -17851.7
0.4238 -17837.8
0.4239 -17823.8
0.424 -17809.9
0.4241 -17796
0.4242 -17782
0.4243 -17768
0.4244 -17754.1
0.4245 -17740.1
0.4246 -17726
0.4247 -17712
0.4248 -17698
0.4249 -17683.9
0.425 -17669.8
0.4251 -17655.8
0.4252 -17641.7
0.4253 -17627.5
0.4254 -17613.4
0.4255 -17599.3
0.4256 -17585.1
0.4257 -17570.9
0.4258 -17556.7
0.4259 -17542.5
0.426 -17528.3
0.4261 -17514.1
0.4262 -17499.9
0.4263 -17485.6
0.4264 -17471.3
0.4265 -17457
0.4266 -17442.7
0.4267 -17428.4
0.4268 -17414.1
0.4269 -17399.7
0.427 -17385.4
0.4271 -17371
0.4272 -17356.6
0.4273 -17342.2
0.4274 -17327.8
0.4275 -17313.4
0.4276 -17298.9
0.4277 -17284.5
0.4278 -17270
0.4279 -17255.5
0.428 -17241
0.4281 -17226.5
0.4282 -17212
0.4283 -17197.4
0.4284 -17182.9
0.4285 -17168.3
0.4286 -17153.7
0.4287 -17139.1
0.4288 -17124.5
0.4289 -17109.9
0.429 -17095.2
0.4291 -17080.6
0.4292 -17065.9
0.4293 -17051.2
0.4294 -17036.5
0.4295 -17021.8
0.4296 -17007.1
0.4297 -16992.4
0.4298 -16977.6
0.4299 -16962.8
0.43 -16948.1
0.4301 -16933.3
0.4302 -16918.5
0.4303 -16903.6
0.4304 -16888.8
0.4305 -16874
0.4306 -16859.1
0.4307 -16844.2
0.4308 -16829.3
0.4309 -16814.4
0.431 -16799.5
0.4311 -16784.6
0.4312 -16769.6
0.4313 -16754.7
0.4314 -16739.7
0.4315 -16724.7
0.4316 -16709.7
0.4317 -16694.7
0.4318 -16679.7
0.4319 -16664.6
0.432 -16649.6
0.4321 -16634.5
0.4322 -16619.4
0.4323 -16604.3
0.4324 -16589.2
0.4325 -16574.1
0.4326 -16559
0.4327 -16543.8
0.4328 -16528.7
0.4329 -16513.5
0.433 -16498.3
0.4331 -16483.1
0.4332 -16467.9
0.4333 -16452.6
0.4334 -16437.4
0.4335 -16422.1
0.4336 -16406.9
0.4337 -16391.6
0.4338 -16376.3
0.4339 -16361
0.434 -16345.7
0.4341 -16330.3
0.4342 -16315
0.4343 -16299.6
0.4344 -16284.2
0.4345 -16268.8
0.4346 -16253.4
0.4347 -16238
0.4348 -16222.6
0.4349 -16207.1
0.435 -16191.7
0.4351 -16176.2
0.4352 -16160.7
0.4353 -16145.2
0.4354 -16129.7
0.4355 -16114.2
0.4356 -16098.7
0.4357 -16083.1
0.4358 -16067.5
0.4359 -16052
0.436 -16036.4
0.4361 -16020.8
0.4362 -16005.2
0.4363 -15989.5
0.4364 -15973.9
0.4365 -15958.2
0.4366 -15942.6
0.4367 -15926.9
0.4368 -15911.2
0.4369 -15895.5
0.437 -15879.8
0.4371 -15864
0.4372 -15848.3
0.4373 -15832.5
0.4374 -15816.8
0.4375 -15801
0.4376 -15785.2
0.4377 -15769.4
0.4378 -15753.6
0.4379 -15737.7
0.438 -15721.9
0.4381 -15706
0.4382 -15690.1
0.4383 -15674.3
0.4384 -15658.4
0.4385 -15642.4
0.4386 -15626.5
0.4387 -15610.6
0.4388 -15594.6
0.4389 -15578.7
0.439 -15562.7
0.4391 -15546.7
0.4392 -15530.7
0.4393 -15514.7
0.4394 -15498.7
0.4395 -15482.6
0.4396 -15466.6
0.4397 -15450.5
0.4398 -15434.4
0.4399 -15418.3
0.44 -15402.2
0.4401 -15386.1
0.4402 -15370
0.4403 -15353.9
0.4404 -15337.7
0.4405 -15321.5
0.4406 -15305.4
0.4407 -15289.2
0.4408 -15273
0.4409 -15256.8
0.441 -15240.5
0.4411 -15224.3
0.4412 -15208
0.4413 -15191.8
0.4414 -15175.5
0.4415 -15159.2
0.4416 -15142.9
0.4417 -15126.6
0.4418 -15110.3
0.4419 -15093.9
0.442 -15077.6
0.4421 -15061.2
0.4422 -15044.8
0.4423 -15028.4
0.4424 -15012
0.4425 -14995.6
0.4426 -14979.2
0.4427 -14962.8
0.4428 -14946.3
0.4429 -14929.9
0.443 -14913.4
0.4431 -14896.9
0.4432 -14880.4
0.4433 -14863.9
0.4434 -14847.4
0.4435 -14830.8
0.4436 -14814.3
0.4437 -14797.7
0.4438 -14781.1
0.4439 -14764.6
0.444 -14748
0.4441 -14731.4
0.4442 -14714.7
0.4443 -14698.1
0.4444 -14681.5
0.4445 -14664.8
0.4446 -14648.1
0.4447 -14631.5
0.4448 -14614.8
0.4449 -14598.1
0.445 -14581.4
0.4451 -14564.6
0.4452 -14547.9
0.4453 -14531.1
0.4454 -14514.4
0.4455 -14497.6
0.4456 -14480.8
0.4457 -14464
0.4458 -14447.2
0.4459 -14430.4
0.446 -14413.6
0.4461 -14396.7
0.4462 -14379.9
0.4463 -14363
0.4464 -14346.1
0.4465 -14329.2
0.4466 -14312.3
0.4467 -14295.4
0.4468 -14278.5
0.4469 -14261.5
0.447 -14244.6
0.4471 -14227.6
0.4472 -14210.6
0.4473 -14193.6
0.4474 -14176.7
0.4475 -14159.6
0.4476 -14142.6
0.4477 -14125.6
0.4478 -14108.5
0.4479 -14091.5
0.448 -14074.4
0.4481 -14057.3
0.4482 -14040.3
0.4483 -14023.2
0.4484 -14006
0.4485 -13988.9
0.4486 -13971.8
0.4487 -13954.6
0.4488 -13937.5
0.4489 -13920.3
0.449 -13903.1
0.4491 -13885.9
0.4492 -13868.7
0.4493 -13851.5
0.4494 -13834.3
0.4495 -13817.1
0.4496 -13799.8
0.4497 -13782.5
0.4498 -13765.3
0.4499 -13748
0.45 -13730.7
0.4501 -13713.4
0.4502 -13696.1
0.4503 -13678.8
0.4504 -13661.4
0.4505 -13644.1
0.4506 -13626.7
0.4507 -13609.3
0.4508 -13592
0.4509 -13574.6
0.451 -13557.2
0.4511 -13539.7
0.4512 -13522.3
0.4513 -13504.9
0.4514 -13487.4
0.4515 -13470
0.4516 -13452.5
0.4517 -13435
0.4518 -13417.5
0.4519 -13400
0.452 -13382.5
0.4521 -13365
0.4522 -13347.4
0.4523 -13329.9
0.4524 -13312.3
0.4525 -13294.8
0.4526 -13277.2
0.4527 -13259.6
0.4528 -13242
0.4529 -13224.4
0.453 -13206.7
0.4531 -13189.1
0.4532 -13171.5
0.4533 -13153.8
0.4534 -13136.1
0.4535 -13118.5
0.4536 -13100.8
0.4537 -13083.1
0.4538 -13065.4
0.4539 -13047.6
0.454 -13029.9
0.4541 -13012.2
0.4542 -12994.4
0.4543 -12976.7
0.4544 -12958.9
0.4545 -12941.1
0.4546 -12923.3
0.4547 -12905.5
0.4548 -12887.7
0.4549 -12869.9
0.455 -12852
0.4551 -12834.2
0.4552 -12816.3
0.4553 -12798.4
0.4554 -12780.6
0.4555 -12762.7
0.4556 -12744.8
0.4557 -12726.9
0.4558 -12708.9
0.4559 -12691
0.456 -12673.1
0.4561 -12655.1
0.4562 -12637.2
0.4563 -12619.2
0.4564 -12601.2
0.4565 -12583.2
0.4566 -12565.2
0.4567 -12547.2
0.4568 -12529.2
0.4569 -12511.1
0.457 -12493.1
0.4571 -12475
0.4572 -12457
0.4573 -12438.9
0.4574 -12420.8
0.4575 -12402.7
0.4576 -12384.6
0.4577 -12366.5
0.4578 -12348.4
0.4579 -12330.2
0.458 -12312.1
0.4581 -12293.9
0.4582 -12275.8
0.4583 -12257.6
0.4584 -12239.4
0.4585 -12221.2
0.4586 -12203
0.4587 -12184.8
0.4588 -12166.6
0.4589 -12148.3
0.459 -12130.1
0.4591 -12111.8
0.4592 -12093.6
0.4593 -12075.3
0.4594 -12057
0.4595 -12038.7
0.4596 -12020.4
0.4597 -12002.1
0.4598 -11983.8
0.4599 -11965.4
0.46 -11947.1
0.4601 -11928.7
0.4602 -11910.4
0.4603 -11892
0.4604 -11873.6
0.4605 -11855.2
0.4606 -11836.8
0.4607 -11818.4
0.4608 -11800
0.4609 -11781.6
0.461 -11763.1
0.4611 -11744.7
0.4612 -11726.2
0.4613 -11707.7
0.4614 -11689.3
0.4615 -11670.8
0.4616 -11652.3
0.4617 -11633.8
0.4618 -11615.2
0.4619 -11596.7
0.462 -11578.2
0.4621 -11559.6
0.4622 -11541.1
0.4623 -11522.5
0.4624 -11503.9
0.4625 -11485.4
0.4626 -11466.8
0.4627 -11448.2
0.4628 -11429.5
0.4629 -11410.9
0.463 -11392.3
0.4631 -11373.7
0.4632 -11355
0.4633 -11336.4
0.4634 -11317.7
0.4635 -11299
0.4636 -11280.3
0.4637 -11261.6
0.4638 -11242.9
0.4639 -11224.2
0.464 -11205.5
0.4641 -11186.8
0.4642 -11168
0.4643 -11149.3
0.4644 -11130.5
0.4645 -11111.7
0.4646 -11093
0.4647 -11074.2
0.4648 -11055.4
0.4649 -11036.6
0.465 -11017.8
0.4651 -10998.9
0.4652 -10980.1
0.4653 -10961.3
0.4654 -10942.4
0.4655 -10923.6
0.4656 -10904.7
0.4657 -10885.8
0.4658 -10866.9
0.4659 -10848
0.466 -10829.1
0.4661 -10810.2
0.4662 -10791.3
0.4663 -10772.4
0.4664 -10753.4
0.4665 -10734.5
0.4666 -10715.5
0.4667 -10696.6
0.4668 -10677.6
0.4669 -10658.6
0.467 -10639.6
0.4671 -10620.6
0.4672 -10601.6
0.4673 -10582.6
0.4674 -10563.6
0.4675 -10544.5
0.4676 -10525.5
0.4677 -10506.5
0.4678 -10487.4
0.4679 -10468.3
0.468 -10449.2
0.4681 -10430.2
0.4682 -10411.1
0.4683 -10392
0.4684 -10372.9
0.4685 -10353.7
0.4686 -10334.6
0.4687 -10315.5
0.4688 -10296.3
0.4689 -10277.2
0.469 -10258
0.4691 -10238.8
0.4692 -10219.7
0.4693 -10200.5
0.4694 -10181.3
0.4695 -10162.1
0.4696 -10142.9
0.4697 -10123.7
0.4698 -10104.4
0.4699 -10085.2
0.47 -10065.9
0.4701 -10046.7
0.4702 -10027.4
0.4703 -10008.2
0.4704 -9988.88
0.4705 -9969.6
0.4706 -9950.3
0.4707 -9931
0.4708 -9911.69
0.4709 -9892.37
0.471 -9873.05
0.4711 -9853.71
0.4712 -9834.37
0.4713 -9815.02
0.4714 -9795.66
0.4715 -9776.3
0.4716 -9756.92
0.4717 -9737.54
0.4718 -9718.15
0.4719 -9698.75
0.472 -9679.35
0.4721 -9659.93
0.4722 -9640.51
0.4723 -9621.08
0.4724 -9601.65
0.4725 -9582.2
0.4726 -9562.75
0.4727 -9543.29
0.4728 -9523.82
0.4729 -9504.34
0.473 -9484.86
0.4731 -9465.37
0.4732 -9445.87
0.4733 -9426.36
0.4734 -9406.84
0.4735 -9387.32
0.4736 -9367.79
0.4737 -9348.25
0.4738 -9328.71
0.4739 -9309.15
0.474 -9289.59
0.4741 -9270.02
0.4742 -9250.45
0.4743 -9230.86
0.4744 -9211.27
0.4745 -9191.67
0.4746 -9172.07
0.4747 -9152.45
0.4748 -9132.83
0.4749 -9113.2
0.475 -9093.57
0.4751 -9073.92
0.4752 -9054.27
0.4753 -9034.62
0.4754 -9014.95
0.4755 -8995.28
0.4756 -8975.6
0.4757 -8955.91
0.4758 -8936.21
0.4759 -8916.51
0.476 -8896.8
0.4761 -8877.08
0.4762 -8857.36
0.4763 -8837.63
0.4764 -8817.89
0.4765 -8798.14
0.4766 -8778.39
0.4767 -8758.63
0.4768 -8738.86
0.4769 -8719.09
0.477 -8699.31
0.4771 -8679.52
0.4772 -8659.72
0.4773 -8639.92
0.4774 -8620.11
0.4775 -8600.29
0.4776 -8580.47
0.4777 -8560.64
0.4778 -8540.8
0.4779 -8520.95
0.478 -8501.1
0.4781 -8481.24
0.4782 -8461.38
0.4783 -8441.5
0.4784 -8421.63
0.4785 -8401.74
0.4786 -8381.85
0.4787 -8361.94
0.4788 -8342.04
0.4789 -8322.12
0.479 -8302.2
0.4791 -8282.28
0.4792 -8262.34
0.4793 -8242.4
0.4794 -8222.45
0.4795 -8202.5
0.4796 -8182.54
0.4797 -8162.57
0.4798 -8142.59
0.4799 -8122.61
0.48 -8102.63
0.4801 -8082.63
0.4802 -8062.63
0.4803 -8042.62
0.4804 -8022.61
0.4805 -8002.59
0.4806 -7982.56
0.4807 -7962.53
0.4808 -7942.49
0.4809 -7922.44
0.481 -7902.39
0.4811 -7882.33
0.4812 -7862.26
0.4813 -7842.19
0.4814 -7822.11
0.4815 -7802.02
0.4816 -7781.93
0.4817 -7761.83
0.4818 -7741.73
0.4819 -7721.62
0.482 -7701.5
0.4821 -7681.38
0.4822 -7661.25
0.4823 -7641.11
0.4824 -7620.97
0.4825 -7600.82
0.4826 -7580.67
0.4827 -7560.51
0.4828 -7540.34
0.4829 -7520.17
0.483 -7499.99
0.4831 -7479.8
0.4832 -7459.61
0.4833 -7439.41
0.4834 -7419.21
0.4835 -7399
0.4836 -7378.78
0.4837 -7358.56
0.4838 -7338.33
0.4839 -7318.1
0.484 -7297.86
0.4841 -7277.62
0.4842 -7257.36
0.4843 -7237.11
0.4844 -7216.84
0.4845 -7196.57
0.4846 -7176.3
0.4847 -7156.02
0.4848 -7135.73
0.4849 -7115.44
0.485 -7095.14
0.4851 -7074.83
0.4852 -7054.52
0.4853 -7034.21
0.4854 -7013.89
0.4855 -6993.56
0.4856 -6973.22
0.4857 -6952.89
0.4858 -6932.54
0.4859 -6912.19
0.486 -6891.84
0.4861 -6871.47
0.4862 -6851.11
0.4863 -6830.73
0.4864 -6810.36
0.4865 -6789.97
0.4866 -6769.58
0.4867 -6749.19
0.4868 -6728.79
0.4869 -6708.38
0.487 -6687.97
0.4871 -6667.55
0.4872 -6647.13
0.4873 -6626.7
0.4874 -6606.27
0.4875 -6585.83
0.4876 -6565.39
0.4877 -6544.94
0.4878 -6524.48
0.4879 -6504.02
0.488 -6483.56
0.4881 -6463.09
0.4882 -6442.61
0.4883 -6422.13
0.4884 -6401.64
0.4885 -6381.15
0.4886 -6360.66
0.4887 -6340.15
0.4888 -6319.65
0.4889 -6299.13
0.489 -6278.62
0.4891 -6258.09
0.4892 -6237.57
0.4893 -6217.03
0.4894 -6196.49
0.4895 -6175.95
0.4896 -6155.4
0.4897 -6134.85
0.4898 -6114.29
0.4899 -6093.73
0.49 -6073.16
0.4901 -6052.59
0.4902 -6032.01
0.4903 -6011.43
0.4904 -5990.84
0.4905 -5970.25
0.4906 -5949.65
0.4907 -5929.05
0.4908 -5908.44
0.4909 -5887.83
0.491 -5867.21
0.4911 -5846.59
0.4912 -5825.96
0.4913 -5805.33
0.4914 -5784.7
0.4915 -5764.05
0.4916 -5743.41
0.4917 -5722.76
0.4918 -5702.1
0.4919 -5681.44
0.492 -5660.78
0.4921 -5640.11
0.4922 -5619.44
0.4923 -5598.76
0.4924 -5578.08
0.4925 -5557.39
0.4926 -5536.7
0.4927 -5516
0.4928 -5495.3
0.4929 -5474.6
0.493 -5453.89
0.4931 -5433.17
0.4932 -5412.46
0.4933 -5391.73
0.4934 -5371.01
0.4935 -5350.27
0.4936 -5329.54
0.4937 -5308.8
0.4938 -5288.05
0.4939 -5267.3
0.494 -5246.55
0.4941 -5225.79
0.4942 -5205.03
0.4943 -5184.26
0.4944 -5163.49
0.4945 -5142.72
0.4946 -5121.94
0.4947 -5101.16
0.4948 -5080.37
0.4949 -5059.58
0.495 -5038.78
0.4951 -5017.98
0.4952 -4997.18
0.4953 -4976.37
0.4954 -4955.56
0.4955 -4934.74
0.4956 -4913.92
0.4957 -4893.1
0.4958 -4872.27
0.4959 -4851.44
0.496 -4830.61
0.4961 -4809.77
0.4962 -4788.92
0.4963 -4768.07
0.4964 -4747.22
0.4965 -4726.37
0.4966 -4705.51
0.4967 -4684.64
0.4968 -4663.78
0.4969 -4642.91
0.497 -4622.03
0.4971 -4601.15
0.4972 -4580.27
0.4973 -4559.39
0.4974 -4538.5
0.4975 -4517.6
0.4976 -4496.71
0.4977 -4475.81
0.4978 -4454.9
0.4979 -4433.99
0.498 -4413.08
0.4981 -4392.17
0.4982 -4371.25
0.4983 -4350.33
0.4984 -4329.4
0.4985 -4308.47
0.4986 -4287.54
0.4987 -4266.6
0.4988 -4245.66
0.4989 -4224.72
0.499 -4203.77
0.4991 -4182.82
0.4992 -4161.87
0.4993 -4140.91
0.4994 -4119.95
0.4995 -4098.99
0.4996 -4078.02
0.4997 -4057.05
0.4998 -4036.07
0.4999 -4015.1
0.5 -3994.12
0.5001 -3973.13
0.5002 -3952.15
0.5003 -3931.16
0.5004 -3910.16
0.5005 -3889.17
0.5006 -3868.17
0.5007 -3847.16
0.5008 -3826.16
0.5009 -3805.15
0.501 -3784.14
0.5011 -3763.12
0.5012 -3742.1
0.5013 -3721.08
0.5014 -3700.06
0.5015 -3679.03
0.5016 -3658
0.5017 -3636.96
0.5018 -3615.93
0.5019 -3594.89
0.502 -3573.84
0.5021 -3552.8
0.5022 -3531.75
0.5023 -3510.7
0.5024 -3489.65
0.5025 -3468.59
0.5026 -3447.53
0.5027 -3426.47
0.5028 -3405.4
0.5029 -3384.33
0.503 -3363.26
0.5031 -3342.19
0.5032 -3321.11
0.5033 -3300.03
0.5034 -3278.95
0.5035 -3257.87
0.5036 -3236.78
0.5037 -3215.69
0.5038 -3194.6
0.5039 -3173.5
0.504 -3152.41
0.5041 -3131.31
0.5042 -3110.2
0.5043 -3089.1
0.5044 -3067.99
0.5045 -3046.88
0.5046 -3025.77
0.5047 -3004.65
0.5048 -2983.53
0.5049 -2962.41
0.505 -2941.29
0.5051 -2920.17
0.5052 -2899.04
0.5053 -2877.91
0.5054 -2856.78
0.5055 -2835.64
0.5056 -2814.51
0.5057 -2793.37
0.5058 -2772.23
0.5059 -2751.08
0.506 -2729.94
0.5061 -2708.79
0.5062 -2687.64
0.5063 -2666.49
0.5064 -2645.33
0.5065 -2624.18
0.5066 -2603.02
0.5067 -2581.86
0.5068 -2560.69
0.5069 -2539.53
0.507 -2518.36
0.5071 -2497.19
0.5072 -2476.02
0.5073 -2454.85
0.5074 -2433.67
0.5075 -2412.49
0.5076 -2391.31
0.5077 -2370.13
0.5078 -2348.95
0.5079 -2327.76
0.508 -2306.58
0.5081 -2285.39
0.5082 -2264.2
0.5083 -2243
0.5084 -2221.81
0.5085 -2200.61
0.5086 -2179.41
0.5087 -2158.21
0.5088 -2137.01
0.5089 -2115.81
0.509 -2094.6
0.5091 -2073.4
0.5092 -2052.19
0.5093 -2030.98
0.5094 -2009.77
0.5095 -1988.55
0.5096 -1967.34
0.5097 -1946.12
0.5098 -1924.9
0.5099 -1903.68
0.51 -1882.46
0.5101 -1861.24
0.5102 -1840.01
0.5103 -1818.79
0.5104 -1797.56
0.5105 -1776.33
0.5106 -1755.1
0.5107 -1733.87
0.5108 -1712.64
0.5109 -1691.4
0.511 -1670.16
0.5111 -1648.93
0.5112 -1627.69
0.5113 -1606.45
0.5114 -1585.21
0.5115 -1563.96
0.5116 -1542.72
0.5117 -1521.47
0.5118 -1500.23
0.5119 -1478.98
0.512 -1457.73
0.5121 -1436.48
0.5122 -1415.23
0.5123 -1393.98
0.5124 -1372.72
0.5125 -1351.47
0.5126 -1330.21
0.5127 -1308.96
0.5128 -1287.7
0.5129 -1266.44
0.513 -1245.18
0.5131 -1223.92
0.5132 -1202.66
0.5133 -1181.39
0.5134 -1160.13
0.5135 -1138.86
0.5136 -1117.6
0.5137 -1096.33
0.5138 -1075.06
0.5139 -1053.79
0.514 -1032.53
0.5141 -1011.25
0.5142 -989.984
0.5143 -968.712
0.5144 -947.439
0.5145 -926.165
0.5146 -904.891
0.5147 -883.616
0.5148 -862.34
0.5149 -841.064
0.515 -819.787
0.5151 -798.509
0.5152 -777.23
0.5153 -755.951
0.5154 -734.672
0.5155 -713.391
0.5156 -692.11
0.5157 -670.829
0.5158 -649.547
0.5159 -628.264
0.516 -606.981
0.5161 -585.698
0.5162 -564.414
0.5163 -543.129
0.5164 -521.844
0.5165 -500.559
0.5166 -479.273
0.5167 -457.987
0.5168 -436.7
0.5169 -415.414
0.517 -394.126
0.5171 -372.839
0.5172 -351.551
0.5173 -330.263
0.5174 -308.974
0.5175 -287.686
0.5176 -266.397
0.5177 -245.108
0.5178 -223.818
0.5179 -202.529
0.518 -181.239
0.5181 -159.949
0.5182 -138.659
0.5183 -117.369
0.5184 -96.0791
0.5185 -74.7889
0.5186 -53.4986
0.5187 -32.2083
0.5188 -10.9179
0.5189 10.3725
0.519 31.6629
0.5191 52.9532
0.5192 74.2435
0.5193 95.5337
0.5194 116.824
0.5195 138.114
0.5196 159.404
0.5197 180.694
0.5198 201.983
0.5199 223.273
0.52 244.562
0.5201 265.851
0.5202 287.14
0.5203 308.429
0.5204 329.717
0.5205 351.006
0.5206 372.293
0.5207 393.581
0.5208 414.868
0.5209 436.155
0.521 457.442
0.5211 478.728
0.5212 500.014
0.5213 521.299
0.5214 542.584
0.5215 563.868
0.5216 585.152
0.5217 606.436
0.5218 627.719
0.5219 649.002
0.522 670.284
0.5221 691.565
0.5222 712.846
0.5223 734.126
0.5224 755.406
0.5225 776.685
0.5226 797.964
0.5227 819.241
0.5228 2.03565e+006
0.5229 5.40385e+006
0.523 8.62721e+006
0.5231 1.04703e+007
0.5232 1.02001e+007
0.5233 7.9258e+006
0.5234 4.54448e+006
0.5235 1.34706e+006
0.5236 820.616
0.5237 800.723
0.5238 780.829
0.5239 760.935
0.524 741.04
0.5241 721.144
0.5242 701.248
0.5243 681.352
0.5244 661.454
0.5245 -2.29246e+007
0.5246 -7.69692e+007
0.5247 -1.12313e+008
0.5248 -9.9714e+007
0.5249 -4.97487e+007
0.525 2.22814e+007
0.5251 6.9898e+007
0.5252 9.46377e+007
0.5253 8.08077e+007
0.5254 3.9379e+007
0.5255 2.66228e+006
0.5256 2031.28
0.5257 2052.63
0.5258 2073.98
0.5259 2095.33
0.526 2116.68
0.5261 2138.03
0.5262 2159.37
0.5263 2180.72
0.5264 2202.06
0.5265 2223.4
0.5266 2244.74
0.5267 2266.07
0.5268 2287.41
0.5269 2308.74
0.527 2330.07
0.5271 2351.4
0.5272 2372.73
0.5273 2394.05
0.5274 2415.37
0.5275 2436.69
0.5276 2458.01
0.5277 2479.33
0.5278 2500.64
0.5279 2521.96
0.528 2543.27
0.5281 2564.58
0.5282 2585.88
0.5283 2607.19
0.5284 2628.49
0.5285 2649.79
0.5286 2671.09
0.5287 2692.38
0.5288 2713.68
0.5289 2734.97
0.529 2756.26
0.5291 2777.54
0.5292 2798.83
0.5293 2820.11
0.5294 2841.39
0.5295 2862.67
0.5296 2883.94
0.5297 2905.22
0.5298 2926.49
0.5299 2947.76
0.53 2969.02
0.5301 2990.28
0.5302 3011.55
0.5303 3032.8
0.5304 3054.06
0.5305 3075.31
0.5306 3096.56
0.5307 3117.81
0.5308 3139.06
0.5309 3160.3
0.531 3181.54
0.5311 3202.78
0.5312 3224.02
0.5313 3245.25
0.5314 3266.48
0.5315 3287.71
0.5316 3308.93
0.5317 3330.15
0.5318 3351.37
0.5319 3372.59
0.532 3393.81
0.5321 3415.02
0.5322 3436.22
0.5323 3457.43
0.5324 3478.63
0.5325 3499.83
0.5326 3521.03
0.5327 3542.22
0.5328 3563.42
0.5329 3584.6
0.533 3605.79
0.5331 3626.97
0.5332 3648.15
0.5333 3669.33
0.5334 3690.5
0.5335 3711.67
0.5336 3732.84
0.5337 3754
0.5338 3775.17
0.5339 3796.32
0.534 3817.48
0.5341 3838.63
0.5342 3859.78
0.5343 3880.93
0.5344 3902.07
0.5345 3923.21
0.5346 3944.35
0.5347 3965.48
0.5348 3986.61
0.5349 4007.73
0.535 4028.86
0.5351 4049.98
0.5352 4071.09
0.5353 4092.21
0.5354 4113.32
0.5355 4134.42
0.5356 4155.53
0.5357 4176.63
0.5358 4197.72
0.5359 4218.82
0.536 4239.91
0.5361 4260.99
0.5362 4282.08
0.5363 4303.16
0.5364 4324.23
0.5365 4345.3
0.5366 4366.37
0.5367 4387.44
0.5368 4408.5
0.5369 4429.56
0.537 4450.61
0.5371 4471.66
0.5372 4492.71
0.5373 4513.75
0.5374 4534.79
0.5375 4555.83
0.5376 4576.86
0.5377 4597.89
0.5378 4618.91
0.5379 4639.93
0.538 4660.95
0.5381 4681.96
0.5382 4702.97
0.5383 4723.98
0.5384 4744.98
0.5385 4765.98
0.5386 4786.97
0.5387 4807.96
0.5388 4828.95
0.5389 4849.93
0.539 4870.91
0.5391 4891.88
0.5392 4912.85
0.5393 4933.82
0.5394 4954.78
0.5395 4975.74
0.5396 4996.69
0.5397 5017.64
0.5398 5038.59
0.5399 5059.53
0.54 5080.47
0.5401 5101.4
0.5402 5122.33
0.5403 5143.26
0.5404 5164.18
0.5405 5185.09
0.5406 5206.01
0.5407 5226.91
0.5408 5247.82
0.5409 5268.72
0.541 5289.61
0.5411 5310.5
0.5412 5331.39
0.5413 5352.27
0.5414 5373.15
0.5415 5394.02
0.5416 5414.89
0.5417 5435.76
0.5418 5456.62
0.5419 5477.47
0.542 5498.33
0.5421 5519.17
0.5422 5540.01
0.5423 5560.85
0.5424 5581.69
0.5425 5602.51
0.5426 5623.34
0.5427 5644.16
0.5428 5664.97
0.5429 5685.78
0.543 5706.59
0.5431 5727.39
0.5432 5748.19
0.5433 5768.98
0.5434 5789.77
0.5435 5810.55
0.5436 5831.33
0.5437 5852.1
0.5438 5872.87
0.5439 5893.63
0.544 5914.39
0.5441 5935.14
0.5442 5955.89
0.5443 5976.63
0.5444 5997.37
0.5445 6018.11
0.5446 6038.84
0.5447 6059.56
0.5448 6080.28
0.5449 6100.99
0.545 6121.7
0.5451 6142.41
0.5452 6163.11
0.5453 6183.8
0.5454 6204.49
0.5455 6225.17
0.5456 6245.85
0.5457 6266.53
0.5458 6287.19
0.5459 6307.86
0.546 6328.52
0.5461 6349.17
0.5462 6369.82
0.5463 6390.46
0.5464 6411.1
0.5465 6431.73
0.5466 6452.36
0.5467 6472.98
0.5468 6493.6
0.5469 6514.21
0.547 6534.81
0.5471 6555.41
0.5472 6576.01
0.5473 6596.6
0.5474 6617.18
0.5475 6637.76
0.5476 6658.34
0.5477 6678.91
0.5478 6699.47
0.5479 6720.03
0.548 6740.58
0.5481 6761.12
0.5482 6781.66
0.5483 6802.2
0.5484 6822.73
0.5485 6843.25
0.5486 6863.77
0.5487 6884.28
0.5488 6904.79
0.5489 6925.29
0.549 6945.79
0.5491 6966.28
0.5492 6986.76
0.5493 7007.24
0.5494 7027.72
0.5495 7048.18
0.5496 7068.65
0.5497 7089.1
0.5498 7109.55
0.5499 7130
0.55 7150.44
0.5501 7170.87
0.5502 7191.29
0.5503 7211.72
0.5504 7232.13
0.5505 7252.54
0.5506 7272.94
0.5507 7293.34
0.5508 7313.73
0.5509 7334.12
0.551 7354.5
0.5511 7374.87
0.5512 7395.24
0.5513 7415.6
0.5514 7435.95
0.5515 7456.3
0.5516 7476.65
0.5517 7496.98
0.5518 7517.31
0.5519 7537.64
0.552 7557.96
0.5521 7578.27
0.5522 7598.58
0.5523 7618.88
0.5524 7639.17
0.5525 7659.46
0.5526 7679.74
0.5527 7700.01
0.5528 7720.28
0.5529 7740.54
0.553 7760.8
0.5531 7781.05
0.5532 7801.29
0.5533 7821.53
0.5534 7841.76
0.5535 7861.98
0.5536 7882.2
0.5537 7902.41
0.5538 7922.62
0.5539 7942.82
0.554 7963.01
0.5541 7983.19
0.5542 8003.37
0.5543 8023.55
0.5544 8043.71
0.5545 8063.87
0.5546 8084.02
0.5547 8104.17
0.5548 8124.31
0.5549 8144.44
0.555 8164.57
0.5551 8184.69
0.5552 8204.8
0.5553 8224.91
0.5554 8245
0.5555 8265.1
0.5556 8285.18
0.5557 8305.26
0.5558 8325.33
0.5559 8345.4
0.556 8365.46
0.5561 8385.51
0.5562 8405.56
0.5563 8425.59
0.5564 8445.62
0.5565 8465.65
0.5566 8485.67
0.5567 8505.68
0.5568 8525.68
0.5569 8545.68
0.557 8565.67
0.5571 8585.65
0.5572 8605.63
0.5573 8625.59
0.5574 8645.56
0.5575 8665.51
0.5576 8685.46
0.5577 8705.4
0.5578 8725.33
0.5579 8745.26
0.558 8765.18
0.5581 8785.09
0.5582 8804.99
0.5583 8824.89
0.5584 8844.78
0.5585 8864.66
0.5586 8884.54
0.5587 8904.41
0.5588 8924.27
0.5589 8944.12
0.559 8963.97
0.5591 8983.81
0.5592 9003.64
0.5593 9023.46
0.5594 9043.28
0.5595 9063.09
0.5596 9082.89
0.5597 9102.69
0.5598 9122.47
0.5599 9142.25
0.56 9162.03
0.5601 9181.79
0.5602 9201.55
0.5603 9221.3
0.5604 9241.04
0.5605 9260.78
0.5606 9280.51
0.5607 9300.23
0.5608 9319.94
0.5609 9339.64
0.561 9359.34
0.5611 9379.03
0.5612 9398.71
0.5613 9418.38
0.5614 9438.05
0.5615 9457.71
0.5616 9477.36
0.5617 9497
0.5618 9516.64
0.5619 9536.27
0.562 9555.89
0.5621 9575.5
0.5622 9595.1
0.5623 9614.7
0.5624 9634.29
0.5625 9653.87
0.5626 9673.44
0.5627 9693.01
0.5628 9712.56
0.5629 9732.11
0.563 9751.65
0.5631 9771.19
0.5632 9790.71
0.5633 9810.23
0.5634 9829.74
0.5635 9849.24
0.5636 9868.73
0.5637 9888.22
0.5638 9907.69
0.5639 9927.16
0.564 9946.62
0.5641 9966.07
0.5642 9985.52
0.5643 10005
0.5644 10024.4
0.5645 10043.8
0.5646 10063.2
0.5647 10082.6
0.5648 10102
0.5649 10121.4
0.565 10140.8
0.5651 10160.1
0.5652 10179.5
0.5653 10198.9
0.5654 10218.2
0.5655 10237.5
0.5656 10256.9
0.5657 10276.2
0.5658 10295.5
0.5659 10314.8
0.566 10334.1
0.5661 10353.4
0.5662 10372.7
0.5663 10391.9
0.5664 10411.2
0.5665 10430.5
0.5666 10449.7
0.5667 10468.9
0.5668 10488.2
0.5669 10507.4
0.567 10526.6
0.5671 10545.8
0.5672 10565
0.5673 10584.2
0.5674 10603.3
0.5675 10622.5
0.5676 10641.7
0.5677 10660.8
0.5678 10680
0.5679 10699.1
0.568 10718.2
0.5681 10737.3
0.5682 10756.4
0.5683 10775.5
0.5684 10794.6
0.5685 10813.7
0.5686 10832.8
0.5687 10851.8
0.5688 10870.9
0.5689 10889.9
0.569 10909
0.5691 10928
0.5692 10947
0.5693 10966
0.5694 10985
0.5695 11004
0.5696 11023
0.5697 11042
0.5698 11060.9
0.5699 11079.9
0.57 11098.8
0.5701 11117.8
0.5702 11136.7
0.5703 11155.6
0.5704 11174.5
0.5705 11193.4
0.5706 11212.3
0.5707 11231.2
0.5708 11250.1
0.5709 11268.9
0.571 11287.8
0.5711 11306.6
0.5712 11325.5
0.5713 11344.3
0.5714 11363.1
0.5715 11381.9
0.5716 11400.7
0.5717 11419.5
0.5718 11438.3
0.5719 11457
0.572 11475.8
0.5721 11494.6
0.5722 11513.3
0.5723 11532
0.5724 11550.8
0.5725 11569.5
0.5726 11588.2
0.5727 11606.9
0.5728 11625.6
0.5729 11644.2
0.573 11662.9
0.5731 11681.6
0.5732 11700.2
0.5733 11718.8
0.5734 11737.5
0.5735 11756.1
0.5736 11774.7
0.5737 11793.3
0.5738 11811.9
0.5739 11830.5
0.574 11849
0.5741 11867.6
0.5742 11886.1
0.5743 11904.7
0.5744 11923.2
0.5745 11941.7
0.5746 11960.3
0.5747 11978.8
0.5748 11997.3
0.5749 12015.7
0.575 12034.2
0.5751 12052.7
0.5752 12071.1
0.5753 12089.6
0.5754 12108
0.5755 12126.4
0.5756 12144.8
0.5757 12163.2
0.5758 12181.6
0.5759 12200
0.576 12218.4
0.5761 12236.8
0.5762 12255.1
0.5763 12273.5
0.5764 12291.8
0.5765 12310.1
0.5766 12328.4
0.5767 12346.7
0.5768 12365
0.5769 12383.3
0.577 12401.6
0.5771 12419.8
0.5772 12438.1
0.5773 12456.3
0.5774 12474.6
0.5775 12492.8
0.5776 12511
0.5777 12529.2
0.5778 12547.4
0.5779 12565.6
0.578 12583.8
0.5781 12601.9
0.5782 12620.1
0.5783 12638.2
0.5784 12656.3
0.5785 12674.5
0.5786 12692.6
0.5787 12710.7
0.5788 12728.8
0.5789 12746.8
0.579 12764.9
0.5791 12783
0.5792 12801
0.5793 12819.1
0.5794 12837.1
0.5795 12855.1
0.5796 12873.1
0.5797 12891.1
0.5798 12909.1
0.5799 12927.1
0.58 12945
0.5801 12963
0.5802 12980.9
0.5803 12998.8
0.5804 13016.8
0.5805 13034.7
0.5806 13052.6
0.5807 13070.5
0.5808 13088.3
0.5809 13106.2
0.581 13124.1
0.5811 13141.9
0.5812 13159.7
0.5813 13177.6
0.5814 13195.4
0.5815 13213.2
0.5816 13231
0.5817 13248.8
0.5818 13266.5
0.5819 13284.3
0.582 13302
0.5821 13319.8
0.5822 13337.5
0.5823 13355.2
0.5824 13372.9
0.5825 13390.6
0.5826 13408.3
0.5827 13426
0.5828 13443.6
0.5829 13461.3
0.583 13478.9
0.5831 13496.6
0.5832 13514.2
0.5833 13531.8
0.5834 13549.4
0.5835 13567
0.5836 13584.5
0.5837 13602.1
0.5838 13619.7
0.5839 13637.2
0.584 13654.7
0.5841 13672.2
0.5842 13689.7
0.5843 13707.2
0.5844 13724.7
0.5845 13742.2
0.5846 13759.7
0.5847 13777.1
0.5848 13794.6
0.5849 13812
0.585 13829.4
0.5851 13846.8
0.5852 13864.2
0.5853 13881.6
0.5854 13899
0.5855 13916.3
0.5856 13933.7
0.5857 13951
0.5858 13968.3
0.5859 13985.6
0.586 14002.9
0.5861 14020.2
0.5862 14037.5
0.5863 14054.8
0.5864 14072
0.5865 14089.3
0.5866 14106.5
0.5867 14123.7
0.5868 14141
0.5869 14158.2
0.587 14175.3
0.5871 14192.5
0.5872 14209.7
0.5873 14226.8
0.5874 14244
0.5875 14261.1
0.5876 14278.2
0.5877 14295.3
0.5878 14312.4
0.5879 14329.5
0.588 14346.6
0.5881 14363.6
0.5882 14380.7
0.5883 14397.7
0.5884 14414.8
0.5885 14431.8
0.5886 14448.8
0.5887 14465.8
0.5888 14482.7
0.5889 14499.7
0.589 14516.7
0.5891 14533.6
0.5892 14550.5
0.5893 14567.4
0.5894 14584.4
0.5895 14601.2
0.5896 14618.1
0.5897 14635
0.5898 14651.9
0.5899 14668.7
0.59 14685.5
0.5901 14702.4
0.5902 14719.2
0.5903 14736
0.5904 14752.8
0.5905 14769.5
0.5906 14786.3
0.5907 14803
0.5908 14819.8
0.5909 14836.5
0.591 14853.2
0.5911 14869.9
0.5912 14886.6
0.5913 14903.3
0.5914 14920
0.5915 14936.6
0.5916 14953.3
0.5917 14969.9
0.5918 14986.5
0.5919 15003.1
0.592 15019.7
0.5921 15036.3
0.5922 15052.8
0.5923 15069.4
0.5924 15085.9
0.5925 15102.5
0.5926 15119
0.5927 15135.5
0.5928 15152
0.5929 15168.5
0.593 15184.9
0.5931 15201.4
0.5932 15217.8
0.5933 15234.3
0.5934 15250.7
0.5935 15267.1
0.5936 15283.5
0.5937 15299.9
0.5938 15316.2
0.5939 15332.6
0.594 15348.9
0.5941 15365.3
0.5942 15381.6
0.5943 15397.9
0.5944 15414.2
0.5945 15430.5
0.5946 15446.8
0.5947 15463
0.5948 15479.3
0.5949 15495.5
0.595 15511.7
0.5951 15527.9
0.5952 15544.1
0.5953 15560.3
0.5954 15576.4
0.5955 15592.6
0.5956 15608.7
0.5957 15624.9
0.5958 15641
0.5959 15657.1
0.596 15673.2
0.5961 15689.3
0.5962 15705.3
0.5963 15721.4
0.5964 15737.4
0.5965 15753.4
0.5966 15769.5
0.5967 15785.5
0.5968 15801.5
0.5969 15817.4
0.597 15833.4
0.5971 15849.3
0.5972 15865.3
0.5973 15881.2
0.5974 15897.1
0.5975 15913
0.5976 15928.9
0.5977 15944.8
0.5978 15960.6
0.5979 15976.5
0.598 15992.3
0.5981 16008.1
0.5982 16023.9
0.5983 16039.7
0.5984 16055.5
0.5985 16071.3
0.5986 16087
0.5987 16102.8
0.5988 16118.5
0.5989 16134.2
0.599 16149.9
0.5991 16165.6
0.5992 16181.3
0.5993 16196.9
0.5994 16212.6
0.5995 16228.2
0.5996 16243.8
0.5997 16259.4
0.5998 16275
0.5999 16290.6
0.6 16306.2
0.6001 16321.7
0.6002 16337.3
0.6003 16352.8
0.6004 16368.3
0.6005 16383.8
0.6006 16399.3
0.6007 16414.8
0.6008 16430.3
0.6009 16445.7
0.601 16461.1
0.6011 16476.6
0.6012 16492
0.6013 16507.4
0.6014 16522.8
0.6015 16538.1
0.6016 16553.5
0.6017 16568.8
0.6018 16584.1
0.6019 16599.5
0.602 16614.8
0.6021 16630
0.6022 16645.3
0.6023 16660.6
0.6024 16675.8
0.6025 16691.1
0.6026 16706.3
0.6027 16721.5
0.6028 16736.7
0.6029 16751.8
0.603 16767
0.6031 16782.2
0.6032 16797.3
0.6033 16812.4
0.6034 16827.5
0.6035 16842.6
0.6036 16857.7
0.6037 16872.8
0.6038 16887.8
0.6039 16902.9
0.604 16917.9
0.6041 16932.9
0.6042 16947.9
0.6043 16962.9
0.6044 16977.9
0.6045 16992.8
0.6046 17007.8
0.6047 17022.7
0.6048 17037.6
0.6049 17052.5
0.605 17067.4
0.6051 17082.3
0.6052 17097.1
0.6053 17112
0.6054 17126.8
0.6055 17141.6
0.6056 17156.4
0.6057 17171.2
0.6058 17186
0.6059 17200.8
0.606 17215.5
0.6061 17230.2
0.6062 17245
0.6063 17259.7
0.6064 17274.4
0.6065 17289
0.6066 17303.7
0.6067 17318.3
0.6068 17333
0.6069 17347.6
0.607 17362.2
0.6071 17376.8
0.6072 17391.4
0.6073 17405.9
0.6074 17420.5
0.6075 17435
0.6076 17449.5
0.6077 17464.1
0.6078 17478.5
0.6079 17493
0.608 17507.5
0.6081 17521.9
0.6082 17536.4
0.6083 17550.8
0.6084 17565.2
0.6085 17579.6
0.6086 17594
0.6087 17608.3
0.6088 17622.7
0.6089 17637
0.609 17651.3
0.6091 17665.6
0.6092 17679.9
0.6093 17694.2
0.6094 17708.5
0.6095 17722.7
0.6096 17737
0.6097 17751.2
0.6098 17765.4
0.6099 17779.6
0.61 17793.8
0.6101 17807.9
0.6102 17822.1
0.6103 17836.2
0.6104 17850.3
0.6105 17864.4
0.6106 17878.5
0.6107 17892.6
0.6108 17906.6
0.6109 17920.7
0.611 17934.7
0.6111 17948.7
0.6112 17962.7
0.6113 17976.7
0.6114 17990.7
0.6115 18004.6
0.6116 18018.6
0.6117 18032.5
0.6118 18046.4
0.6119 18060.3
0.612 18074.2
0.6121 18088.1
0.6122 18101.9
0.6123 18115.8
0.6124 18129.6
0.6125 18143.4
0.6126 18157.2
0.6127 18171
0.6128 18184.7
0.6129 18198.5
0.613 18212.2
0.6131 18225.9
0.6132 18239.7
0.6133 18253.3
0.6134 18267
0.6135 18280.7
0.6136 18294.3
0.6137 18308
0.6138 18321.6
0.6139 18335.2
0.614 18348.8
0.6141 18362.3
0.6142 18375.9
0.6143 18389.4
0.6144 18402.9
0.6145 18416.5
0.6146 18430
0.6147 18443.4
0.6148 18456.9
0.6149 18470.4
0.615 18483.8
0.6151 18497.2
0.6152 18510.6
0.6153 18524
0.6154 18537.4
0.6155 18550.7
0.6156 18564.1
0.6157 18577.4
0.6158 18590.7
0.6159 18604
0.616 18617.3
0.6161 18630.6
0.6162 18643.8
0.6163 18657.1
0.6164 18670.3
0.6165 18683.5
0.6166 18696.7
0.6167 18709.9
0.6168 18723
0.6169 18736.2
0.617 18749.3
0.6171 18762.4
0.6172 18775.5
0.6173 18788.6
0.6174 18801.7
0.6175 18814.7
0.6176 18827.8
0.6177 18840.8
0.6178 18853.8
0.6179 18866.8
0.618 18879.8
0.6181 18892.7
0.6182 18905.7
0.6183 18918.6
0.6184 18931.5
0.6185 18944.4
0.6186 18957.3
0.6187 18970.2
0.6188 18983.1
0.6189 18995.9
0.619 19008.7
0.6191 19021.5
0.6192 19034.3
0.6193 19047.1
0.6194 19059.8
0.6195 19072.6
0.6196 19085.3
0.6197 19098
0.6198 19110.7
0.6199 19123.4
0.62 19136.1
0.6201 19148.7
0.6202 19161.4
0.6203 19174
0.6204 19186.6
0.6205 19199.2
0.6206 19211.8
0.6207 19224.3
0.6208 19236.9
0.6209 19249.4
0.621 19261.9
0.6211 19274.4
0.6212 19286.9
0.6213 19299.3
0.6214 19311.8
0.6215 19324.2
0.6216 19336.6
0.6217 19349
0.6218 19361.4
0.6219 19373.8
0.622 19386.1
0.6221 19398.5
0.6222 19410.8
0.6223 19423.1
0.6224 19435.4
0.6225 19447.7
0.6226 19459.9
0.6227 19472.2
0.6228 19484.4
0.6229 19496.6
0.623 19508.8
0.6231 19521
0.6232 19533.1
0.6233 19545.3
0.6234 19557.4
0.6235 19569.5
0.6236 19581.6
0.6237 19593.7
0.6238 19605.8
0.6239 19617.8
0.624 19629.9
0.6241 19641.9
0.6242 19653.9
0.6243 19665.9
0.6244 19677.8
0.6245 19689.8
0.6246 19701.7
0.6247 19713.7
0.6248 19725.6
0.6249 19737.5
0.625 19749.3
0.6251 19761.2
0.6252 19773
0.6253 19784.9
0.6254 19796.7
0.6255 19808.5
0.6256 19820.2
0.6257 19832
0.6258 19843.7
0.6259 19855.5
0.626 19867.2
0.6261 19878.9
0.6262 19890.6
0.6263 19902.2
0.6264 19913.9
0.6265 19925.5
0.6266 19937.1
0.6267 19948.7
0.6268 19960.3
0.6269 19971.9
0.627 19983.4
0.6271 19994.9
0.6272 20006.5
0.6273 20018
0.6274 20029.4
0.6275 20040.9
0.6276 20052.4
0.6277 20063.8
0.6278 20075.2
0.6279 20086.6
0.628 20098
0.6281 20109.4
0.6282 20120.7
0.6283 20132.1
0.6284 20143.4
0.6285 20154.7
0.6286 20166
0.6287 20177.2
0.6288 20188.5
0.6289 20199.7
0.629 20210.9
0.6291 20222.2
0.6292 20233.3
0.6293 20244.5
0.6294 20255.7
0.6295 20266.8
0.6296 20277.9
0.6297 20289
0.6298 20300.1
0.6299 20311.2
0.63 20322.3
0.6301 20333.3
0.6302 20344.3
0.6303 20355.3
0.6304 20366.3
0.6305 20377.3
0.6306 20388.2
0.6307 20399.2
0.6308 20410.1
0.6309 20421
0.631 20431.9
0.6311 20442.8
0.6312 20453.6
0.6313 20464.5
0.6314 20475.3
0.6315 20486.1
0.6316 20496.9
0.6317 20507.7
0.6318 20518.4
0.6319 20529.1
0.632 20539.9
0.6321 20550.6
0.6322 20561.3
0.6323 20571.9
0.6324 20582.6
0.6325 20593.2
0.6326 20603.8
0.6327 20614.5
0.6328 20625
0.6329 20635.6
0.633 20646.2
0.6331 20656.7
0.6332 20667.2
0.6333 20677.7
0.6334 20688.2
0.6335 20698.7
0.6336 20709.1
0.6337 20719.6
0.6338 20730
0.6339 20740.4
0.634 20750.8
0.6341 20761.1
0.6342 20771.5
0.6343 20781.8
0.6344 20792.1
0.6345 20802.4
0.6346 20812.7
0.6347 20823
0.6348 20833.2
0.6349 20843.5
0.635 20853.7
0.6351 20863.9
0.6352 20874.1
0.6353 20884.2
0.6354 20894.4
0.6355 20904.5
0.6356 20914.6
0.6357 20924.7
0.6358 20934.8
0.6359 20944.9
0.636 20954.9
0.6361 20964.9
0.6362 20974.9
0.6363 20984.9
0.6364 20994.9
0.6365 21004.9
0.6366 21014.8
0.6367 21024.7
0.6368 21034.6
0.6369 21044.5
0.637 21054.4
0.6371 21064.3
0.6372 21074.1
0.6373 21083.9
0.6374 21093.7
0.6375 21103.5
0.6376 21113.3
0.6377 21123
0.6378 21132.8
0.6379 21142.5
0.638 21152.2
0.6381 21161.9
0.6382 21171.5
0.6383 21181.2
0.6384 21190.8
0.6385 21200.4
0.6386 21210
0.6387 21219.6
0.6388 21229.2
0.6389 21238.7
0.639 21248.2
0.6391 21257.8
0.6392 21267.2
0.6393 21276.7
0.6394 21286.2
0.6395 21295.6
0.6396 21305
0.6397 21314.5
0.6398 21323.8
0.6399 21333.2
0.64 21342.6
0.6401 21351.9
0.6402 21361.2
0.6403 21370.5
0.6404 21379.8
0.6405 21389.1
0.6406 21398.3
0.6407 21407.6
0.6408 21416.8
0.6409 21426
0.641 21435.1
0.6411 21444.3
0.6412 21453.5
0.6413 21462.6
0.6414 21471.7
0.6415 21480.8
0.6416 21489.9
0.6417 21498.9
0.6418 21507.9
0.6419 21517
0.642 21526
0.6421 21535
0.6422 21543.9
0.6423 21552.9
0.6424 21561.8
0.6425 21570.7
0.6426 21579.6
0.6427 21588.5
0.6428 21597.4
0.6429 21606.2
0.643 21615
0.6431 21623.9
0.6432 21632.6
0.6433 21641.4
0.6434 21650.2
0.6435 21658.9
0.6436 21667.6
0.6437 21676.3
0.6438 21685
0.6439 21693.7
0.644 21702.3
0.6441 21711
0.6442 21719.6
0.6443 21728.2
0.6444 21736.8
0.6445 21745.3
0.6446 21753.9
0.6447 21762.4
0.6448 21770.9
0.6449 21779.4
0.645 21787.9
0.6451 21796.3
0.6452 21804.8
0.6453 21813.2
0.6454 21821.6
0.6455 21830
0.6456 21838.3
0.6457 21846.7
0.6458 21855
0.6459 21863.3
0.646 21871.6
0.6461 21879.9
0.6462 21888.2
0.6463 21896.4
0.6464 21904.6
0.6465 21912.8
0.6466 21921
0.6467 21929.2
0.6468 21937.3
0.6469 21945.5
0.647 21953.6
0.6471 21961.7
0.6472 21969.8
0.6473 21977.8
0.6474 21985.9
0.6475 21993.9
0.6476 22001.9
0.6477 22009.9
0.6478 22017.9
0.6479 22025.8
0.648 22033.8
0.6481 22041.7
0.6482 22049.6
0.6483 22057.5
0.6484 22065.3
0.6485 22073.2
0.6486 22081
0.6487 22088.8
0.6488 22096.6
0.6489 22104.4
0.649 22112.1
0.6491 22119.9
0.6492 22127.6
0.6493 22135.3
0.6494 22143
0.6495 22150.7
0.6496 22158.3
0.6497 22165.9
0.6498 22173.6
0.6499 22181.1
0.65 22188.7
0.6501 22196.3
0.6502 22203.8
0.6503 22211.3
0.6504 22218.8
0.6505 22226.3
0.6506 22233.8
0.6507 22241.2
0.6508 22248.7
0.6509 22256.1
0.651 22263.5
0.6511 22270.9
0.6512 22278.2
0.6513 22285.6
0.6514 22292.9
0.6515 22300.2
0.6516 22307.5
0.6517 22314.7
0.6518 22322
0.6519 22329.2
0.652 22336.4
0.6521 22343.6
0.6522 22350.8
0.6523 22357.9
0.6524 22365.1
0.6525 22372.2
0.6526 22379.3
0.6527 22386.4
0.6528 22393.5
0.6529 22400.5
0.653 22407.5
0.6531 22414.5
0.6532 22421.5
0.6533 22428.5
0.6534 22435.5
0.6535 22442.4
0.6536 22449.3
0.6537 22456.2
0.6538 22463.1
0.6539 22470
0.654 22476.8
0.6541 22483.6
0.6542 22490.5
0.6543 22497.2
0.6544 22504
0.6545 22510.8
0.6546 22517.5
0.6547 22524.2
0.6548 22530.9
0.6549 22537.6
0.655 22544.3
0.6551 22550.9
0.6552 22557.5
0.6553 22564.1
0.6554 22570.7
0.6555 22577.3
0.6556 22583.9
0.6557 22590.4
0.6558 22596.9
0.6559 22603.4
0.656 22609.9
0.6561 22616.3
0.6562 22622.8
0.6563 22629.2
0.6564 22635.6
0.6565 22642
0.6566 22648.4
0.6567 22654.7
0.6568 22661
0.6569 22667.4
0.657 22673.6
0.6571 22679.9
0.6572 22686.2
0.6573 22692.4
0.6574 22698.6
0.6575 22704.8
0.6576 22711
0.6577 22717.2
0.6578 22723.3
0.6579 22729.5
0.658 22735.6
0.6581 22741.6
0.6582 22747.7
0.6583 22753.8
0.6584 22759.8
0.6585 22765.8
0.6586 22771.8
0.6587 22777.8
0.6588 22783.8
0.6589 22789.7
0.659 22795.6
0.6591 22801.5
0.6592 22807.4
0.6593 22813.3
0.6594 22819.1
0.6595 22824.9
0.6596 22830.8
0.6597 22836.5
0.6598 22842.3
0.6599 22848.1
0.66 22853.8
0.6601 22859.5
0.6602 22865.2
0.6603 22870.9
0.6604 22876.6
0.6605 22882.2
0.6606 22887.8
0.6607 22893.4
0.6608 22899
0.6609 22904.6
0.661 22910.1
0.6611 22915.7
0.6612 22921.2
0.6613 22926.7
0.6614 22932.1
0.6615 22937.6
0.6616 22943
0.6617 22948.5
0.6618 22953.9
0.6619 22959.2
0.662 22964.6
0.6621 22969.9
0.6622 22975.3
0.6623 22980.6
0.6624 22985.9
0.6625 22991.1
0.6626 22996.4
0.6627 23001.6
0.6628 23006.8
0.6629 23012
0.663 23017.2
0.6631 23022.3
0.6632 23027.5
0.6633 23032.6
0.6634 23037.7
0.6635 23042.8
0.6636 23047.8
0.6637 23052.9
0.6638 23057.9
0.6639 23062.9
0.664 23067.9
0.6641 23072.9
0.6642 23077.8
0.6643 23082.7
0.6644 23087.6
0.6645 23092.5
0.6646 23097.4
0.6647 23102.3
0.6648 23107.1
0.6649 23111.9
0.665 23116.7
0.6651 23121.5
0.6652 23126.2
0.6653 23131
0.6654 23135.7
0.6655 23140.4
0.6656 23145.1
0.6657 23149.8
0.6658 23154.4
0.6659 23159
0.666 23163.6
0.6661 23168.2
0.6662 23172.8
0.6663 23177.3
0.6664 23181.9
0.6665 23186.4
0.6666 23190.9
0.6667 23195.4
0.6668 23199.8
0.6669 23204.3
0.667 23208.7
0.6671 23213.1
0.6672 23217.5
0.6673 23221.8
0.6674 23226.2
0.6675 23230.5
0.6676 23234.8
0.6677 23239.1
0.6678 23243.3
0.6679 23247.6
0.668 23251.8
0.6681 23256
0.6682 23260.2
0.6683 23264.4
0.6684 23268.6
0.6685 23272.7
0.6686 23276.8
0.6687 23280.9
0.6688 23285
0.6689 23289
0.669 23293.1
0.6691 23297.1
0.6692 23301.1
0.6693 23305.1
0.6694 23309
0.6695 23313
0.6696 23316.9
0.6697 23320.8
0.6698 23324.7
0.6699 23328.6
0.67 23332.4
0.6701 23336.2
0.6702 23340.1
0.6703 23343.9
0.6704 23347.6
0.6705 23351.4
0.6706 23355.1
0.6707 23358.8
0.6708 23362.5
0.6709 23366.2
0.671 23369.9
0.6711 23373.5
0.6712 23377.1
0.6713 23380.7
0.6714 23384.3
0.6715 23387.9
0.6716 23391.4
0.6717 23394.9
0.6718 23398.4
0.6719 23401.9
0.672 23405.4
0.6721 23408.8
0.6722 23412.3
0.6723 23415.7
0.6724 23419.1
0.6725 23422.4
0.6726 23425.8
0.6727 23429.1
0.6728 23432.4
0.6729 23435.7
0.673 23439
0.6731 23442.3
0.6732 23445.5
0.6733 23448.7
0.6734 23451.9
0.6735 23455.1
0.6736 23458.3
0.6737 23461.4
0.6738 23464.5
0.6739 23467.6
0.674 23470.7
0.6741 23473.8
0.6742 23476.8
0.6743 23479.9
0.6744 23482.9
0.6745 23485.9
0.6746 23488.8
0.6747 23491.8
0.6748 23494.7
0.6749 23497.6
0.675 23500.5
0.6751 23503.4
0.6752 23506.2
0.6753 23509.1
0.6754 23511.9
0.6755 23514.7
0.6756 23517.5
0.6757 23520.2
0.6758 23523
0.6759 23525.7
0.676 23528.4
0.6761 23531.1
0.6762 23533.7
0.6763 23536.4
0.6764 23539
0.6765 23541.6
0.6766 23544.2
0.6767 23546.8
0.6768 23549.3
0.6769 23551.8
0.677 23554.3
0.6771 23556.8
0.6772 23559.3
0.6773 23561.7
0.6774 23564.2
0.6775 23566.6
0.6776 23569
0.6777 23571.4
0.6778 23573.7
0.6779 23576
0.678 23578.4
0.6781 23580.7
0.6782 23582.9
0.6783 23585.2
0.6784 23587.4
0.6785 23589.7
0.6786 23591.9
0.6787 23594
0.6788 23596.2
0.6789 23598.3
0.679 23600.5
0.6791 23602.6
0.6792 23604.7
0.6793 23606.7
0.6794 23608.8
0.6795 23610.8
0.6796 23612.8
0.6797 23614.8
0.6798 23616.8
0.6799 23618.7
0.68 23620.6
0.6801 23622.6
0.6802 23624.4
0.6803 23626.3
0.6804 23628.2
0.6805 23630
0.6806 23631.8
0.6807 23633.6
0.6808 23635.4
0.6809 23637.2
0.681 23638.9
0.6811 23640.6
0.6812 23642.3
0.6813 23644
0.6814 23645.6
0.6815 23647.3
0.6816 23648.9
0.6817 23650.5
0.6818 23652.1
0.6819 23653.7
0.682 23655.2
0.6821 23656.7
0.6822 23658.2
0.6823 23659.7
0.6824 23661.2
0.6825 23662.6
0.6826 23664.1
0.6827 23665.5
0.6828 23666.9
0.6829 23668.2
0.683 23669.6
0.6831 23670.9
0.6832 23672.2
0.6833 23673.5
0.6834 23674.8
0.6835 23676.1
0.6836 23677.3
0.6837 23678.5
0.6838 23679.7
0.6839 23680.9
0.684 23682
0.6841 23683.2
0.6842 23684.3
0.6843 23685.4
0.6844 23686.5
0.6845 23687.5
0.6846 23688.6
0.6847 23689.6
0.6848 23690.6
0.6849 23691.6
0.685 23692.6
0.6851 23693.5
0.6852 23694.4
0.6853 23695.3
0.6854 23696.2
0.6855 23697.1
0.6856 23697.9
0.6857 23698.8
0.6858 23699.6
0.6859 23700.4
0.686 23701.2
0.6861 23701.9
0.6862 23702.6
0.6863 23703.3
0.6864 23704
0.6865 23704.7
0.6866 23705.4
0.6867 23706
0.6868 23706.6
0.6869 23707.2
0.687 23707.8
0.6871 23708.4
0.6872 23708.9
0.6873 23709.4
0.6874 23709.9
0.6875 23710.4
0.6876 23710.9
0.6877 23711.3
0.6878 23711.7
0.6879 23712.1
0.688 23712.5
0.6881 23712.9
0.6882 23713.2
0.6883 23713.6
0.6884 23713.9
0.6885 23714.1
0.6886 23714.4
0.6887 23714.7
0.6888 23714.9
0.6889 23715.1
0.689 23715.3
0.6891 23715.5
0.6892 23715.6
0.6893 23715.7
0.6894 23715.9
0.6895 23716
0.6896 23716
0.6897 23716.1
0.6898 23716.1
0.6899 23716.1
0.69 23716.1
0.6901 23716.1
0.6902 23716.1
0.6903 23716
0.6904 23715.9
0.6905 23715.8
0.6906 23715.7
0.6907 23715.6
0.6908 23715.4
0.6909 23715.2
0.691 23715
0.6911 23714.8
0.6912 23714.6
0.6913 23714.3
0.6914 23714.1
0.6915 23713.8
0.6916 23713.5
0.6917 23713.1
0.6918 23712.8
0.6919 23712.4
0.692 23712
0.6921 23711.6
0.6922 23711.2
0.6923 23710.7
0.6924 23710.3
0.6925 23709.8
0.6926 23709.3
0.6927 23708.7
0.6928 23708.2
0.6929 23707.6
0.693 23707
0.6931 23706.4
0.6932 23705.8
0.6933 23705.2
0.6934 23704.5
0.6935 23703.8
0.6936 23703.1
0.6937 23702.4
0.6938 23701.7
0.6939 23700.9
0.694 23700.1
0.6941 23699.3
0.6942 23698.5
0.6943 23697.7
0.6944 23696.8
0.6945 23696
0.6946 23695.1
0.6947 23694.2
0.6948 23693.2
0.6949 23692.3
0.695 23691.3
0.6951 23690.3
0.6952 23689.3
