0 0
0.0001 0
0.0002 0
0.0003 0
0.0004 0
0.0005 0
0.0006 0
0.0007 0
0.0008 0
0.0009 0
0.001 0
0.0011 0
0.0012 0
0.0013 0
0.0014 0
0.0015 0
0.0016 0
0.0017 0
0.0018 0
0.0019 0
0.002 0
0.0021 0
0.0022 0
0.0023 0
0.0024 0
0.0025 0
0.0026 0
0.0027 0
0.0028 0
0.0029 0
0.003 0
0.0031 0
0.0032 0
0.0033 0
0.0034 0
0.0035 0
0.0036 0
0.0037 0
0.0038 0
0.0039 0
0.004 0
0.0041 0
0.0042 0
0.0043 0
0.0044 0
0.0045 0
0.0046 0
0.0047 0
0.0048 0
0.0049 0
0.005 0
0.0051 0
0.0052 0
0.0053 0
0.0054 0
0.0055 0
0.0056 0
0.0057 0
0.0058 0
0.0059 0
0.006 0
0.0061 0
0.0062 0
0.0063 0
0.0064 0
0.0065 0
0.0066 0
0.0067 0
0.0068 0
0.0069 0
0.007 0
0.0071 0
0.0072 0
0.0073 0
0.0074 0
0.0075 0
0.0076 0
0.0077 0
0.0078 0
0.0079 0
0.008 0
0.0081 0
0.0082 0
0.0083 0
0.0084 0
0.0085 0
0.0086 0
0.0087 0
0.0088 0
0.0089 0
0.009 0
0.0091 0
0.0092 0
0.0093 0
0.0094 0
0.0095 0
0.0096 0
0.0097 0
0.0098 0
0.0099 0
0.01 0
0.0101 0
0.0102 0
0.0103 0
0.0104 0
0.0105 0
0.0106 0
0.0107 0
0.0108 0
0.0109 0
0.011 0
0.0111 0
0.0112 0
0.0113 0
0.0114 0
0.0115 0
0.0116 0
0.0117 0
0.0118 0
0.0119 0
0.012 0
0.0121 0
0.0122 0
0.0123 0
0.0124 0
0.0125 0
0.0126 0
0.0127 0
0.0128 0
0.0129 0
0.013 0
0.0131 0
0.0132 0
0.0133 0
0.0134 0
0.0135 0
0.0136 0
0.0137 0
0.0138 0
0.0139 0
0.014 0
0.0141 0
0.0142 0
0.0143 0
0.0144 0
0.0145 0
0.0146 0
0.0147 0
0.0148 0
0.0149 0
0.015 0
0.0151 0
0.0152 0
0.0153 0
0.0154 0
0.0155 0
0.0156 0
0.0157 0
0.0158 0
0.0159 0
0.016 0
0.0161 0
0.0162 0
0.0163 0
0.0164 0
0.0165 0
0.0166 0
0.0167 0
0.0168 0
0.0169 0
0.017 0
0.0171 0
0.0172 0
0.0173 0
0.0174 0
0.0175 0
0.0176 0
0.0177 0
0.0178 0
0.0179 0
0.018 0
0.0181 0
0.0182 0
0.0183 0
0.0184 0
0.0185 0
0.0186 0
0.0187 0
0.0188 0
0.0189 0
0.019 0
0.0191 0
0.0192 0
0.0193 0
0.0194 0
0.0195 0
0.0196 0
0.0197 0
0.0198 0
0.0199 0
0.02 0
0.0201 0
0.0202 0
0.0203 0
0.0204 0
0.0205 0
0.0206 0
0.0207 0
0.0208 0
0.0209 0
0.021 0
0.0211 0
0.0212 0
0.0213 0
0.0214 0
0.0215 0
0.0216 0
0.0217 0
0.0218 0
0.0219 0
0.022 0
0.0221 0
0.0222 0
0.0223 0
0.0224 0
0.0225 0
0.0226 0
0.0227 0
0.0228 0
0.0229 0
0.023 0
0.0231 0
0.0232 0
0.0233 0
0.0234 0
0.0235 0
0.0236 0
0.0237 0
0.0238 0
0.0239 0
0.024 0
0.0241 0
0.0242 0
0.0243 0
0.0244 0
0.0245 0
0.0246 0
0.0247 0
0.0248 0
0.0249 0
0.025 0
0.0251 0
0.0252 0
0.0253 0
0.0254 0
0.0255 0
0.0256 0
0.0257 0
0.0258 0
0.0259 0
0.026 0
0.0261 0
0.0262 0
0.0263 0
0.0264 0
0.0265 0
0.0266 0
0.0267 0
0.0268 0
0.0269 0
0.027 0
0.0271 0
0.0272 0
0.0273 0
0.0274 0
0.0275 0
0.0276 0
0.0277 0
0.0278 0
0.0279 0
0.028 0
0.0281 0
0.0282 0
0.0283 0
0.0284 0
0.0285 0
0.0286 0
0.0287 0
0.0288 0
0.0289 0
0.029 0
0.0291 0
0.0292 0
0.0293 0
0.0294 0
0.0295 0
0.0296 0
0.0297 0
0.0298 0
0.0299 0
0.03 0
0.0301 0
0.0302 0
0.0303 0
0.0304 0
0.0305 0
0.0306 0
0.0307 0
0.0308 0
0.0309 0
0.031 0
0.0311 0
0.0312 0
0.0313 0
0.0314 0
0.0315 0
0.0316 0
0.0317 0
0.0318 0
0.0319 0
0.032 0
0.0321 0
0.0322 0
0.0323 0
0.0324 0
0.0325 0
0.0326 0
0.0327 0
0.0328 0
0.0329 0
0.033 0
0.0331 0
0.0332 0
0.0333 0
0.0334 0
0.0335 0
0.0336 0
0.0337 0
0.0338 0
0.0339 0
0.034 0
0.0341 0
0.0342 0
0.0343 0
0.0344 0
0.0345 0
0.0346 0
0.0347 0
0.0348 0
0.0349 0
0.035 0
0.0351 0
0.0352 0
0.0353 0
0.0354 0
0.0355 0
0.0356 0
0.0357 0
0.0358 0
0.0359 0
0.036 0
0.0361 0
0.0362 0
0.0363 0
0.0364 0
0.0365 0
0.0366 0
0.0367 0
0.0368 0
0.0369 0
0.037 0
0.0371 0
0.0372 0
0.0373 0
0.0374 0
0.0375 0
0.0376 0
0.0377 0
0.0378 0
0.0379 0
0.038 0
0.0381 0
0.0382 0
0.0383 0
0.0384 0
0.0385 0
0.0386 0
0.0387 0
0.0388 0
0.0389 0
0.039 0
0.0391 0
0.0392 0
0.0393 0
0.0394 0
0.0395 0
0.0396 0
0.0397 0
0.0398 0
0.0399 0
0.04 0
0.0401 0
0.0402 0
0.0403 0
0.0404 0
0.0405 0
0.0406 0
0.0407 0
0.0408 0
0.0409 0
0.041 0
0.0411 0
0.0412 0
0.0413 0
0.0414 0
0.0415 0
0.0416 0
0.0417 0
0.0418 0
0.0419 0
0.042 0
0.0421 0
0.0422 0
0.0423 0
0.0424 0
0.0425 0
0.0426 0
0.0427 0
0.0428 0
0.0429 0
0.043 0
0.0431 0
0.0432 0
0.0433 0
0.0434 0
0.0435 0
0.0436 0
0.0437 0
0.0438 0
0.0439 0
0.044 0
0.0441 0
0.0442 0
0.0443 0
0.0444 0
0.0445 0
0.0446 0
0.0447 0
0.0448 0
0.0449 0
0.045 0
0.0451 0
0.0452 0
0.0453 0
0.0454 0
0.0455 0
0.0456 0
0.0457 0
0.0458 0
0.0459 0
0.046 0
0.0461 0
0.0462 0
0.0463 0
0.0464 0
0.0465 0
0.0466 0
0.0467 0
0.0468 0
0.0469 0
0.047 0
0.0471 0
0.0472 0
0.0473 0
0.0474 0
0.0475 0
0.0476 0
0.0477 0
0.0478 0
0.0479 0
0.048 0
0.0481 0
0.0482 0
0.0483 0
0.0484 0
0.0485 0
0.0486 0
0.0487 0
0.0488 0
0.0489 0
0.049 0
0.0491 0
0.0492 0
0.0493 0
0.0494 0
0.0495 0
0.0496 0
0.0497 0
0.0498 0
0.0499 0
0.05 0
0.0501 0
0.0502 0
0.0503 0
0.0504 0
0.0505 0
0.0506 0
0.0507 0
0.0508 0
0.0509 0
0.051 0
0.0511 0
0.0512 0
0.0513 0
0.0514 0
0.0515 0
0.0516 0
0.0517 0
0.0518 0
0.0519 0
0.052 0
0.0521 0
0.0522 0
0.0523 0
0.0524 0
0.0525 0
0.0526 0
0.0527 0
0.0528 0
0.0529 0
0.053 0
0.0531 0
0.0532 0
0.0533 0
0.0534 0
0.0535 0
0.0536 0
0.0537 0
0.0538 0
0.0539 0
0.054 0
0.0541 0
0.0542 0
0.0543 0
0.0544 0
0.0545 0
0.0546 0
0.0547 0
0.0548 0
0.0549 0
0.055 0
0.0551 0
0.0552 0
0.0553 0
0.0554 0
0.0555 0
0.0556 0
0.0557 0
0.0558 0
0.0559 0
0.056 0
0.0561 0
0.0562 0
0.0563 0
0.0564 0
0.0565 0
0.0566 0
0.0567 0
0.0568 0
0.0569 0
0.057 0
0.0571 0
0.0572 0
0.0573 0
0.0574 0
0.0575 0
0.0576 0
0.0577 0
0.0578 0
0.0579 0
0.058 0
0.0581 0
0.0582 0
0.0583 0
0.0584 0
0.0585 0
0.0586 0
0.0587 0
0.0588 0
0.0589 0
0.059 0
0.0591 0
0.0592 0
0.0593 0
0.0594 0
0.0595 0
0.0596 0
0.0597 0
0.0598 0
0.0599 0
0.06 0
0.0601 0
0.0602 0
0.0603 0
0.0604 0
0.0605 0
0.0606 0
0.0607 0
0.0608 0
0.0609 0
0.061 0
0.0611 0
0.0612 0
0.0613 0
0.0614 0
0.0615 0
0.0616 0
0.0617 0
0.0618 0
0.0619 0
0.062 0
0.0621 0
0.0622 0
0.0623 0
0.0624 0
0.0625 0
0.0626 0
0.0627 0
0.0628 0
0.0629 0
0.063 0
0.0631 0
0.0632 0
0.0633 0
0.0634 0
0.0635 0
0.0636 0
0.0637 0
0.0638 0
0.0639 0
0.064 0
0.0641 0
0.0642 0
0.0643 0
0.0644 0
0.0645 0
0.0646 0
0.0647 0
0.0648 0
0.0649 0
0.065 0
0.0651 0
0.0652 0
0.0653 0
0.0654 0
0.0655 0
0.0656 0
0.0657 0
0.0658 0
0.0659 0
0.066 0
0.0661 0
0.0662 0
0.0663 0
0.0664 0
0.0665 0
0.0666 0
0.0667 0
0.0668 0
0.0669 0
0.067 0
0.0671 0
0.0672 0
0.0673 0
0.0674 0
0.0675 0
0.0676 0
0.0677 0
0.0678 0
0.0679 0
0.068 0
0.0681 0
0.0682 0
0.0683 0
0.0684 0
0.0685 0
0.0686 0
0.0687 0
0.0688 0
0.0689 0
0.069 0
0.0691 0
0.0692 0
0.0693 0
0.0694 0
0.0695 0
0.0696 0
0.0697 0
0.0698 0
0.0699 0
0.07 0
0.0701 0
0.0702 0
0.0703 0
0.0704 0
0.0705 0
0.0706 0
0.0707 0
0.0708 0
0.0709 0
0.071 0
0.0711 0
0.0712 0
0.0713 0
0.0714 0
0.0715 0
0.0716 0
0.0717 0
0.0718 0
0.0719 0
0.072 0
0.0721 0
0.0722 0
0.0723 0
0.0724 0
0.0725 0
0.0726 0
0.0727 0
0.0728 0
0.0729 0
0.073 0
0.0731 0
0.0732 0
0.0733 0
0.0734 0
0.0735 0
0.0736 0
0.0737 0
0.0738 0
0.0739 0
0.074 0
0.0741 0
0.0742 0
0.0743 0
0.0744 0
0.0745 0
0.0746 0
0.0747 0
0.0748 0
0.0749 0
0.075 0
0.0751 0
0.0752 0
0.0753 0
0.0754 0
0.0755 0
0.0756 0
0.0757 0
0.0758 0
0.0759 0
0.076 0
0.0761 0
0.0762 0
0.0763 0
0.0764 0
0.0765 0
0.0766 0
0.0767 0
0.0768 0
0.0769 0
0.077 0
0.0771 0
0.0772 0
0.0773 0
0.0774 0
0.0775 0
0.0776 0
0.0777 0
0.0778 0
0.0779 0
0.078 0
0.0781 0
0.0782 0
0.0783 0
0.0784 0
0.0785 0
0.0786 0
0.0787 0
0.0788 0
0.0789 0
0.079 0
0.0791 0
0.0792 0
0.0793 0
0.0794 0
0.0795 0
0.0796 0
0.0797 0
0.0798 0
0.0799 0
0.08 0
0.0801 0
0.0802 0
0.0803 0
0.0804 0
0.0805 0
0.0806 0
0.0807 0
0.0808 0
0.0809 0
0.081 0
0.0811 0
0.0812 0
0.0813 0
0.0814 0
0.0815 0
0.0816 0
0.0817 0
0.0818 0
0.0819 0
0.082 0
0.0821 0
0.0822 0
0.0823 0
0.0824 0
0.0825 0
0.0826 0
0.0827 0
0.0828 0
0.0829 0
0.083 0
0.0831 0
0.0832 0
0.0833 0
0.0834 0
0.0835 0
0.0836 0
0.0837 0
0.0838 0
0.0839 0
0.084 0
0.0841 0
0.0842 0
0.0843 0
0.0844 0
0.0845 0
0.0846 0
0.0847 0
0.0848 0
0.0849 0
0.085 0
0.0851 0
0.0852 0
0.0853 0
0.0854 0
0.0855 0
0.0856 0
0.0857 0
0.0858 0
0.0859 0
0.086 0
0.0861 0
0.0862 0
0.0863 0
0.0864 0
0.0865 0
0.0866 0
0.0867 0
0.0868 0
0.0869 0
0.087 0
0.0871 0
0.0872 0
0.0873 0
0.0874 0
0.0875 0
0.0876 0
0.0877 0
0.0878 0
0.0879 0
0.088 0
0.0881 0
0.0882 0
0.0883 0
0.0884 0
0.0885 0
0.0886 0
0.0887 0
0.0888 0
0.0889 0
0.089 0
0.0891 0
0.0892 0
0.0893 0
0.0894 0
0.0895 0
0.0896 0
0.0897 0
0.0898 0
0.0899 0
0.09 0
0.0901 0
0.0902 0
0.0903 0
0.0904 0
0.0905 0
0.0906 0
0.0907 0
0.0908 0
0.0909 0
0.091 0
0.0911 0
0.0912 0
0.0913 0
0.0914 0
0.0915 0
0.0916 0
0.0917 0
0.0918 0
0.0919 0
0.092 0
0.0921 0
0.0922 0
0.0923 0
0.0924 0
0.0925 0
0.0926 0
0.0927 0
0.0928 0
0.0929 0
0.093 0
0.0931 0
0.0932 0
0.0933 0
0.0934 0
0.0935 0
0.0936 0
0.0937 0
0.0938 0
0.0939 0
0.094 0
0.0941 0
0.0942 0
0.0943 0
0.0944 0
0.0945 0
0.0946 0
0.0947 0
0.0948 0
0.0949 0
0.095 0
0.0951 0
0.0952 0
0.0953 0
0.0954 0
0.0955 0
0.0956 0
0.0957 0
0.0958 0
0.0959 0
0.096 0
0.0961 0
0.0962 0
0.0963 0
0.0964 0
0.0965 0
0.0966 0
0.0967 0
0.0968 0
0.0969 0
0.097 0
0.0971 0
0.0972 0
0.0973 0
0.0974 0
0.0975 0
0.0976 0
0.0977 0
0.0978 0
0.0979 0
0.098 0
0.0981 0
0.0982 0
0.0983 0
0.0984 0
0.0985 0
0.0986 0
0.0987 0
0.0988 0
0.0989 0
0.099 0
0.0991 0
0.0992 0
0.0993 0
0.0994 0
0.0995 0
0.0996 0
0.0997 0
0.0998 0
0.0999 0
0.1 0
0.1001 0
0.1002 0
0.1003 0
0.1004 0
0.1005 0
0.1006 0
0.1007 0
0.1008 0
0.1009 0
0.101 0
0.1011 0
0.1012 0
0.1013 0
0.1014 0
0.1015 0
0.1016 0
0.1017 0
0.1018 0
0.1019 0
0.102 0
0.1021 0
0.1022 0
0.1023 0
0.1024 0
0.1025 0
0.1026 0
0.1027 0
0.1028 0
0.1029 0
0.103 0
0.1031 0
0.1032 0
0.1033 0
0.1034 0
0.1035 0
0.1036 0
0.1037 0
0.1038 0
0.1039 0
0.104 0
0.1041 0
0.1042 0
0.1043 0
0.1044 0
0.1045 0
0.1046 0
0.1047 0
0.1048 0
0.1049 0
0.105 0
0.1051 0
0.1052 0
0.1053 0
0.1054 0
0.1055 0
0.1056 0
0.1057 0
0.1058 0
0.1059 0
0.106 0
0.1061 0
0.1062 0
0.1063 0
0.1064 0
0.1065 0
0.1066 0
0.1067 0
0.1068 0
0.1069 0
0.107 0
0.1071 0
0.1072 0
0.1073 0
0.1074 0
0.1075 0
0.1076 0
0.1077 0
0.1078 0
0.1079 0
0.108 0
0.1081 0
0.1082 0
0.1083 0
0.1084 0
0.1085 0
0.1086 0
0.1087 0
0.1088 0
0.1089 0
0.109 0
0.1091 0
0.1092 0
0.1093 0
0.1094 0
0.1095 0
0.1096 0
0.1097 0
0.1098 0
0.1099 0
0.11 0
0.1101 0
0.1102 0
0.1103 0
0.1104 0
0.1105 0
0.1106 0
0.1107 0
0.1108 0
0.1109 0
0.111 0
0.1111 0
0.1112 0
0.1113 0
0.1114 0
0.1115 0
0.1116 0
0.1117 0
0.1118 0
0.1119 0
0.112 0
0.1121 0
0.1122 0
0.1123 0
0.1124 0
0.1125 0
0.1126 0
0.1127 0
0.1128 0
0.1129 0
0.113 0
0.1131 0
0.1132 0
0.1133 0
0.1134 0
0.1135 0
0.1136 0
0.1137 0
0.1138 0
0.1139 0
0.114 0
0.1141 0
0.1142 0
0.1143 0
0.1144 0
0.1145 0
0.1146 0
0.1147 0
0.1148 0
0.1149 0
0.115 0
0.1151 0
0.1152 0
0.1153 0
0.1154 0
0.1155 0
0.1156 0
0.1157 0
0.1158 0
0.1159 0
0.116 0
0.1161 0
0.1162 0
0.1163 0
0.1164 0
0.1165 0
0.1166 0
0.1167 0
0.1168 0
0.1169 0
0.117 0
0.1171 0
0.1172 0
0.1173 0
0.1174 0
0.1175 0
0.1176 0
0.1177 0
0.1178 0
0.1179 0
0.118 0
0.1181 0
0.1182 0
0.1183 0
0.1184 0
0.1185 0
0.1186 0
0.1187 0
0.1188 0
0.1189 0
0.119 0
0.1191 0
0.1192 0
0.1193 0
0.1194 0
0.1195 0
0.1196 0
0.1197 0
0.1198 0
0.1199 0
0.12 0
0.1201 0
0.1202 0
0.1203 0
0.1204 0
0.1205 0
0.1206 0
0.1207 0
0.1208 0
0.1209 0
0.121 0
0.1211 0
0.1212 0
0.1213 0
0.1214 0
0.1215 0
0.1216 0
0.1217 0
0.1218 0
0.1219 0
0.122 0
0.1221 0
0.1222 0
0.1223 0
0.1224 0
0.1225 0
0.1226 0
0.1227 0
0.1228 0
0.1229 0
0.123 0
0.1231 0
0.1232 0
0.1233 0
0.1234 0
0.1235 0
0.1236 0
0.1237 0
0.1238 0
0.1239 0
0.124 0
0.1241 0
0.1242 0
0.1243 0
0.1244 0
0.1245 0
0.1246 0
0.1247 0
0.1248 0
0.1249 0
0.125 0
0.1251 0
0.1252 0
0.1253 0
0.1254 0
0.1255 0
0.1256 0
0.1257 0
0.1258 0
0.1259 0
0.126 0
0.1261 0
0.1262 0
0.1263 0
0.1264 0
0.1265 0
0.1266 0
0.1267 0
0.1268 0
0.1269 0
0.127 0
0.1271 0
0.1272 0
0.1273 0
0.1274 0
0.1275 0
0.1276 0
0.1277 0
0.1278 0
0.1279 0
0.128 0
0.1281 0
0.1282 0
0.1283 0
0.1284 0
0.1285 0
0.1286 0
0.1287 0
0.1288 0
0.1289 0
0.129 0
0.1291 0
0.1292 0
0.1293 0
0.1294 0
0.1295 0
0.1296 0
0.1297 0
0.1298 0
0.1299 0
0.13 0
0.1301 0
0.1302 0
0.1303 0
0.1304 0
0.1305 0
0.1306 0
0.1307 0
0.1308 0
0.1309 0
0.131 0
0.1311 0
0.1312 0
0.1313 0
0.1314 0
0.1315 0
0.1316 0
0.1317 0
0.1318 0
0.1319 0
0.132 0
0.1321 0
0.1322 0
0.1323 0
0.1324 0
0.1325 0
0.1326 0
0.1327 0
0.1328 0
0.1329 0
0.133 0
0.1331 0
0.1332 0
0.1333 0
0.1334 0
0.1335 0
0.1336 0
0.1337 0
0.1338 0
0.1339 0
0.134 0
0.1341 0
0.1342 0
0.1343 0
0.1344 0
0.1345 0
0.1346 0
0.1347 0
0.1348 0
0.1349 0
0.135 0
0.1351 0
0.1352 0
0.1353 0
0.1354 0
0.1355 0
0.1356 0
0.1357 0
0.1358 0
0.1359 0
0.136 0
0.1361 0
0.1362 0
0.1363 0
0.1364 0
0.1365 0
0.1366 0
0.1367 0
0.1368 0
0.1369 0
0.137 0
0.1371 0
0.1372 0
0.1373 0
0.1374 0
0.1375 0
0.1376 0
0.1377 0
0.1378 0
0.1379 0
0.138 0
0.1381 0
0.1382 0
0.1383 0
0.1384 0
0.1385 0
0.1386 0
0.1387 0
0.1388 0
0.1389 0
0.139 0
0.1391 0
0.1392 0
0.1393 0
0.1394 0
0.1395 0
0.1396 0
0.1397 0
0.1398 0
0.1399 0
0.14 0
0.1401 0
0.1402 0
0.1403 0
0.1404 0
0.1405 0
0.1406 0
0.1407 0
0.1408 0
0.1409 0
0.141 0
0.1411 0
0.1412 0
0.1413 0
0.1414 0
0.1415 0
0.1416 0
0.1417 0
0.1418 0
0.1419 0
0.142 0
0.1421 0
0.1422 0
0.1423 0
0.1424 0
0.1425 0
0.1426 0
0.1427 0
0.1428 0
0.1429 0
0.143 0
0.1431 0
0.1432 0
0.1433 0
0.1434 0
0.1435 0
0.1436 0
0.1437 0
0.1438 0
0.1439 0
0.144 0
0.1441 0
0.1442 0
0.1443 0
0.1444 0
0.1445 0
0.1446 0
0.1447 0
0.1448 0
0.1449 0
0.145 0
0.1451 0
0.1452 0
0.1453 0
0.1454 0
0.1455 0
0.1456 0
0.1457 0
0.1458 0
0.1459 0
0.146 0
0.1461 0
0.1462 0
0.1463 0
0.1464 0
0.1465 0
0.1466 0
0.1467 0
0.1468 0
0.1469 0
0.147 0
0.1471 0
0.1472 0
0.1473 0
0.1474 0
0.1475 0
0.1476 0
0.1477 0
0.1478 0
0.1479 0
0.148 0
0.1481 0
0.1482 0
0.1483 0
0.1484 0
0.1485 0
0.1486 0
0.1487 0
0.1488 0
0.1489 0
0.149 0
0.1491 0
0.1492 0
0.1493 0
0.1494 0
0.1495 0
0.1496 0
0.1497 0
0.1498 0
0.1499 0
0.15 0
0.1501 0
0.1502 0
0.1503 0
0.1504 0
0.1505 0
0.1506 0
0.1507 0
0.1508 0
0.1509 0
0.151 0
0.1511 0
0.1512 0
0.1513 0
0.1514 0
0.1515 0
0.1516 0
0.1517 0
0.1518 0
0.1519 0
0.152 0
0.1521 0
0.1522 0
0.1523 0
0.1524 0
0.1525 0
0.1526 0
0.1527 0
0.1528 0
0.1529 0
0.153 0
0.1531 0
0.1532 0
0.1533 0
0.1534 0
0.1535 0
0.1536 0
0.1537 0
0.1538 0
0.1539 0
0.154 0
0.1541 0
0.1542 0
0.1543 0
0.1544 0
0.1545 0
0.1546 0
0.1547 0
0.1548 0
0.1549 0
0.155 0
0.1551 0
0.1552 0
0.1553 0
0.1554 0
0.1555 0
0.1556 0
0.1557 0
0.1558 0
0.1559 0
0.156 0
0.1561 0
0.1562 0
0.1563 0
0.1564 0
0.1565 0
0.1566 0
0.1567 0
0.1568 0
0.1569 0
0.157 0
0.1571 0
0.1572 0
0.1573 0
0.1574 0
0.1575 0
0.1576 0
0.1577 0
0.1578 0
0.1579 0
0.158 0
0.1581 0
0.1582 0
0.1583 0
0.1584 0
0.1585 0
0.1586 0
0.1587 0
0.1588 0
0.1589 0
0.159 0
0.1591 0
0.1592 0
0.1593 0
0.1594 0
0.1595 0
0.1596 0
0.1597 0
0.1598 0
0.1599 0
0.16 0
0.1601 0
0.1602 0
0.1603 0
0.1604 0
0.1605 0
0.1606 0
0.1607 0
0.1608 0
0.1609 0
0.161 0
0.1611 0
0.1612 0
0.1613 0
0.1614 0
0.1615 0
0.1616 0
0.1617 0
0.1618 0
0.1619 0
0.162 0
0.1621 0
0.1622 0
0.1623 0
0.1624 0
0.1625 0
0.1626 0
0.1627 0
0.1628 0
0.1629 0
0.163 0
0.1631 0
0.1632 0
0.1633 0
0.1634 0
0.1635 0
0.1636 0
0.1637 0
0.1638 0
0.1639 0
0.164 0
0.1641 0
0.1642 0
0.1643 0
0.1644 0
0.1645 0
0.1646 0
0.1647 0
0.1648 0
0.1649 0
0.165 0
0.1651 0
0.1652 0
0.1653 0
0.1654 0
0.1655 0
0.1656 0
0.1657 0
0.1658 0
0.1659 0
0.166 0
0.1661 0
0.1662 0
0.1663 0
0.1664 0
0.1665 0
0.1666 0
0.1667 0
0.1668 0
0.1669 0
0.167 0
0.1671 0
0.1672 0
0.1673 0
0.1674 0
0.1675 0
0.1676 0
0.1677 0
0.1678 0
0.1679 0
0.168 0
0.1681 0
0.1682 0
0.1683 0
0.1684 0
0.1685 0
0.1686 0
0.1687 0
0.1688 0
0.1689 0
0.169 0
0.1691 0
0.1692 0
0.1693 0
0.1694 0
0.1695 0
0.1696 0
0.1697 0
0.1698 0
0.1699 0
0.17 0
0.1701 0
0.1702 0
0.1703 0
0.1704 0
0.1705 0
0.1706 0
0.1707 0
0.1708 0
0.1709 0
0.171 0
0.1711 0
0.1712 0
0.1713 0
0.1714 0
0.1715 0
0.1716 0
0.1717 0
0.1718 0
0.1719 0
0.172 0
0.1721 0
0.1722 0
0.1723 0
0.1724 0
0.1725 0
0.1726 0
0.1727 0
0.1728 0
0.1729 0
0.173 0
0.1731 0
0.1732 0
0.1733 0
0.1734 0
0.1735 0
0.1736 0
0.1737 0
0.1738 0
0.1739 0
0.174 0
0.1741 0
0.1742 0
0.1743 0
0.1744 0
0.1745 1.0891e+007
0.1746 1.74111e+008
0.1747 7.96005e+007
0.1748 -1.66275e+008
0.1749 -7.9671e+007
0.175 -476.674
0.1751 -496.715
0.1752 -516.755
0.1753 -536.796
0.1754 -556.835
0.1755 -576.875
0.1756 -596.914
0.1757 -616.952
0.1758 -636.99
0.1759 -657.027
0.176 -677.064
0.1761 -697.1
0.1762 -717.136
0.1763 -737.171
0.1764 -757.206
0.1765 -777.24
0.1766 -797.273
0.1767 -817.306
0.1768 -837.338
0.1769 -857.369
0.177 -877.399
0.1771 -897.429
0.1772 -917.458
0.1773 -937.487
0.1774 -957.514
0.1775 -977.541
0.1776 -997.567
0.1777 -1017.59
0.1778 -1037.62
0.1779 -1057.64
0.178 -1077.66
0.1781 -1097.68
0.1782 -1117.71
0.1783 -1137.73
0.1784 -1157.74
0.1785 -1177.76
0.1786 -1197.78
0.1787 -1217.8
0.1788 -1237.81
0.1789 -1257.83
0.179 -1277.84
0.1791 -1297.85
0.1792 -1317.86
0.1793 -1337.87
0.1794 -1357.88
0.1795 -1377.89
0.1796 -1397.89
0.1797 -1417.9
0.1798 -1437.9
0.1799 -1457.91
0.18 -1477.91
0.1801 -1497.91
0.1802 -1517.91
0.1803 -1537.91
0.1804 -1557.9
0.1805 -1577.9
0.1806 -1597.9
0.1807 -1617.89
0.1808 -1637.88
0.1809 -1657.87
0.181 -1677.86
0.1811 -1697.85
0.1812 -1717.83
0.1813 -1737.82
0.1814 -1757.8
0.1815 -1777.78
0.1816 -1797.77
0.1817 -1817.74
0.1818 -1837.72
0.1819 -1857.7
0.182 -1877.67
0.1821 -1897.65
0.1822 -1917.62
0.1823 -1937.59
0.1824 -1957.56
0.1825 -1977.52
0.1826 -1997.49
0.1827 -2017.45
0.1828 -2037.41
0.1829 -2057.37
0.183 -2077.33
0.1831 -2097.29
0.1832 -2117.25
0.1833 -2137.2
0.1834 -2157.15
0.1835 -2177.1
0.1836 -2197.05
0.1837 -2216.99
0.1838 -2236.94
0.1839 -2256.88
0.184 -2276.82
0.1841 -2296.76
0.1842 -2316.7
0.1843 -2336.63
0.1844 -2356.57
0.1845 -2376.5
0.1846 -2396.43
0.1847 -2416.36
0.1848 -2436.28
0.1849 -2456.21
0.185 -2476.13
0.1851 -2496.05
0.1852 -2515.96
0.1853 -2535.88
0.1854 -2555.79
0.1855 -2575.7
0.1856 -2595.61
0.1857 -2615.52
0.1858 -2635.43
0.1859 -2655.33
0.186 -2675.23
0.1861 -2695.13
0.1862 -2715.02
0.1863 -2734.92
0.1864 -2754.81
0.1865 -2774.7
0.1866 -2794.59
0.1867 -2814.47
0.1868 -2834.35
0.1869 -2854.23
0.187 -2874.11
0.1871 -2893.99
0.1872 -2913.86
0.1873 -2933.73
0.1874 -2953.6
0.1875 -2973.47
0.1876 -2993.33
0.1877 -3013.19
0.1878 -3033.05
0.1879 -3052.91
0.188 -3072.76
0.1881 -3092.61
0.1882 -3112.46
0.1883 -3132.31
0.1884 -3152.15
0.1885 -3171.99
0.1886 -3191.83
0.1887 -3211.67
0.1888 -3231.5
0.1889 -3251.33
0.189 -3271.16
0.1891 -3290.98
0.1892 -3310.81
0.1893 -3330.63
0.1894 -3350.44
0.1895 -3370.26
0.1896 -3390.07
0.1897 -3409.88
0.1898 -3429.68
0.1899 -3449.49
0.19 -3469.29
0.1901 -3489.09
0.1902 -3508.88
0.1903 -3528.67
0.1904 -3548.46
0.1905 -3568.25
0.1906 -3588.03
0.1907 -3607.81
0.1908 -3627.59
0.1909 -3647.36
0.191 -3667.14
0.1911 -3686.9
0.1912 -3706.67
0.1913 -3726.43
0.1914 -3746.19
0.1915 -3765.95
0.1916 -3785.7
0.1917 -3805.45
0.1918 -3825.2
0.1919 -3844.94
0.192 -3864.68
0.1921 -3884.42
0.1922 -3904.16
0.1923 -3923.89
0.1924 -3943.61
0.1925 -3963.34
0.1926 -3983.06
0.1927 -4002.78
0.1928 -4022.49
0.1929 -4042.21
0.193 -4061.91
0.1931 -4081.62
0.1932 -4101.32
0.1933 -4121.02
0.1934 -4140.72
0.1935 -4160.41
0.1936 -4180.1
0.1937 -4199.78
0.1938 -4219.46
0.1939 -4239.14
0.194 -4258.81
0.1941 -4278.49
0.1942 -4298.15
0.1943 -4317.82
0.1944 -4337.48
0.1945 -4357.13
0.1946 -4376.79
0.1947 -4396.44
0.1948 -4416.08
0.1949 -4435.73
0.195 -4455.37
0.1951 -4475
0.1952 -4494.63
0.1953 -4514.26
0.1954 -4533.89
0.1955 -4553.51
0.1956 -4573.12
0.1957 -4592.74
0.1958 -4612.35
0.1959 -4631.95
0.196 -4651.55
0.1961 -4671.15
0.1962 -4690.75
0.1963 -4710.34
0.1964 -4729.92
0.1965 -4749.51
0.1966 -4769.09
0.1967 -4788.66
0.1968 -4808.23
0.1969 -4827.8
0.197 -4847.36
0.1971 -4866.92
0.1972 -4886.48
0.1973 -4906.03
0.1974 -4925.57
0.1975 -4945.12
0.1976 -4964.66
0.1977 -4984.19
0.1978 -5003.72
0.1979 -5023.25
0.198 -5042.77
0.1981 -5062.29
0.1982 -5081.81
0.1983 -5101.32
0.1984 -5120.82
0.1985 -5140.33
0.1986 -5159.82
0.1987 -5179.32
0.1988 -5198.81
0.1989 -5218.29
0.199 -5237.77
0.1991 -5257.25
0.1992 -5276.72
0.1993 -5296.19
0.1994 -5315.65
0.1995 -5335.11
0.1996 -5354.57
0.1997 -5374.02
0.1998 -5393.47
0.1999 -5412.91
0.2 -5432.35
0.2001 -5451.78
0.2002 -5471.21
0.2003 -5490.63
0.2004 -5510.05
0.2005 -5529.47
0.2006 -5548.88
0.2007 -5568.28
0.2008 -5587.68
0.2009 -5607.08
0.201 -5626.47
0.2011 -5645.86
0.2012 -5665.24
0.2013 -5684.62
0.2014 -5704
0.2015 -5723.37
0.2016 -5742.73
0.2017 -5762.09
0.2018 -5781.45
0.2019 -5800.8
0.202 -5820.14
0.2021 -5839.48
0.2022 -5858.82
0.2023 -5878.15
0.2024 -5897.48
0.2025 -5916.8
0.2026 -5936.12
0.2027 -5955.43
0.2028 -5974.74
0.2029 -5994.04
0.203 -6013.34
0.2031 -6032.63
0.2032 -6051.92
0.2033 -6071.2
0.2034 -6090.48
0.2035 -6109.75
0.2036 -6129.02
0.2037 -6148.28
0.2038 -6167.54
0.2039 -6186.79
0.204 -6206.04
0.2041 -6225.28
0.2042 -6244.52
0.2043 -6263.75
0.2044 -6282.98
0.2045 -6302.2
0.2046 -6321.42
0.2047 -6340.63
0.2048 -6359.83
0.2049 -6379.04
0.205 -6398.23
0.2051 -6417.42
0.2052 -6436.61
0.2053 -6455.79
0.2054 -6474.96
0.2055 -6494.13
0.2056 -6513.3
0.2057 -6532.46
0.2058 -6551.61
0.2059 -6570.76
0.206 -6589.9
0.2061 -6609.04
0.2062 -6628.17
0.2063 -6647.3
0.2064 -6666.42
0.2065 -6685.54
0.2066 -6704.65
0.2067 -6723.76
0.2068 -6742.86
0.2069 -6761.95
0.207 -6781.04
0.2071 -6800.12
0.2072 -6819.2
0.2073 -6838.27
0.2074 -6857.34
0.2075 -6876.4
0.2076 -6895.45
0.2077 -6914.5
0.2078 -6933.55
0.2079 -6952.59
0.208 -6971.62
0.2081 -6990.64
0.2082 -7009.67
0.2083 -7028.68
0.2084 -7047.69
0.2085 -7066.7
0.2086 -7085.69
0.2087 -7104.69
0.2088 -7123.67
0.2089 -7142.65
0.209 -7161.63
0.2091 -7180.6
0.2092 -7199.56
0.2093 -7218.52
0.2094 -7237.47
0.2095 -7256.42
0.2096 -7275.35
0.2097 -7294.29
0.2098 -7313.22
0.2099 -7332.14
0.21 -7351.05
0.2101 -7369.96
0.2102 -7388.87
0.2103 -7407.76
0.2104 -7426.66
0.2105 -7445.54
0.2106 -7464.42
0.2107 -7483.29
0.2108 -7502.16
0.2109 -7521.02
0.211 -7539.88
0.2111 -7558.73
0.2112 -7577.57
0.2113 -7596.41
0.2114 -7615.24
0.2115 -7634.06
0.2116 -7652.88
0.2117 -7671.69
0.2118 -7690.5
0.2119 -7709.29
0.212 -7728.09
0.2121 -7746.87
0.2122 -7765.65
0.2123 -7784.43
0.2124 -7803.2
0.2125 -7821.96
0.2126 -7840.71
0.2127 -7859.46
0.2128 -7878.2
0.2129 -7896.94
0.213 -7915.66
0.2131 -7934.39
0.2132 -7953.1
0.2133 -7971.81
0.2134 -7990.52
0.2135 -8009.21
0.2136 -8027.9
0.2137 -8046.59
0.2138 -8065.26
0.2139 -8083.93
0.214 -8102.6
0.2141 -8121.25
0.2142 -8139.9
0.2143 -8158.55
0.2144 -8177.18
0.2145 -8195.81
0.2146 -8214.44
0.2147 -8233.05
0.2148 -8251.66
0.2149 -8270.27
0.215 -8288.87
0.2151 -8307.45
0.2152 -8326.04
0.2153 -8344.61
0.2154 -8363.18
0.2155 -8381.75
0.2156 -8400.3
0.2157 -8418.85
0.2158 -8437.39
0.2159 -8455.93
0.216 -8474.46
0.2161 -8492.98
0.2162 -8511.49
0.2163 -8530
0.2164 -8548.5
0.2165 -8566.99
0.2166 -8585.48
0.2167 -8603.96
0.2168 -8622.43
0.2169 -8640.9
0.217 -8659.36
0.2171 -8677.81
0.2172 -8696.25
0.2173 -8714.69
0.2174 -8733.12
0.2175 -8751.54
0.2176 -8769.96
0.2177 -8788.37
0.2178 -8806.77
0.2179 -8825.16
0.218 -8843.55
0.2181 -8861.93
0.2182 -8880.3
0.2183 -8898.67
0.2184 -8917.02
0.2185 -8935.38
0.2186 -8953.72
0.2187 -8972.05
0.2188 -8990.38
0.2189 -9008.7
0.219 -9027.02
0.2191 -9045.33
0.2192 -9063.62
0.2193 -9081.92
0.2194 -9100.2
0.2195 -9118.48
0.2196 -9136.75
0.2197 -9155.01
0.2198 -9173.26
0.2199 -9191.51
0.22 -9209.75
0.2201 -9227.98
0.2202 -9246.21
0.2203 -9264.43
0.2204 -9282.63
0.2205 -9300.84
0.2206 -9319.03
0.2207 -9337.22
0.2208 -9355.4
0.2209 -9373.57
0.221 -9391.73
0.2211 -9409.89
0.2212 -9428.04
0.2213 -9446.18
0.2214 -9464.31
0.2215 -9482.43
0.2216 -9500.55
0.2217 -9518.66
0.2218 -9536.76
0.2219 -9554.86
0.222 -9572.94
0.2221 -9591.02
0.2222 -9609.09
0.2223 -9627.16
0.2224 -9645.21
0.2225 -9663.26
0.2226 -9681.3
0.2227 -9699.33
0.2228 -9717.35
0.2229 -9735.37
0.223 -9753.38
0.2231 -9771.38
0.2232 -9789.37
0.2233 -9807.35
0.2234 -9825.33
0.2235 -9843.29
0.2236 -9861.25
0.2237 -9879.2
0.2238 -9897.15
0.2239 -9915.08
0.224 -9933.01
0.2241 -9950.93
0.2242 -9968.84
0.2243 -9986.74
0.2244 -10004.6
0.2245 -10022.5
0.2246 -10040.4
0.2247 -10058.3
0.2248 -10076.1
0.2249 -10094
0.225 -10111.8
0.2251 -10129.7
0.2252 -10147.5
0.2253 -10165.3
0.2254 -10183.1
0.2255 -10200.9
0.2256 -10218.7
0.2257 -10236.5
0.2258 -10254.3
0.2259 -10272.1
0.226 -10289.8
0.2261 -10307.6
0.2262 -10325.3
0.2263 -10343.1
0.2264 -10360.8
0.2265 -10378.5
0.2266 -10396.2
0.2267 -10413.9
0.2268 -10431.6
0.2269 -10449.3
0.227 -10467
0.2271 -10484.7
0.2272 -10502.3
0.2273 -10520
0.2274 -10537.6
0.2275 -10555.2
0.2276 -10572.9
0.2277 -10590.5
0.2278 -10608.1
0.2279 -10625.7
0.228 -10643.3
0.2281 -10660.9
0.2282 -10678.4
0.2283 -10696
0.2284 -10713.6
0.2285 -10731.1
0.2286 -10748.7
0.2287 -10766.2
0.2288 -10783.7
0.2289 -10801.2
0.229 -10818.7
0.2291 -10836.2
0.2292 -10853.7
0.2293 -10871.2
0.2294 -10888.6
0.2295 -10906.1
0.2296 -10923.6
0.2297 -10941
0.2298 -10958.4
0.2299 -10975.9
0.23 -10993.3
0.2301 -11010.7
0.2302 -11028.1
0.2303 -11045.5
0.2304 -11062.8
0.2305 -11080.2
0.2306 -11097.6
0.2307 -11114.9
0.2308 -11132.3
0.2309 -11149.6
0.231 -11166.9
0.2311 -11184.2
0.2312 -11201.5
0.2313 -11218.8
0.2314 -11236.1
0.2315 -11253.4
0.2316 -11270.7
0.2317 -11287.9
0.2318 -11305.2
0.2319 -11322.4
0.232 -11339.7
0.2321 -11356.9
0.2322 -11374.1
0.2323 -11391.3
0.2324 -11408.5
0.2325 -11425.7
0.2326 -11442.9
0.2327 -11460
0.2328 -11477.2
0.2329 -11494.3
0.233 -11511.5
0.2331 -11528.6
0.2332 -11545.7
0.2333 -11562.8
0.2334 -11579.9
0.2335 -11597
0.2336 -11614.1
0.2337 -11631.2
0.2338 -11648.2
0.2339 -11665.3
0.234 -11682.3
0.2341 -11699.4
0.2342 -11716.4
0.2343 -11733.4
0.2344 -11750.4
0.2345 -11767.4
0.2346 -11784.4
0.2347 -11801.4
0.2348 -11818.4
0.2349 -11835.3
0.235 -11852.3
0.2351 -11869.2
0.2352 -11886.1
0.2353 -11903
0.2354 -11920
0.2355 -11936.9
0.2356 -11953.7
0.2357 -11970.6
0.2358 -11987.5
0.2359 -12004.4
0.236 -12021.2
0.2361 -12038
0.2362 -12054.9
0.2363 -12071.7
0.2364 -12088.5
0.2365 -12105.3
0.2366 -12122.1
0.2367 -12138.9
0.2368 -12155.7
0.2369 -12172.4
0.237 -12189.2
0.2371 -12205.9
0.2372 -12222.6
0.2373 -12239.4
0.2374 -12256.1
0.2375 -12272.8
0.2376 -12289.5
0.2377 -12306.2
0.2378 -12322.8
0.2379 -12339.5
0.238 -12356.1
0.2381 -12372.8
0.2382 -12389.4
0.2383 -12406
0.2384 -12422.7
0.2385 -12439.3
0.2386 -12455.8
0.2387 -12472.4
0.2388 -12489
0.2389 -12505.6
0.239 -12522.1
0.2391 -12538.6
0.2392 -12555.2
0.2393 -12571.7
0.2394 -12588.2
0.2395 -12604.7
0.2396 -12621.2
0.2397 -12637.7
0.2398 -12654.1
0.2399 -12670.6
0.24 -12687
0.2401 -12703.5
0.2402 -12719.9
0.2403 -12736.3
0.2404 -12752.7
0.2405 -12769.1
0.2406 -12785.5
0.2407 -12801.9
0.2408 -12818.3
0.2409 -12834.6
0.241 -12851
0.2411 -12867.3
0.2412 -12883.6
0.2413 -12899.9
0.2414 -12916.2
0.2415 -12932.5
0.2416 -12948.8
0.2417 -12965.1
0.2418 -12981.3
0.2419 -12997.6
0.242 -13013.8
0.2421 -13030
0.2422 -13046.2
0.2423 -13062.5
0.2424 -13078.6
0.2425 -13094.8
0.2426 -13111
0.2427 -13127.2
0.2428 -13143.3
0.2429 -13159.5
0.243 -13175.6
0.2431 -13191.7
0.2432 -13207.8
0.2433 -13223.9
0.2434 -13240
0.2435 -13256.1
0.2436 -13272.2
0.2437 -13288.2
0.2438 -13304.3
0.2439 -13320.3
0.244 -13336.3
0.2441 -13352.3
0.2442 -13368.3
0.2443 -13384.3
0.2444 -13400.3
0.2445 -13416.3
0.2446 -13432.2
0.2447 -13448.2
0.2448 -13464.1
0.2449 -13480
0.245 -13495.9
0.2451 -13511.8
0.2452 -13527.7
0.2453 -13543.6
0.2454 -13559.5
0.2455 -13575.3
0.2456 -13591.2
0.2457 -13607
0.2458 -13622.8
0.2459 -13638.7
0.246 -13654.5
0.2461 -13670.2
0.2462 -13686
0.2463 -13701.8
0.2464 -13717.6
0.2465 -13733.3
0.2466 -13749
0.2467 -13764.8
0.2468 -13780.5
0.2469 -13796.2
0.247 -13811.9
0.2471 -13827.5
0.2472 -13843.2
0.2473 -13858.9
0.2474 -13874.5
0.2475 -13890.1
0.2476 -13905.8
0.2477 -13921.4
0.2478 -13937
0.2479 -13952.6
0.248 -13968.1
0.2481 -13983.7
0.2482 -13999.3
0.2483 -14014.8
0.2484 -14030.3
0.2485 -14045.9
0.2486 -14061.4
0.2487 -14076.9
0.2488 -14092.3
0.2489 -14107.8
0.249 -14123.3
0.2491 -14138.7
0.2492 -14154.2
0.2493 -14169.6
0.2494 -14185
0.2495 -14200.4
0.2496 -14215.8
0.2497 -14231.2
0.2498 -14246.6
0.2499 -14261.9
0.25 -14277.3
0.2501 -14292.6
0.2502 -14307.9
0.2503 -14323.2
0.2504 -14338.5
0.2505 -14353.8
0.2506 -14369.1
0.2507 -14384.4
0.2508 -14399.6
0.2509 -14414.9
0.251 -14430.1
0.2511 -14445.3
0.2512 -14460.5
0.2513 -14475.7
0.2514 -14490.9
0.2515 -14506.1
0.2516 -14521.2
0.2517 -14536.4
0.2518 -14551.5
0.2519 -14566.6
0.252 -14581.7
0.2521 -14596.8
0.2522 -14611.9
0.2523 -14627
0.2524 -14642
0.2525 -14657.1
0.2526 -14672.1
0.2527 -14687.2
0.2528 -14702.2
0.2529 -14717.2
0.253 -14732.2
0.2531 -14747.2
0.2532 -14762.1
0.2533 -14777.1
0.2534 -14792
0.2535 -14806.9
0.2536 -14821.9
0.2537 -14836.8
0.2538 -14851.7
0.2539 -14866.6
0.254 -14881.4
0.2541 -14896.3
0.2542 -14911.1
0.2543 -14926
0.2544 -14940.8
0.2545 -14955.6
0.2546 -14970.4
0.2547 -14985.2
0.2548 -14999.9
0.2549 -15014.7
0.255 -15029.5
0.2551 -15044.2
0.2552 -15058.9
0.2553 -15073.6
0.2554 -15088.3
0.2555 -15103
0.2556 -15117.7
0.2557 -15132.3
0.2558 -15147
0.2559 -15161.6
0.256 -15176.3
0.2561 -15190.9
0.2562 -15205.5
0.2563 -15220.1
0.2564 -15234.6
0.2565 -15249.2
0.2566 -15263.7
0.2567 -15278.3
0.2568 -15292.8
0.2569 -15307.3
0.257 -15321.8
0.2571 -15336.3
0.2572 -15350.8
0.2573 -15365.2
0.2574 -15379.7
0.2575 -15394.1
0.2576 -15408.6
0.2577 -15423
0.2578 -15437.4
0.2579 -15451.8
0.258 -15466.1
0.2581 -15480.5
0.2582 -15494.8
0.2583 -15509.2
0.2584 -15523.5
0.2585 -15537.8
0.2586 -15552.1
0.2587 -15566.4
0.2588 -15580.7
0.2589 -15594.9
0.259 -15609.2
0.2591 -15623.4
0.2592 -15637.6
0.2593 -15651.8
0.2594 -15666
0.2595 -15680.2
0.2596 -15694.4
0.2597 -15708.6
0.2598 -15722.7
0.2599 -15736.8
0.26 -15751
0.2601 -15765.1
0.2602 -15779.2
0.2603 -15793.2
0.2604 -15807.3
0.2605 -15821.4
0.2606 -15835.4
0.2607 -15849.4
0.2608 -15863.4
0.2609 -15877.4
0.261 -15891.4
0.2611 -15905.4
0.2612 -15919.4
0.2613 -15933.3
0.2614 -15947.3
0.2615 -15961.2
0.2616 -15975.1
0.2617 -15989
0.2618 -16002.9
0.2619 -16016.8
0.262 -16030.6
0.2621 -16044.5
0.2622 -16058.3
0.2623 -16072.1
0.2624 -16085.9
0.2625 -16099.7
0.2626 -16113.5
0.2627 -16127.3
0.2628 -16141
0.2629 -16154.8
0.263 -16168.5
0.2631 -16182.2
0.2632 -16195.9
0.2633 -16209.6
0.2634 -16223.3
0.2635 -16237
0.2636 -16250.6
0.2637 -16264.2
0.2638 -16277.9
0.2639 -16291.5
0.264 -16305.1
0.2641 -16318.7
0.2642 -16332.2
0.2643 -16345.8
0.2644 -16359.3
0.2645 -16372.9
0.2646 -16386.4
0.2647 -16399.9
0.2648 -16413.4
0.2649 -16426.8
0.265 -16440.3
0.2651 -16453.7
0.2652 -16467.2
0.2653 -16480.6
0.2654 -16494
0.2655 -16507.4
0.2656 -16520.8
0.2657 -16534.2
0.2658 -16547.5
0.2659 -16560.9
0.266 -16574.2
0.2661 -16587.5
0.2662 -16600.8
0.2663 -16614.1
0.2664 -16627.4
0.2665 -16640.6
0.2666 -16653.9
0.2667 -16667.1
0.2668 -16680.3
0.2669 -16693.5
0.267 -16706.7
0.2671 -16719.9
0.2672 -16733.1
0.2673 -16746.2
0.2674 -16759.3
0.2675 -16772.5
0.2676 -16785.6
0.2677 -16798.7
0.2678 -16811.8
0.2679 -16824.8
0.268 -16837.9
0.2681 -16850.9
0.2682 -16864
0.2683 -16877
0.2684 -16890
0.2685 -16903
0.2686 -16915.9
0.2687 -16928.9
0.2688 -16941.8
0.2689 -16954.8
0.269 -16967.7
0.2691 -16980.6
0.2692 -16993.5
0.2693 -17006.3
0.2694 -17019.2
0.2695 -17032.1
0.2696 -17044.9
0.2697 -17057.7
0.2698 -17070.5
0.2699 -17083.3
0.27 -17096.1
0.2701 -17108.8
0.2702 -17121.6
0.2703 -17134.3
0.2704 -17147.1
0.2705 -17159.8
0.2706 -17172.5
0.2707 -17185.1
0.2708 -17197.8
0.2709 -17210.5
0.271 -17223.1
0.2711 -17235.7
0.2712 -17248.3
0.2713 -17260.9
0.2714 -17273.5
0.2715 -17286.1
0.2716 -17298.6
0.2717 -17311.2
0.2718 -17323.7
0.2719 -17336.2
0.272 -17348.7
0.2721 -17361.2
0.2722 -17373.6
0.2723 -17386.1
0.2724 -17398.5
0.2725 -17411
0.2726 -17423.4
0.2727 -17435.8
0.2728 -17448.2
0.2729 -17460.5
0.273 -17472.9
0.2731 -17485.2
0.2732 -17497.6
0.2733 -17509.9
0.2734 -17522.2
0.2735 -17534.4
0.2736 -17546.7
0.2737 -17559
0.2738 -17571.2
0.2739 -17583.4
0.274 -17595.6
0.2741 -17607.8
0.2742 -17620
0.2743 -17632.2
0.2744 -17644.3
0.2745 -17656.5
0.2746 -17668.6
0.2747 -17680.7
0.2748 -17692.8
0.2749 -17704.9
0.275 -17717
0.2751 -17729
0.2752 -17741.1
0.2753 -17753.1
0.2754 -17765.1
0.2755 -17777.1
0.2756 -17789.1
0.2757 -17801
0.2758 -17813
0.2759 -17824.9
0.276 -17836.8
0.2761 -17848.8
0.2762 -17860.6
0.2763 -17872.5
0.2764 -17884.4
0.2765 -17896.2
0.2766 -17908.1
0.2767 -17919.9
0.2768 -17931.7
0.2769 -17943.5
0.277 -17955.3
0.2771 -17967
0.2772 -17978.8
0.2773 -17990.5
0.2774 -18002.2
0.2775 -18013.9
0.2776 -18025.6
0.2777 -18037.3
0.2778 -18048.9
0.2779 -18060.6
0.278 -18072.2
0.2781 -18083.8
0.2782 -18095.4
0.2783 -18107
0.2784 -18118.6
0.2785 -18130.1
0.2786 -18141.7
0.2787 -18153.2
0.2788 -18164.7
0.2789 -18176.2
0.279 -18187.7
0.2791 -18199.2
0.2792 -18210.6
0.2793 -18222
0.2794 -18233.5
0.2795 -18244.9
0.2796 -18256.3
0.2797 -18267.6
0.2798 -18279
0.2799 -18290.4
0.28 -18301.7
0.2801 -18313
0.2802 -18324.3
0.2803 -18335.6
0.2804 -18346.9
0.2805 -18358.1
0.2806 -18369.4
0.2807 -18380.6
0.2808 -18391.8
0.2809 -18403
0.281 -18414.2
0.2811 -18425.3
0.2812 -18436.5
0.2813 -18447.6
0.2814 -18458.8
0.2815 -18469.9
0.2816 -18481
0.2817 -18492
0.2818 -18503.1
0.2819 -18514.1
0.282 -18525.2
0.2821 -18536.2
0.2822 -18547.2
0.2823 -18558.2
0.2824 -18569.1
0.2825 -18580.1
0.2826 -18591
0.2827 -18602
0.2828 -18612.9
0.2829 -18623.8
0.283 -18634.7
0.2831 -18645.5
0.2832 -18656.4
0.2833 -18667.2
0.2834 -18678
0.2835 -18688.8
0.2836 -18699.6
0.2837 -18710.4
0.2838 -18721.1
0.2839 -18731.9
0.284 -18742.6
0.2841 -18753.3
0.2842 -18764
0.2843 -18774.7
0.2844 -18785.4
0.2845 -18796
0.2846 -18806.7
0.2847 -18817.3
0.2848 -18827.9
0.2849 -18838.5
0.285 -18849
0.2851 -18859.6
0.2852 -18870.1
0.2853 -18880.7
0.2854 -18891.2
0.2855 -18901.7
0.2856 -18912.2
0.2857 -18922.6
0.2858 -18933.1
0.2859 -18943.5
0.286 -18953.9
0.2861 -18964.3
0.2862 -18974.7
0.2863 -18985.1
0.2864 -18995.5
0.2865 -19005.8
0.2866 -19016.1
0.2867 -19026.4
0.2868 -19036.7
0.2869 -19047
0.287 -19057.3
0.2871 -19067.5
0.2872 -19077.8
0.2873 -19088
0.2874 -19098.2
0.2875 -19108.4
0.2876 -19118.5
0.2877 -19128.7
0.2878 -19138.8
0.2879 -19148.9
0.288 -19159.1
0.2881 -19169.1
0.2882 -19179.2
0.2883 -19189.3
0.2884 -19199.3
0.2885 -19209.4
0.2886 -19219.4
0.2887 -19229.4
0.2888 -19239.4
0.2889 -19249.3
0.289 -19259.3
0.2891 -19269.2
0.2892 -19279.1
0.2893 -19289
0.2894 -19298.9
0.2895 -19308.8
0.2896 -19318.7
0.2897 -19328.5
0.2898 -19338.3
0.2899 -19348.1
0.29 -19357.9
0.2901 -19367.7
0.2902 -19377.5
0.2903 -19387.2
0.2904 -19396.9
0.2905 -19406.7
0.2906 -19416.4
0.2907 -19426
0.2908 -19435.7
0.2909 -19445.4
0.291 -19455
0.2911 -19464.6
0.2912 -19474.2
0.2913 -19483.8
0.2914 -19493.4
0.2915 -19502.9
0.2916 -19512.5
0.2917 -19522
0.2918 -19531.5
0.2919 -19541
0.292 -19550.5
0.2921 -19559.9
0.2922 -19569.4
0.2923 -19578.8
0.2924 -19588.2
0.2925 -19597.6
0.2926 -19607
0.2927 -19616.4
0.2928 -19625.7
0.2929 -19635
0.293 -19644.4
0.2931 -19653.7
0.2932 -19662.9
0.2933 -19672.2
0.2934 -19681.5
0.2935 -19690.7
0.2936 -19699.9
0.2937 -19709.1
0.2938 -19718.3
0.2939 -19727.5
0.294 -19736.6
0.2941 -19745.8
0.2942 -19754.9
0.2943 -19764
0.2944 -19773.1
0.2945 -19782.2
0.2946 -19791.2
0.2947 -19800.3
0.2948 -19809.3
0.2949 -19818.3
0.295 -19827.3
0.2951 -19836.3
0.2952 -19845.2
0.2953 -19854.2
0.2954 -19863.1
0.2955 -19872
0.2956 -19880.9
0.2957 -19889.8
0.2958 -19898.7
0.2959 -19907.5
0.296 -19916.3
0.2961 -19925.2
0.2962 -19934
0.2963 -19942.7
0.2964 -19951.5
0.2965 -19960.3
0.2966 -19969
0.2967 -19977.7
0.2968 -19986.4
0.2969 -19995.1
0.297 -20003.8
0.2971 -20012.4
0.2972 -20021
0.2973 -20029.7
0.2974 -20038.3
0.2975 -20046.9
0.2976 -20055.4
0.2977 -20064
0.2978 -20072.5
0.2979 -20081
0.298 -20089.5
0.2981 -20098
0.2982 -20106.5
0.2983 -20115
0.2984 -20123.4
0.2985 -20131.8
0.2986 -20140.2
0.2987 -20148.6
0.2988 -20157
0.2989 -20165.4
0.299 -20173.7
0.2991 -20182
0.2992 -20190.3
0.2993 -20198.6
0.2994 -20206.9
0.2995 -20215.1
0.2996 -20223.4
0.2997 -20231.6
0.2998 -20239.8
0.2999 -20248
0.3 -20256.2
0.3001 -20264.4
0.3002 -20272.5
0.3003 -20280.6
0.3004 -20288.7
0.3005 -20296.8
0.3006 -20304.9
0.3007 -20313
0.3008 -20321
0.3009 -20329
0.301 -20337
0.3011 -20345
0.3012 -20353
0.3013 -20361
0.3014 -20368.9
0.3015 -20376.8
0.3016 -20384.7
0.3017 -20392.6
0.3018 -20400.5
0.3019 -20408.4
0.302 -20416.2
0.3021 -20424
0.3022 -20431.9
0.3023 -20439.6
0.3024 -20447.4
0.3025 -20455.2
0.3026 -20462.9
0.3027 -20470.7
0.3028 -20478.4
0.3029 -20486.1
0.303 -20493.7
0.3031 -20501.4
0.3032 -20509
0.3033 -20516.7
0.3034 -20524.3
0.3035 -20531.9
0.3036 -20539.4
0.3037 -20547
0.3038 -20554.5
0.3039 -20562.1
0.304 -20569.6
0.3041 -20577.1
0.3042 -20584.5
0.3043 -20592
0.3044 -20599.4
0.3045 -20606.9
0.3046 -20614.3
0.3047 -20621.7
0.3048 -20629
0.3049 -20636.4
0.305 -20643.7
0.3051 -20651.1
0.3052 -20658.4
0.3053 -20665.7
0.3054 -20672.9
0.3055 -20680.2
0.3056 -20687.4
0.3057 -20694.7
0.3058 -20701.9
0.3059 -20709
0.306 -20716.2
0.3061 -20723.4
0.3062 -20730.5
0.3063 -20737.6
0.3064 -20744.7
0.3065 -20751.8
0.3066 -20758.9
0.3067 -20765.9
0.3068 -20773
0.3069 -20780
0.307 -20787
0.3071 -20794
0.3072 -20801
0.3073 -20807.9
0.3074 -20814.8
0.3075 -20821.8
0.3076 -20828.7
0.3077 -20835.5
0.3078 -20842.4
0.3079 -20849.3
0.308 -20856.1
0.3081 -20862.9
0.3082 -20869.7
0.3083 -20876.5
0.3084 -20883.3
0.3085 -20890
0.3086 -20896.7
0.3087 -20903.4
0.3088 -20910.1
0.3089 -20916.8
0.309 -20923.5
0.3091 -20930.1
0.3092 -20936.8
0.3093 -20943.4
0.3094 -20950
0.3095 -20956.5
0.3096 -20963.1
0.3097 -20969.6
0.3098 -20976.2
0.3099 -20982.7
0.31 -20989.2
0.3101 -20995.6
0.3102 -21002.1
0.3103 -21008.5
0.3104 -21015
0.3105 -21021.4
0.3106 -21027.7
0.3107 -21034.1
0.3108 -21040.5
0.3109 -21046.8
0.311 -21053.1
0.3111 -21059.4
0.3112 -21065.7
0.3113 -21072
0.3114 -21078.2
0.3115 -21084.5
0.3116 -21090.7
0.3117 -21096.9
0.3118 -21103.1
0.3119 -21109.2
0.312 -21115.4
0.3121 -21121.5
0.3122 -21127.6
0.3123 -21133.7
0.3124 -21139.8
0.3125 -21145.8
0.3126 -21151.9
0.3127 -21157.9
0.3128 -21163.9
0.3129 -21169.9
0.313 -21175.9
0.3131 -21181.8
0.3132 -21187.8
0.3133 -21193.7
0.3134 -21199.6
0.3135 -21205.5
0.3136 -21211.4
0.3137 -21217.2
0.3138 -21223.1
0.3139 -21228.9
0.314 -21234.7
0.3141 -21240.5
0.3142 -21246.2
0.3143 -21252
0.3144 -21257.7
0.3145 -21263.4
0.3146 -21269.1
0.3147 -21274.8
0.3148 -21280.5
0.3149 -21286.1
0.315 -21291.7
0.3151 -21297.3
0.3152 -21302.9
0.3153 -21308.5
0.3154 -21314.1
0.3155 -21319.6
0.3156 -21325.1
0.3157 -21330.6
0.3158 -21336.1
0.3159 -21341.6
0.316 -21347.1
0.3161 -21352.5
0.3162 -21357.9
0.3163 -21363.3
0.3164 -21368.7
0.3165 -21374.1
0.3166 -21379.4
0.3167 -21384.7
0.3168 -21390.1
0.3169 -21395.3
0.317 -21400.6
0.3171 -21405.9
0.3172 -21411.1
0.3173 -21416.4
0.3174 -21421.6
0.3175 -21426.8
0.3176 -21431.9
0.3177 -21437.1
0.3178 -21442.2
0.3179 -21447.4
0.318 -21452.5
0.3181 -21457.5
0.3182 -21462.6
0.3183 -21467.7
0.3184 -21472.7
0.3185 -21477.7
0.3186 -21482.7
0.3187 -21487.7
0.3188 -21492.7
0.3189 -21497.6
0.319 -21502.5
0.3191 -21507.4
0.3192 -21512.3
0.3193 -21517.2
0.3194 -21522.1
0.3195 -21526.9
0.3196 -21531.7
0.3197 -21536.5
0.3198 -21541.3
0.3199 -21546.1
0.32 -21550.9
0.3201 -21555.6
0.3202 -21560.3
0.3203 -21565
0.3204 -21569.7
0.3205 -21574.4
0.3206 -21579
0.3207 -21583.6
0.3208 -21588.2
0.3209 -21592.8
0.321 -21597.4
0.3211 -21602
0.3212 -21606.5
0.3213 -21611
0.3214 -21615.5
0.3215 -21620
0.3216 -21624.5
0.3217 -21629
0.3218 -21633.4
0.3219 -21637.8
0.322 -21642.2
0.3221 -21646.6
0.3222 -21651
0.3223 -21655.3
0.3224 -21659.6
0.3225 -21663.9
0.3226 -21668.2
0.3227 -21672.5
0.3228 -21676.8
0.3229 -21681
0.323 -21685.2
0.3231 -21689.4
0.3232 -21693.6
0.3233 -21697.8
0.3234 -21702
0.3235 -21706.1
0.3236 -21710.2
0.3237 -21714.3
0.3238 -21718.4
0.3239 -21722.5
0.324 -21726.5
0.3241 -21730.5
0.3242 -21734.5
0.3243 -21738.5
0.3244 -21742.5
0.3245 -21746.5
0.3246 -21750.4
0.3247 -21754.3
0.3248 -21758.2
0.3249 -21762.1
0.325 -21766
0.3251 -21769.8
0.3252 -21773.7
0.3253 -21777.5
0.3254 -21781.3
0.3255 -21785.1
0.3256 -21788.8
0.3257 -21792.6
0.3258 -21796.3
0.3259 -21800
0.326 -21803.7
0.3261 -21807.4
0.3262 -21811
0.3263 -21814.7
0.3264 -21818.3
0.3265 -21821.9
0.3266 -21825.5
0.3267 -21829
0.3268 -21832.6
0.3269 -21836.1
0.327 -21839.6
0.3271 -21843.1
0.3272 -21846.6
0.3273 -21850.1
0.3274 -21853.5
0.3275 -21856.9
0.3276 -21860.3
0.3277 -21863.7
0.3278 -21867.1
0.3279 -21870.4
0.328 -21873.8
0.3281 -21877.1
0.3282 -21880.4
0.3283 -21883.7
0.3284 -21886.9
0.3285 -21890.2
0.3286 -21893.4
0.3287 -21896.6
0.3288 -21899.8
0.3289 -21903
0.329 -21906.1
0.3291 -21909.3
0.3292 -21912.4
0.3293 -21915.5
0.3294 -21918.6
0.3295 -21921.6
0.3296 -21924.7
0.3297 -21927.7
0.3298 -21930.7
0.3299 -21933.7
0.33 -21936.7
0.3301 -21939.7
0.3302 -21942.6
0.3303 -21945.5
0.3304 -21948.4
0.3305 -21951.3
0.3306 -21954.2
0.3307 -21957
0.3308 -21959.9
0.3309 -21962.7
0.331 -21965.5
0.3311 -21968.3
0.3312 -21971
0.3313 -21973.8
0.3314 -21976.5
0.3315 -21979.2
0.3316 -21981.9
0.3317 -21984.6
0.3318 -21987.2
0.3319 -21989.8
0.332 -21992.5
0.3321 -21995.1
0.3322 -21997.6
0.3323 -22000.2
0.3324 -22002.7
0.3325 -22005.3
0.3326 -22007.8
0.3327 -22010.3
0.3328 -22012.8
0.3329 -22015.2
0.333 -22017.6
0.3331 -22020.1
0.3332 -22022.5
0.3333 -22024.9
0.3334 -22027.2
0.3335 -22029.6
0.3336 -22031.9
0.3337 -22034.2
0.3338 -22036.5
0.3339 -22038.8
0.334 -22041
0.3341 -22043.3
0.3342 -22045.5
0.3343 -22047.7
0.3344 -22049.9
0.3345 -22052.1
0.3346 -22054.2
0.3347 -22056.3
0.3348 -22058.5
0.3349 -22060.6
0.335 -22062.6
0.3351 -22064.7
0.3352 -22066.7
0.3353 -22068.8
0.3354 -22070.8
0.3355 -22072.8
0.3356 -22074.7
0.3357 -22076.7
0.3358 -22078.6
0.3359 -22080.5
0.336 -22082.4
0.3361 -22084.3
0.3362 -22086.2
0.3363 -22088
0.3364 -22089.8
0.3365 -22091.6
0.3366 -22093.4
0.3367 -22095.2
0.3368 -22097
0.3369 -22098.7
0.337 -22100.4
0.3371 -22102.1
0.3372 -22103.8
0.3373 -22105.5
0.3374 -22107.1
0.3375 -22108.7
0.3376 -22110.3
0.3377 -22111.9
0.3378 -22113.5
0.3379 -22115.1
0.338 -22116.6
0.3381 -22118.1
0.3382 -22119.6
0.3383 -22121.1
0.3384 -22122.6
0.3385 -22124
0.3386 -22125.4
0.3387 -22126.8
0.3388 -22128.2
0.3389 -22129.6
0.339 -22131
0.3391 -22132.3
0.3392 -22133.6
0.3393 -22134.9
0.3394 -22136.2
0.3395 -22137.5
0.3396 -22138.7
0.3397 -22140
0.3398 -22141.2
0.3399 -22142.4
0.34 -22143.5
0.3401 -22144.7
0.3402 -22145.8
0.3403 -22147
0.3404 -22148.1
0.3405 -22149.1
0.3406 -22150.2
0.3407 -22151.3
0.3408 -22152.3
0.3409 -22153.3
0.341 -22154.3
0.3411 -22155.3
0.3412 -22156.2
0.3413 -22157.2
0.3414 -22158.1
0.3415 -22159
0.3416 -22159.9
0.3417 -22160.8
0.3418 -22161.6
0.3419 -22162.4
0.342 -22163.3
0.3421 -22164
0.3422 -22164.8
0.3423 -22165.6
0.3424 -22166.3
0.3425 -22167
0.3426 -22167.8
0.3427 -22168.4
0.3428 -22169.1
0.3429 -22169.8
0.343 -22170.4
0.3431 -22171
0.3432 -22171.6
0.3433 -22172.2
0.3434 -22172.7
0.3435 -22173.3
0.3436 -22173.8
0.3437 -22174.3
0.3438 -22174.8
0.3439 -22175.3
0.344 -22175.7
0.3441 -22176.2
0.3442 -22176.6
0.3443 -22177
0.3444 -22177.4
0.3445 -22177.7
0.3446 -22178.1
0.3447 -22178.4
0.3448 -22178.7
0.3449 -22179
0.345 -22179.3
0.3451 -22179.5
0.3452 -22179.7
0.3453 -22180
0.3454 -22180.2
0.3455 -22180.3
0.3456 -22180.5
0.3457 -22180.6
0.3458 -22180.8
0.3459 -22180.9
0.346 -22181
0.3461 -22181
0.3462 -22181.1
0.3463 -22181.1
0.3464 -22181.1
0.3465 -22181.1
0.3466 -22181.1
0.3467 -22181.1
0.3468 -22181
0.3469 -22181
0.347 -22180.9
0.3471 -22180.8
0.3472 -22180.6
0.3473 -22180.5
0.3474 -22180.3
0.3475 -22180.1
0.3476 -22179.9
0.3477 -22179.7
0.3478 -22179.5
0.3479 -22179.2
0.348 -22179
0.3481 -22178.7
0.3482 -22178.4
0.3483 -22178
0.3484 -22177.7
0.3485 -22177.3
0.3486 -22176.9
0.3487 -22176.5
0.3488 -22176.1
0.3489 -22175.7
0.349 -22175.2
0.3491 -22174.8
0.3492 -22174.3
0.3493 -22173.8
0.3494 -22173.2
0.3495 -22172.7
0.3496 -22172.1
0.3497 -22171.5
0.3498 -22170.9
0.3499 -22170.3
0.35 -22169.7
0.3501 -22169
0.3502 -22168.4
0.3503 -22167.7
0.3504 -22167
0.3505 -22166.3
0.3506 -22165.5
0.3507 -22164.7
0.3508 -22164
0.3509 -22163.2
0.351 -22162.4
0.3511 -22161.5
0.3512 -22160.7
0.3513 -22159.8
0.3514 -22158.9
0.3515 -22158
0.3516 -22157.1
0.3517 -22156.1
0.3518 -22155.2
0.3519 -22154.2
0.352 -22153.2
0.3521 -22152.2
0.3522 -22151.2
0.3523 -22150.1
0.3524 -22149
0.3525 -22147.9
0.3526 -22146.8
0.3527 -22145.7
0.3528 -22144.6
0.3529 -22143.4
0.353 -22142.2
0.3531 -22141
0.3532 -22139.8
0.3533 -22138.6
0.3534 -22137.3
0.3535 -22136.1
0.3536 -22134.8
0.3537 -22133.5
0.3538 -22132.2
0.3539 -22130.8
0.354 -22129.5
0.3541 -22128.1
0.3542 -22126.7
0.3543 -22125.3
0.3544 -22123.9
0.3545 -22122.4
0.3546 -22120.9
0.3547 -22119.5
0.3548 -22118
0.3549 -22116.4
0.355 -22114.9
0.3551 -22113.3
0.3552 -22111.8
0.3553 -22110.2
0.3554 -22108.6
0.3555 -22106.9
0.3556 -22105.3
0.3557 -22103.6
0.3558 -22101.9
0.3559 -22100.2
0.356 -22098.5
0.3561 -22096.8
0.3562 -22095
0.3563 -22093.2
0.3564 -22091.5
0.3565 -22089.6
0.3566 -22087.8
0.3567 -22086
0.3568 -22084.1
0.3569 -22082.2
0.357 -22080.3
0.3571 -22078.4
0.3572 -22076.5
0.3573 -22074.5
0.3574 -22072.5
0.3575 -22070.6
0.3576 -22068.5
0.3577 -22066.5
0.3578 -22064.5
0.3579 -22062.4
0.358 -22060.3
0.3581 -22058.2
0.3582 -22056.1
0.3583 -22054
0.3584 -22051.8
0.3585 -22049.7
0.3586 -22047.5
0.3587 -22045.3
0.3588 -22043
0.3589 -22040.8
0.359 -22038.5
0.3591 -22036.3
0.3592 -22034
0.3593 -22031.7
0.3594 -22029.3
0.3595 -22027
0.3596 -22024.6
0.3597 -22022.2
0.3598 -22019.8
0.3599 -22017.4
0.36 -22015
0.3601 -22012.5
0.3602 -22010
0.3603 -22007.5
0.3604 -22005
0.3605 -22002.5
0.3606 -21999.9
0.3607 -21997.4
0.3608 -21994.8
0.3609 -21992.2
0.361 -21989.6
0.3611 -21986.9
0.3612 -21984.3
0.3613 -21981.6
0.3614 -21978.9
0.3615 -21976.2
0.3616 -21973.5
0.3617 -21970.7
0.3618 -21968
0.3619 -21965.2
0.362 -21962.4
0.3621 -21959.6
0.3622 -21956.7
0.3623 -21953.9
0.3624 -21951
0.3625 -21948.1
0.3626 -21945.2
0.3627 -21942.3
0.3628 -21939.3
0.3629 -21936.4
0.363 -21933.4
0.3631 -21930.4
0.3632 -21927.4
0.3633 -21924.4
0.3634 -21921.3
0.3635 -21918.3
0.3636 -21915.2
0.3637 -21912.1
0.3638 -21908.9
0.3639 -21905.8
0.364 -21902.6
0.3641 -21899.5
0.3642 -21896.3
0.3643 -21893.1
0.3644 -21889.8
0.3645 -21886.6
0.3646 -21883.3
0.3647 -21880
0.3648 -21876.7
0.3649 -21873.4
0.365 -21870.1
0.3651 -21866.7
0.3652 -21863.4
0.3653 -21860
0.3654 -21856.6
0.3655 -21853.1
0.3656 -21849.7
0.3657 -21846.2
0.3658 -21842.8
0.3659 -21839.3
0.366 -21835.7
0.3661 -21832.2
0.3662 -21828.7
0.3663 -21825.1
0.3664 -21821.5
0.3665 -21817.9
0.3666 -21814.3
0.3667 -21810.6
0.3668 -21807
0.3669 -21803.3
0.367 -21799.6
0.3671 -21795.9
0.3672 -21792.2
0.3673 -21788.4
0.3674 -21784.7
0.3675 -21780.9
0.3676 -21777.1
0.3677 -21773.3
0.3678 -21769.4
0.3679 -21765.6
0.368 -21761.7
0.3681 -21757.8
0.3682 -21753.9
0.3683 -21750
0.3684 -21746.1
0.3685 -21742.1
0.3686 -21738.1
0.3687 -21734.1
0.3688 -21730.1
0.3689 -21726.1
0.369 -21722
0.3691 -21718
0.3692 -21713.9
0.3693 -21709.8
0.3694 -21705.7
0.3695 -21701.5
0.3696 -21697.4
0.3697 -21693.2
0.3698 -21689
0.3699 -21684.8
0.37 -21680.6
0.3701 -21676.3
0.3702 -21672.1
0.3703 -21667.8
0.3704 -21663.5
0.3705 -21659.2
0.3706 -21654.9
0.3707 -21650.5
0.3708 -21646.1
0.3709 -21641.8
0.371 -21637.4
0.3711 -21632.9
0.3712 -21628.5
0.3713 -21624
0.3714 -21619.6
0.3715 -21615.1
0.3716 -21610.6
0.3717 -21606
0.3718 -21601.5
0.3719 -21596.9
0.372 -21592.4
0.3721 -21587.8
0.3722 -21583.2
0.3723 -21578.5
0.3724 -21573.9
0.3725 -21569.2
0.3726 -21564.5
0.3727 -21559.8
0.3728 -21555.1
0.3729 -21550.4
0.373 -21545.6
0.3731 -21540.8
0.3732 -21536
0.3733 -21531.2
0.3734 -21526.4
0.3735 -21521.6
0.3736 -21516.7
0.3737 -21511.8
0.3738 -21506.9
0.3739 -21502
0.374 -21497.1
0.3741 -21492.1
0.3742 -21487.2
0.3743 -21482.2
0.3744 -21477.2
0.3745 -21472.2
0.3746 -21467.1
0.3747 -21462.1
0.3748 -21457
0.3749 -21451.9
0.375 -21446.8
0.3751 -21441.7
0.3752 -21436.6
0.3753 -21431.4
0.3754 -21426.2
0.3755 -21421
0.3756 -21415.8
0.3757 -21410.6
0.3758 -21405.3
0.3759 -21400.1
0.376 -21394.8
0.3761 -21389.5
0.3762 -21384.2
0.3763 -21378.9
0.3764 -21373.5
0.3765 -21368.1
0.3766 -21362.8
0.3767 -21357.4
0.3768 -21351.9
0.3769 -21346.5
0.377 -21341
0.3771 -21335.6
0.3772 -21330.1
0.3773 -21324.6
0.3774 -21319
0.3775 -21313.5
0.3776 -21307.9
0.3777 -21302.4
0.3778 -21296.8
0.3779 -21291.2
0.378 -21285.5
0.3781 -21279.9
0.3782 -21274.2
0.3783 -21268.5
0.3784 -21262.8
0.3785 -21257.1
0.3786 -21251.4
0.3787 -21245.6
0.3788 -21239.9
0.3789 -21234.1
0.379 -21228.3
0.3791 -21222.5
0.3792 -21216.6
0.3793 -21210.8
0.3794 -21204.9
0.3795 -21199
0.3796 -21193.1
0.3797 -21187.2
0.3798 -21181.2
0.3799 -21175.3
0.38 -21169.3
0.3801 -21163.3
0.3802 -21157.3
0.3803 -21151.3
0.3804 -21145.2
0.3805 -21139.2
0.3806 -21133.1
0.3807 -21127
0.3808 -21120.9
0.3809 -21114.7
0.381 -21108.6
0.3811 -21102.4
0.3812 -21096.2
0.3813 -21090
0.3814 -21083.8
0.3815 -21077.6
0.3816 -21071.3
0.3817 -21065.1
0.3818 -21058.8
0.3819 -21052.5
0.382 -21046.2
0.3821 -21039.8
0.3822 -21033.5
0.3823 -21027.1
0.3824 -21020.7
0.3825 -21014.3
0.3826 -21007.9
0.3827 -21001.4
0.3828 -20995
0.3829 -20988.5
0.383 -20982
0.3831 -20975.5
0.3832 -20969
0.3833 -20962.4
0.3834 -20955.9
0.3835 -20949.3
0.3836 -20942.7
0.3837 -20936.1
0.3838 -20929.4
0.3839 -20922.8
0.384 -20916.1
0.3841 -20909.5
0.3842 -20902.8
0.3843 -20896
0.3844 -20889.3
0.3845 -20882.6
0.3846 -20875.8
0.3847 -20869
0.3848 -20862.2
0.3849 -20855.4
0.385 -20848.6
0.3851 -20841.7
0.3852 -20834.8
0.3853 -20828
0.3854 -20821.1
0.3855 -20814.1
0.3856 -20807.2
0.3857 -20800.2
0.3858 -20793.3
0.3859 -20786.3
0.386 -20779.3
0.3861 -20772.3
0.3862 -20765.2
0.3863 -20758.2
0.3864 -20751.1
0.3865 -20744
0.3866 -20736.9
0.3867 -20729.8
0.3868 -20722.6
0.3869 -20715.5
0.387 -20708.3
0.3871 -20701.1
0.3872 -20693.9
0.3873 -20686.7
0.3874 -20679.4
0.3875 -20672.2
0.3876 -20664.9
0.3877 -20657.6
0.3878 -20650.3
0.3879 -20643
0.388 -20635.6
0.3881 -20628.3
0.3882 -20620.9
0.3883 -20613.5
0.3884 -20606.1
0.3885 -20598.7
0.3886 -20591.2
0.3887 -20583.8
0.3888 -20576.3
0.3889 -20568.8
0.389 -20561.3
0.3891 -20553.8
0.3892 -20546.2
0.3893 -20538.7
0.3894 -20531.1
0.3895 -20523.5
0.3896 -20515.9
0.3897 -20508.3
0.3898 -20500.6
0.3899 -20492.9
0.39 -20485.3
0.3901 -20477.6
0.3902 -20469.9
0.3903 -20462.1
0.3904 -20454.4
0.3905 -20446.6
0.3906 -20438.8
0.3907 -20431.1
0.3908 -20423.2
0.3909 -20415.4
0.391 -20407.6
0.3911 -20399.7
0.3912 -20391.8
0.3913 -20383.9
0.3914 -20376
0.3915 -20368.1
0.3916 -20360.1
0.3917 -20352.2
0.3918 -20344.2
0.3919 -20336.2
0.392 -20328.2
0.3921 -20320.2
0.3922 -20312.1
0.3923 -20304.1
0.3924 -20296
0.3925 -20287.9
0.3926 -20279.8
0.3927 -20271.7
0.3928 -20263.5
0.3929 -20255.4
0.393 -20247.2
0.3931 -20239
0.3932 -20230.8
0.3933 -20222.5
0.3934 -20214.3
0.3935 -20206
0.3936 -20197.8
0.3937 -20189.5
0.3938 -20181.2
0.3939 -20172.8
0.394 -20164.5
0.3941 -20156.1
0.3942 -20147.8
0.3943 -20139.4
0.3944 -20131
0.3945 -20122.5
0.3946 -20114.1
0.3947 -20105.6
0.3948 -20097.2
0.3949 -20088.7
0.395 -20080.2
0.3951 -20071.6
0.3952 -20063.1
0.3953 -20054.5
0.3954 -20046
0.3955 -20037.4
0.3956 -20028.8
0.3957 -20020.2
0.3958 -20011.5
0.3959 -20002.9
0.396 -19994.2
0.3961 -19985.5
0.3962 -19976.8
0.3963 -19968.1
0.3964 -19959.4
0.3965 -19950.6
0.3966 -19941.8
0.3967 -19933
0.3968 -19924.2
0.3969 -19915.4
0.397 -19906.6
0.3971 -19897.7
0.3972 -19888.9
0.3973 -19880
0.3974 -19871.1
0.3975 -19862.2
0.3976 -19853.3
0.3977 -19844.3
0.3978 -19835.3
0.3979 -19826.4
0.398 -19817.4
0.3981 -19808.4
0.3982 -19799.3
0.3983 -19790.3
0.3984 -19781.2
0.3985 -19772.2
0.3986 -19763.1
0.3987 -19754
0.3988 -19744.8
0.3989 -19735.7
0.399 -19726.5
0.3991 -19717.4
0.3992 -19708.2
0.3993 -19699
0.3994 -19689.7
0.3995 -19680.5
0.3996 -19671.3
0.3997 -19662
0.3998 -19652.7
0.3999 -19643.4
0.4 -19634.1
0.4001 -19624.7
0.4002 -19615.4
0.4003 -19606
0.4004 -19596.6
0.4005 -19587.2
0.4006 -19577.8
0.4007 -19568.4
0.4008 -19559
0.4009 -19549.5
0.401 -19540
0.4011 -19530.5
0.4012 -19521
0.4013 -19511.5
0.4014 -19501.9
0.4015 -19492.4
0.4016 -19482.8
0.4017 -19473.2
0.4018 -19463.6
0.4019 -19454
0.402 -19444.4
0.4021 -19434.7
0.4022 -19425
0.4023 -19415.4
0.4024 -19405.7
0.4025 -19395.9
0.4026 -19386.2
0.4027 -19376.5
0.4028 -19366.7
0.4029 -19356.9
0.403 -19347.1
0.4031 -19337.3
0.4032 -19327.5
0.4033 -19317.6
0.4034 -19307.8
0.4035 -19297.9
0.4036 -19288
0.4037 -19278.1
0.4038 -19268.2
0.4039 -19258.3
0.404 -19248.3
0.4041 -19238.3
0.4042 -19228.3
0.4043 -19218.3
0.4044 -19208.3
0.4045 -19198.3
0.4046 -19188.3
0.4047 -19178.2
0.4048 -19168.1
0.4049 -19158
0.405 -19147.9
0.4051 -19137.8
0.4052 -19127.6
0.4053 -19117.5
0.4054 -19107.3
0.4055 -19097.1
0.4056 -19086.9
0.4057 -19076.7
0.4058 -19066.5
0.4059 -19056.2
0.406 -19046
0.4061 -19035.7
0.4062 -19025.4
0.4063 -19015.1
0.4064 -19004.7
0.4065 -18994.4
0.4066 -18984
0.4067 -18973.7
0.4068 -18963.3
0.4069 -18952.9
0.407 -18942.4
0.4071 -18932
0.4072 -18921.6
0.4073 -18911.1
0.4074 -18900.6
0.4075 -18890.1
0.4076 -18879.6
0.4077 -18869.1
0.4078 -18858.5
0.4079 -18848
0.408 -18837.4
0.4081 -18826.8
0.4082 -18816.2
0.4083 -18805.6
0.4084 -18794.9
0.4085 -18784.3
0.4086 -18773.6
0.4087 -18762.9
0.4088 -18752.2
0.4089 -18741.5
0.409 -18730.8
0.4091 -18720
0.4092 -18709.3
0.4093 -18698.5
0.4094 -18687.7
0.4095 -18676.9
0.4096 -18666.1
0.4097 -18655.3
0.4098 -18644.4
0.4099 -18633.5
0.41 -18622.7
0.4101 -18611.8
0.4102 -18600.8
0.4103 -18589.9
0.4104 -18579
0.4105 -18568
0.4106 -18557
0.4107 -18546.1
0.4108 -18535.1
0.4109 -18524
0.411 -18513
0.4111 -18502
0.4112 -18490.9
0.4113 -18479.8
0.4114 -18468.7
0.4115 -18457.6
0.4116 -18446.5
0.4117 -18435.4
0.4118 -18424.2
0.4119 -18413
0.412 -18401.8
0.4121 -18390.6
0.4122 -18379.4
0.4123 -18368.2
0.4124 -18357
0.4125 -18345.7
0.4126 -18334.4
0.4127 -18323.1
0.4128 -18311.8
0.4129 -18300.5
0.413 -18289.2
0.4131 -18277.8
0.4132 -18266.5
0.4133 -18255.1
0.4134 -18243.7
0.4135 -18232.3
0.4136 -18220.9
0.4137 -18209.4
0.4138 -18198
0.4139 -18186.5
0.414 -18175
0.4141 -18163.5
0.4142 -18152
0.4143 -18140.5
0.4144 -18129
0.4145 -18117.4
0.4146 -18105.8
0.4147 -18094.2
0.4148 -18082.6
0.4149 -18071
0.415 -18059.4
0.4151 -18047.7
0.4152 -18036.1
0.4153 -18024.4
0.4154 -18012.7
0.4155 -18001
0.4156 -17989.3
0.4157 -17977.6
0.4158 -17965.8
0.4159 -17954.1
0.416 -17942.3
0.4161 -17930.5
0.4162 -17918.7
0.4163 -17906.9
0.4164 -17895
0.4165 -17883.2
0.4166 -17871.3
0.4167 -17859.4
0.4168 -17847.5
0.4169 -17835.6
0.417 -17823.7
0.4171 -17811.8
0.4172 -17799.8
0.4173 -17787.8
0.4174 -17775.9
0.4175 -17763.9
0.4176 -17751.8
0.4177 -17739.8
0.4178 -17727.8
0.4179 -17715.7
0.418 -17703.7
0.4181 -17691.6
0.4182 -17679.5
0.4183 -17667.4
0.4184 -17655.2
0.4185 -17643.1
0.4186 -17630.9
0.4187 -17618.8
0.4188 -17606.6
0.4189 -17594.4
0.419 -17582.2
0.4191 -17569.9
0.4192 -17557.7
0.4193 -17545.5
0.4194 -17533.2
0.4195 -17520.9
0.4196 -17508.6
0.4197 -17496.3
0.4198 -17484
0.4199 -17471.6
0.42 -17459.3
0.4201 -17446.9
0.4202 -17434.5
0.4203 -17422.1
0.4204 -17409.7
0.4205 -17397.3
0.4206 -17384.8
0.4207 -17372.4
0.4208 -17359.9
0.4209 -17347.4
0.421 -17334.9
0.4211 -17322.4
0.4212 -17309.9
0.4213 -17297.3
0.4214 -17284.8
0.4215 -17272.2
0.4216 -17259.6
0.4217 -17247
0.4218 -17234.4
0.4219 -17221.8
0.422 -17209.2
0.4221 -17196.5
0.4222 -17183.8
0.4223 -17171.2
0.4224 -17158.5
0.4225 -17145.7
0.4226 -17133
0.4227 -17120.3
0.4228 -17107.5
0.4229 -17094.8
0.423 -17082
0.4231 -17069.2
0.4232 -17056.4
0.4233 -17043.6
0.4234 -17030.7
0.4235 -17017.9
0.4236 -17005
0.4237 -16992.1
0.4238 -16979.3
0.4239 -16966.3
0.424 -16953.4
0.4241 -16940.5
0.4242 -16927.6
0.4243 -16914.6
0.4244 -16901.6
0.4245 -16888.6
0.4246 -16875.6
0.4247 -16862.6
0.4248 -16849.6
0.4249 -16836.5
0.425 -16823.5
0.4251 -16810.4
0.4252 -16797.3
0.4253 -16784.2
0.4254 -16771.1
0.4255 -16758
0.4256 -16744.9
0.4257 -16731.7
0.4258 -16718.5
0.4259 -16705.4
0.426 -16692.2
0.4261 -16679
0.4262 -16665.7
0.4263 -16652.5
0.4264 -16639.3
0.4265 -16626
0.4266 -16612.7
0.4267 -16599.4
0.4268 -16586.1
0.4269 -16572.8
0.427 -16559.5
0.4271 -16546.1
0.4272 -16532.8
0.4273 -16519.4
0.4274 -16506
0.4275 -16492.6
0.4276 -16479.2
0.4277 -16465.8
0.4278 -16452.4
0.4279 -16438.9
0.428 -16425.5
0.4281 -16412
0.4282 -16398.5
0.4283 -16385
0.4284 -16371.5
0.4285 -16357.9
0.4286 -16344.4
0.4287 -16330.8
0.4288 -16317.3
0.4289 -16303.7
0.429 -16290.1
0.4291 -16276.5
0.4292 -16262.8
0.4293 -16249.2
0.4294 -16235.6
0.4295 -16221.9
0.4296 -16208.2
0.4297 -16194.5
0.4298 -16180.8
0.4299 -16167.1
0.43 -16153.4
0.4301 -16139.6
0.4302 -16125.9
0.4303 -16112.1
0.4304 -16098.3
0.4305 -16084.5
0.4306 -16070.7
0.4307 -16056.9
0.4308 -16043.1
0.4309 -16029.2
0.431 -16015.3
0.4311 -16001.5
0.4312 -15987.6
0.4313 -15973.7
0.4314 -15959.8
0.4315 -15945.8
0.4316 -15931.9
0.4317 -15917.9
0.4318 -15904
0.4319 -15890
0.432 -15876
0.4321 -15862
0.4322 -15848
0.4323 -15834
0.4324 -15819.9
0.4325 -15805.9
0.4326 -15791.8
0.4327 -15777.7
0.4328 -15763.6
0.4329 -15749.5
0.433 -15735.4
0.4331 -15721.2
0.4332 -15707.1
0.4333 -15692.9
0.4334 -15678.8
0.4335 -15664.6
0.4336 -15650.4
0.4337 -15636.2
0.4338 -15622
0.4339 -15607.7
0.434 -15593.5
0.4341 -15579.2
0.4342 -15564.9
0.4343 -15550.6
0.4344 -15536.3
0.4345 -15522
0.4346 -15507.7
0.4347 -15493.4
0.4348 -15479
0.4349 -15464.7
0.435 -15450.3
0.4351 -15435.9
0.4352 -15421.5
0.4353 -15407.1
0.4354 -15392.6
0.4355 -15378.2
0.4356 -15363.8
0.4357 -15349.3
0.4358 -15334.8
0.4359 -15320.3
0.436 -15305.8
0.4361 -15291.3
0.4362 -15276.8
0.4363 -15262.2
0.4364 -15247.7
0.4365 -15233.1
0.4366 -15218.6
0.4367 -15204
0.4368 -15189.4
0.4369 -15174.8
0.437 -15160.1
0.4371 -15145.5
0.4372 -15130.8
0.4373 -15116.2
0.4374 -15101.5
0.4375 -15086.8
0.4376 -15072.1
0.4377 -15057.4
0.4378 -15042.7
0.4379 -15027.9
0.438 -15013.2
0.4381 -14998.4
0.4382 -14983.7
0.4383 -14968.9
0.4384 -14954.1
0.4385 -14939.3
0.4386 -14924.4
0.4387 -14909.6
0.4388 -14894.8
0.4389 -14879.9
0.439 -14865
0.4391 -14850.1
0.4392 -14835.2
0.4393 -14820.3
0.4394 -14805.4
0.4395 -14790.5
0.4396 -14775.5
0.4397 -14760.6
0.4398 -14745.6
0.4399 -14730.6
0.44 -14715.6
0.4401 -14700.6
0.4402 -14685.6
0.4403 -14670.6
0.4404 -14655.6
0.4405 -14640.5
0.4406 -14625.4
0.4407 -14610.4
0.4408 -14595.3
0.4409 -14580.2
0.441 -14565.1
0.4411 -14549.9
0.4412 -14534.8
0.4413 -14519.7
0.4414 -14504.5
0.4415 -14489.3
0.4416 -14474.1
0.4417 -14458.9
0.4418 -14443.7
0.4419 -14428.5
0.442 -14413.3
0.4421 -14398
0.4422 -14382.8
0.4423 -14367.5
0.4424 -14352.3
0.4425 -14337
0.4426 -14321.7
0.4427 -14306.3
0.4428 -14291
0.4429 -14275.7
0.443 -14260.3
0.4431 -14245
0.4432 -14229.6
0.4433 -14214.2
0.4434 -14198.8
0.4435 -14183.4
0.4436 -14168
0.4437 -14152.6
0.4438 -14137.1
0.4439 -14121.7
0.444 -14106.2
0.4441 -14090.8
0.4442 -14075.3
0.4443 -14059.8
0.4444 -14044.3
0.4445 -14028.7
0.4446 -14013.2
0.4447 -13997.7
0.4448 -13982.1
0.4449 -13966.5
0.445 -13951
0.4451 -13935.4
0.4452 -13919.8
0.4453 -13904.2
0.4454 -13888.5
0.4455 -13872.9
0.4456 -13857.3
0.4457 -13841.6
0.4458 -13825.9
0.4459 -13810.3
0.446 -13794.6
0.4461 -13778.9
0.4462 -13763.1
0.4463 -13747.4
0.4464 -13731.7
0.4465 -13715.9
0.4466 -13700.2
0.4467 -13684.4
0.4468 -13668.6
0.4469 -13652.8
0.447 -13637
0.4471 -13621.2
0.4472 -13605.4
0.4473 -13589.6
0.4474 -13573.7
0.4475 -13557.8
0.4476 -13542
0.4477 -13526.1
0.4478 -13510.2
0.4479 -13494.3
0.448 -13478.4
0.4481 -13462.5
0.4482 -13446.5
0.4483 -13430.6
0.4484 -13414.6
0.4485 -13398.6
0.4486 -13382.7
0.4487 -13366.7
0.4488 -13350.7
0.4489 -13334.7
0.449 -13318.6
0.4491 -13302.6
0.4492 -13286.6
0.4493 -13270.5
0.4494 -13254.4
0.4495 -13238.4
0.4496 -13222.3
0.4497 -13206.2
0.4498 -13190.1
0.4499 -13173.9
0.45 -13157.8
0.4501 -13141.7
0.4502 -13125.5
0.4503 -13109.3
0.4504 -13093.2
0.4505 -13077
0.4506 -13060.8
0.4507 -13044.6
0.4508 -13028.4
0.4509 -13012.1
0.451 -12995.9
0.4511 -12979.6
0.4512 -12963.4
0.4513 -12947.1
0.4514 -12930.8
0.4515 -12914.5
0.4516 -12898.2
0.4517 -12881.9
0.4518 -12865.6
0.4519 -12849.3
0.452 -12832.9
0.4521 -12816.6
0.4522 -12800.2
0.4523 -12783.8
0.4524 -12767.4
0.4525 -12751
0.4526 -12734.6
0.4527 -12718.2
0.4528 -12701.8
0.4529 -12685.4
0.453 -12668.9
0.4531 -12652.4
0.4532 -12636
0.4533 -12619.5
0.4534 -12603
0.4535 -12586.5
0.4536 -12570
0.4537 -12553.5
0.4538 -12536.9
0.4539 -12520.4
0.454 -12503.9
0.4541 -12487.3
0.4542 -12470.7
0.4543 -12454.1
0.4544 -12437.5
0.4545 -12420.9
0.4546 -12404.3
0.4547 -12387.7
0.4548 -12371.1
0.4549 -12354.4
0.455 -12337.8
0.4551 -12321.1
0.4552 -12304.4
0.4553 -12287.8
0.4554 -12271.1
0.4555 -12254.4
0.4556 -12237.7
0.4557 -12220.9
0.4558 -12204.2
0.4559 -12187.5
0.456 -12170.7
0.4561 -12153.9
0.4562 -12137.2
0.4563 -12120.4
0.4564 -12103.6
0.4565 -12086.8
0.4566 -12070
0.4567 -12053.1
0.4568 -12036.3
0.4569 -12019.5
0.457 -12002.6
0.4571 -11985.8
0.4572 -11968.9
0.4573 -11952
0.4574 -11935.1
0.4575 -11918.2
0.4576 -11901.3
0.4577 -11884.4
0.4578 -11867.5
0.4579 -11850.5
0.458 -11833.6
0.4581 -11816.6
0.4582 -11799.6
0.4583 -11782.7
0.4584 -11765.7
0.4585 -11748.7
0.4586 -11731.7
0.4587 -11714.6
0.4588 -11697.6
0.4589 -11680.6
0.459 -11663.5
0.4591 -11646.5
0.4592 -11629.4
0.4593 -11612.3
0.4594 -11595.3
0.4595 -11578.2
0.4596 -11561.1
0.4597 -11544
0.4598 -11526.8
0.4599 -11509.7
0.46 -11492.6
0.4601 -11475.4
0.4602 -11458.3
0.4603 -11441.1
0.4604 -11423.9
0.4605 -11406.7
0.4606 -11389.5
0.4607 -11372.3
0.4608 -11355.1
0.4609 -11337.9
0.461 -11320.7
0.4611 -11303.4
0.4612 -11286.2
0.4613 -11268.9
0.4614 -11251.6
0.4615 -11234.3
0.4616 -11217.1
0.4617 -11199.8
0.4618 -11182.5
0.4619 -11165.1
0.462 -11147.8
0.4621 -11130.5
0.4622 -11113.1
0.4623 -11095.8
0.4624 -11078.4
0.4625 -11061
0.4626 -11043.7
0.4627 -11026.3
0.4628 -11008.9
0.4629 -10991.5
0.463 -10974.1
0.4631 -10956.6
0.4632 -10939.2
0.4633 -10921.8
0.4634 -10904.3
0.4635 -10886.8
0.4636 -10869.4
0.4637 -10851.9
0.4638 -10834.4
0.4639 -10816.9
0.464 -10799.4
0.4641 -10781.9
0.4642 -10764.4
0.4643 -10746.8
0.4644 -10729.3
0.4645 -10711.8
0.4646 -10694.2
0.4647 -10676.6
0.4648 -10659.1
0.4649 -10641.5
0.465 -10623.9
0.4651 -10606.3
0.4652 -10588.7
0.4653 -10571.1
0.4654 -10553.4
0.4655 -10535.8
0.4656 -10518.2
0.4657 -10500.5
0.4658 -10482.8
0.4659 -10465.2
0.466 -10447.5
0.4661 -10429.8
0.4662 -10412.1
0.4663 -10394.4
0.4664 -10376.7
0.4665 -10359
0.4666 -10341.2
0.4667 -10323.5
0.4668 -10305.8
0.4669 -10288
0.467 -10270.2
0.4671 -10252.5
0.4672 -10234.7
0.4673 -10216.9
0.4674 -10199.1
0.4675 -10181.3
0.4676 -10163.5
0.4677 -10145.7
0.4678 -10127.8
0.4679 -10110
0.468 -10092.2
0.4681 -10074.3
0.4682 -10056.4
0.4683 -10038.6
0.4684 -10020.7
0.4685 -10002.8
0.4686 -9984.9
0.4687 -9967
0.4688 -9949.09
0.4689 -9931.17
0.469 -9913.24
0.4691 -9895.3
0.4692 -9877.36
0.4693 -9859.41
0.4694 -9841.45
0.4695 -9823.48
0.4696 -9805.5
0.4697 -9787.52
0.4698 -9769.52
0.4699 -9751.52
0.47 -9733.52
0.4701 -9715.5
0.4702 -9697.48
0.4703 -9679.44
0.4704 -9661.4
0.4705 -9643.36
0.4706 -9625.3
0.4707 -9607.24
0.4708 -9589.16
0.4709 -9571.08
0.471 -9553
0.4711 -9534.9
0.4712 -9516.8
0.4713 -9498.69
0.4714 -9480.57
0.4715 -9462.45
0.4716 -9444.31
0.4717 -9426.17
0.4718 -9408.02
0.4719 -9389.86
0.472 -9371.7
0.4721 -9353.53
0.4722 -9335.35
0.4723 -9317.16
0.4724 -9298.96
0.4725 -9280.76
0.4726 -9262.55
0.4727 -9244.33
0.4728 -9226.11
0.4729 -9207.88
0.473 -9189.64
0.4731 -9171.39
0.4732 -9153.13
0.4733 -9134.87
0.4734 -9116.6
0.4735 -9098.32
0.4736 -9080.04
0.4737 -9061.74
0.4738 -9043.44
0.4739 -9025.14
0.474 -9006.82
0.4741 -8988.5
0.4742 -8970.17
0.4743 -8951.83
0.4744 -8933.49
0.4745 -8915.14
0.4746 -8896.78
0.4747 -8878.41
0.4748 -8860.04
0.4749 -8841.66
0.475 -8823.27
0.4751 -8804.88
0.4752 -8786.47
0.4753 -8768.06
0.4754 -8749.65
0.4755 -8731.22
0.4756 -8712.79
0.4757 -8694.36
0.4758 -8675.91
0.4759 -8657.46
0.476 -8639
0.4761 -8620.53
0.4762 -8602.06
0.4763 -8583.58
0.4764 -8565.09
0.4765 -8546.6
0.4766 -8528.1
0.4767 -8509.59
0.4768 -8491.07
0.4769 -8472.55
0.477 -8454.02
0.4771 -8435.49
0.4772 -8416.94
0.4773 -8398.39
0.4774 -8379.84
0.4775 -8361.27
0.4776 -8342.7
0.4777 -8324.13
0.4778 -8305.54
0.4779 -8286.95
0.478 -8268.36
0.4781 -8249.75
0.4782 -8231.14
0.4783 -8212.52
0.4784 -8193.9
0.4785 -8175.27
0.4786 -8156.63
0.4787 -8137.99
0.4788 -8119.33
0.4789 -8100.68
0.479 -8082.01
0.4791 -8063.34
0.4792 -8044.66
0.4793 -8025.98
0.4794 -8007.29
0.4795 -7988.59
0.4796 -7969.89
0.4797 -7951.18
0.4798 -7932.46
0.4799 -7913.74
0.48 -7895.01
0.4801 -7876.27
0.4802 -7857.53
0.4803 -7838.78
0.4804 -7820.03
0.4805 -7801.27
0.4806 -7782.5
0.4807 -7763.72
0.4808 -7744.94
0.4809 -7726.15
0.481 -7707.36
0.4811 -7688.56
0.4812 -7669.76
0.4813 -7650.94
0.4814 -7632.13
0.4815 -7613.3
0.4816 -7594.47
0.4817 -7575.63
0.4818 -7556.79
0.4819 -7537.94
0.482 -7519.08
0.4821 -7500.22
0.4822 -7481.35
0.4823 -7462.48
0.4824 -7443.6
0.4825 -7424.71
0.4826 -7405.82
0.4827 -7386.92
0.4828 -7368.02
0.4829 -7349.11
0.483 -7330.19
0.4831 -7311.27
0.4832 -7292.34
0.4833 -7273.41
0.4834 -7254.47
0.4835 -7235.52
0.4836 -7216.57
0.4837 -7197.61
0.4838 -7178.65
0.4839 -7159.68
0.484 -7140.7
0.4841 -7121.72
0.4842 -7102.73
0.4843 -7083.74
0.4844 -7064.74
0.4845 -7045.74
0.4846 -7026.73
0.4847 -7007.71
0.4848 -6988.69
0.4849 -6969.66
0.485 -6950.63
0.4851 -6931.59
0.4852 -6912.54
0.4853 -6893.49
0.4854 -6874.44
0.4855 -6855.38
0.4856 -6836.31
0.4857 -6817.24
0.4858 -6798.16
0.4859 -6779.08
0.486 -6759.99
0.4861 -6740.89
0.4862 -6721.79
0.4863 -6702.68
0.4864 -6683.57
0.4865 -6664.46
0.4866 -6645.33
0.4867 -6626.21
0.4868 -6607.07
0.4869 -6587.94
0.487 -6568.79
0.4871 -6549.64
0.4872 -6530.49
0.4873 -6511.33
0.4874 -6492.16
0.4875 -6472.99
0.4876 -6453.82
0.4877 -6434.64
0.4878 -6415.45
0.4879 -6396.26
0.488 -6377.06
0.4881 -6357.86
0.4882 -6338.65
0.4883 -6319.44
0.4884 -6300.22
0.4885 -6281
0.4886 -6261.77
0.4887 -6242.54
0.4888 -6223.3
0.4889 -6204.06
0.489 -6184.81
0.4891 -6165.56
0.4892 -6146.3
0.4893 -6127.03
0.4894 -6107.77
0.4895 -6088.49
0.4896 -6069.22
0.4897 -6049.93
0.4898 -6030.64
0.4899 -6011.35
0.49 -5992.05
0.4901 -5972.75
0.4902 -5953.44
0.4903 -5934.13
0.4904 -5914.81
0.4905 -5895.49
0.4906 -5876.16
0.4907 -5856.83
0.4908 -5837.49
0.4909 -5818.15
0.491 -5798.81
0.4911 -5779.46
0.4912 -5760.1
0.4913 -5740.74
0.4914 -5721.37
0.4915 -5702
0.4916 -5682.63
0.4917 -5663.25
0.4918 -5643.87
0.4919 -5624.48
0.492 -5605.09
0.4921 -5585.69
0.4922 -5566.29
0.4923 -5546.88
0.4924 -5527.47
0.4925 -5508.05
0.4926 -5488.63
0.4927 -5469.21
0.4928 -5449.78
0.4929 -5430.35
0.493 -5410.91
0.4931 -5391.47
0.4932 -5372.02
0.4933 -5352.57
0.4934 -5333.11
0.4935 -5313.65
0.4936 -5294.19
0.4937 -5274.72
0.4938 -5255.25
0.4939 -5235.77
0.494 -5216.29
0.4941 -5196.8
0.4942 -5177.31
0.4943 -5157.82
0.4944 -5138.32
0.4945 -5118.82
0.4946 -5099.31
0.4947 -5079.8
0.4948 -5060.29
0.4949 -5040.77
0.495 -5021.24
0.4951 -5001.72
0.4952 -4982.18
0.4953 -4962.65
0.4954 -4943.11
0.4955 -4923.56
0.4956 -4904.02
0.4957 -4884.47
0.4958 -4864.91
0.4959 -4845.35
0.496 -4825.79
0.4961 -4806.22
0.4962 -4786.65
0.4963 -4767.07
0.4964 -4747.49
0.4965 -4727.91
0.4966 -4708.32
0.4967 -4688.73
0.4968 -4669.14
0.4969 -4649.54
0.497 -4629.94
0.4971 -4610.33
0.4972 -4590.72
0.4973 -4571.11
0.4974 -4551.49
0.4975 -4531.87
0.4976 -4512.24
0.4977 -4492.61
0.4978 -4472.98
0.4979 -4453.35
0.498 -4433.71
0.4981 -4414.06
0.4982 -4394.42
0.4983 -4374.77
0.4984 -4355.11
0.4985 -4335.46
0.4986 -4315.79
0.4987 -4296.13
0.4988 -4276.46
0.4989 -4256.79
0.499 -4237.12
0.4991 -4217.44
0.4992 -4197.76
0.4993 -4178.07
0.4994 -4158.38
0.4995 -4138.69
0.4996 -4118.99
0.4997 -4099.3
0.4998 -4079.59
0.4999 -4059.89
0.5 -4040.18
0.5001 -4020.47
0.5002 -4000.75
0.5003 -3981.03
0.5004 -3961.31
0.5005 -3941.59
0.5006 -3921.86
0.5007 -3902.13
0.5008 -3882.39
0.5009 -3862.65
0.501 -3842.91
0.5011 -3823.17
0.5012 -3803.42
0.5013 -3783.67
0.5014 -3763.92
0.5015 -3744.16
0.5016 -3724.4
0.5017 -3704.64
0.5018 -3684.87
0.5019 -3665.1
0.502 -3645.33
0.5021 -3625.56
0.5022 -3605.78
0.5023 -3586
0.5024 -3566.21
0.5025 -3546.43
0.5026 -3526.64
0.5027 -3506.85
0.5028 -3487.05
0.5029 -3467.25
0.503 -3447.45
0.5031 -3427.65
0.5032 -3407.84
0.5033 -3388.03
0.5034 -3368.22
0.5035 -3348.41
0.5036 -3328.59
0.5037 -3308.77
0.5038 -3288.95
0.5039 -3269.12
0.504 -3249.29
0.5041 -3229.46
0.5042 -3209.63
0.5043 -3189.79
0.5044 -3169.95
0.5045 -3150.11
0.5046 -3130.27
0.5047 -3110.42
0.5048 -3090.57
0.5049 -3070.72
0.505 -3050.87
0.5051 -3031.01
0.5052 -3011.15
0.5053 -2991.29
0.5054 -2971.42
0.5055 -2951.56
0.5056 -2931.69
0.5057 -2911.82
0.5058 -2891.94
0.5059 -2872.07
0.506 -2852.19
0.5061 -2832.31
0.5062 -2812.43
0.5063 -2792.54
0.5064 -2772.65
0.5065 -2752.76
0.5066 -2732.87
0.5067 -2712.98
0.5068 -2693.08
0.5069 -2673.18
0.507 -2653.28
0.5071 -2633.38
0.5072 -2613.47
0.5073 -2593.57
0.5074 -2573.66
0.5075 -2553.75
0.5076 -2533.83
0.5077 -2513.92
0.5078 -2494
0.5079 -2474.08
0.508 -2454.16
0.5081 -2434.23
0.5082 -2414.31
0.5083 -2394.38
0.5084 -2374.45
0.5085 -2354.52
0.5086 -2334.58
0.5087 -2314.65
0.5088 -2294.71
0.5089 -2274.77
0.509 -2254.83
0.5091 -2234.89
0.5092 -2214.94
0.5093 -2195
0.5094 -2175.05
0.5095 -2155.1
0.5096 -2135.15
0.5097 -2115.19
0.5098 -2095.24
0.5099 -2075.28
0.51 -2055.32
0.5101 -2035.36
0.5102 -2015.4
0.5103 -1995.44
0.5104 -1975.47
0.5105 -1955.5
0.5106 -1935.53
0.5107 -1915.56
0.5108 -1895.59
0.5109 -1875.62
0.511 -1855.64
0.5111 -1835.67
0.5112 -1815.69
0.5113 -1795.71
0.5114 -1775.73
0.5115 -1755.75
0.5116 -1735.76
0.5117 -1715.78
0.5118 -1695.79
0.5119 -1675.8
0.512 -1655.81
0.5121 -1635.82
0.5122 -1615.83
0.5123 -1595.84
0.5124 -1575.84
0.5125 -1555.85
0.5126 -1535.85
0.5127 -1515.85
0.5128 -1495.85
0.5129 -1475.85
0.513 -1455.85
0.5131 -1435.85
0.5132 -1415.84
0.5133 -1395.84
0.5134 -1375.83
0.5135 -1355.82
0.5136 -1335.81
0.5137 -1315.8
0.5138 -1295.79
0.5139 -1275.78
0.514 -1255.77
0.5141 -1235.75
0.5142 -1215.74
0.5143 -1195.72
0.5144 -1175.7
0.5145 -1155.69
0.5146 -1135.67
0.5147 -1115.65
0.5148 -1095.63
0.5149 -1075.6
0.515 -1055.58
0.5151 -1035.56
0.5152 -1015.53
0.5153 -995.508
0.5154 -975.481
0.5155 -955.455
0.5156 -935.427
0.5157 -915.398
0.5158 -895.369
0.5159 -875.339
0.516 -855.309
0.5161 -835.277
0.5162 -815.245
0.5163 -795.213
0.5164 -775.179
0.5165 -755.145
0.5166 -735.111
0.5167 -715.076
0.5168 -695.04
0.5169 -675.003
0.517 -654.967
0.5171 -634.929
0.5172 -614.891
0.5173 -594.853
0.5174 -574.814
0.5175 -554.774
0.5176 -534.735
0.5177 -514.694
0.5178 -494.654
0.5179 -474.612
0.518 -454.571
0.5181 -434.529
0.5182 -414.487
0.5183 -394.444
0.5184 -374.401
0.5185 -354.358
0.5186 -334.315
0.5187 -314.271
0.5188 -294.227
0.5189 -274.183
0.519 -254.138
0.5191 -234.094
0.5192 -214.049
0.5193 -194.004
0.5194 -173.958
0.5195 -153.913
0.5196 -133.868
0.5197 -113.822
0.5198 -93.7763
0.5199 -73.7306
0.52 -53.6847
0.5201 -33.6389
0.5202 -13.593
0.5203 6.45292
0.5204 26.4988
0.5205 46.5447
0.5206 66.5905
0.5207 86.6363
0.5208 106.682
0.5209 126.728
0.521 146.773
0.5211 166.819
0.5212 186.864
0.5213 206.909
0.5214 226.954
0.5215 246.999
0.5216 267.043
0.5217 287.088
0.5218 307.132
0.5219 327.175
0.522 347.219
0.5221 367.262
0.5222 387.305
0.5223 407.348
0.5224 427.39
0.5225 6.60459e+006
0.5226 1.76765e+007
0.5227 1.81462e+007
0.5228 7.42019e+006
0.5229 429.025
0.523 408.983
0.5231 388.94
0.5232 368.897
0.5233 348.854
0.5234 328.81
0.5235 308.767
0.5236 288.723
0.5237 268.678
0.5238 248.634
0.5239 228.589
0.524 208.561
0.5241 -1.67428e+008
0.5242 -1.90717e+008
0.5243 -8.23259e+006
0.5244 4.61999e+007
0.5245 1.812e+008
0.5246 9.71406e+007
0.5247 1209.46
0.5248 1229.65
0.5249 1249.85
0.525 1270.04
0.5251 1290.23
0.5252 1310.42
0.5253 1330.6
0.5254 1350.79
0.5255 1370.97
0.5256 1391.16
0.5257 1411.34
0.5258 1431.52
0.5259 1451.7
0.526 1471.88
0.5261 1492.06
0.5262 1512.24
0.5263 1532.41
0.5264 1552.59
0.5265 1572.76
0.5266 1592.93
0.5267 1613.11
0.5268 1633.27
0.5269 1653.44
0.527 1673.61
0.5271 1693.78
0.5272 1713.94
0.5273 1734.1
0.5274 1754.26
0.5275 1774.42
0.5276 1794.58
0.5277 1814.74
0.5278 1834.89
0.5279 1855.05
0.528 1875.2
0.5281 1895.35
0.5282 1915.5
0.5283 1935.65
0.5284 1955.79
0.5285 1975.94
0.5286 1996.08
0.5287 2016.22
0.5288 2036.36
0.5289 2056.5
0.529 2076.64
0.5291 2096.77
0.5292 2116.9
0.5293 2137.03
0.5294 2157.16
0.5295 2177.29
0.5296 2197.42
0.5297 2217.54
0.5298 2237.66
0.5299 2257.78
0.53 2277.9
0.5301 2298.02
0.5302 2318.13
0.5303 2338.25
0.5304 2358.36
0.5305 2378.47
0.5306 2398.57
0.5307 2418.68
0.5308 2438.78
0.5309 2458.88
0.531 2478.98
0.5311 2499.08
0.5312 2519.18
0.5313 2539.27
0.5314 2559.36
0.5315 2579.45
0.5316 2599.54
0.5317 2619.62
0.5318 2639.7
0.5319 2659.78
0.532 2679.86
0.5321 2699.94
0.5322 2720.01
0.5323 2740.08
0.5324 2760.15
0.5325 2780.22
0.5326 2800.28
0.5327 2820.35
0.5328 2840.41
0.5329 2860.46
0.533 2880.52
0.5331 2900.57
0.5332 2920.62
0.5333 2940.67
0.5334 2960.72
0.5335 2980.76
0.5336 3000.8
0.5337 3020.84
0.5338 3040.88
0.5339 3060.91
0.534 3080.94
0.5341 3100.97
0.5342 3121
0.5343 3141.02
0.5344 3161.04
0.5345 3181.06
0.5346 3201.08
0.5347 3221.09
0.5348 3241.1
0.5349 3261.11
0.535 3281.12
0.5351 3301.12
0.5352 3321.12
0.5353 3341.12
0.5354 3361.11
0.5355 3381.1
0.5356 3401.09
0.5357 3421.08
0.5358 3441.06
0.5359 3461.04
0.536 3481.02
0.5361 3501
0.5362 3520.97
0.5363 3540.94
0.5364 3560.9
0.5365 3580.87
0.5366 3600.83
0.5367 3620.79
0.5368 3640.74
0.5369 3660.69
0.537 3680.64
0.5371 3700.59
0.5372 3720.53
0.5373 3740.47
0.5374 3760.41
0.5375 3780.34
0.5376 3800.27
0.5377 3820.2
0.5378 3840.12
0.5379 3860.04
0.538 3879.96
0.5381 3899.87
0.5382 3919.79
0.5383 3939.69
0.5384 3959.6
0.5385 3979.5
0.5386 3999.4
0.5387 4019.3
0.5388 4039.19
0.5389 4059.08
0.539 4078.96
0.5391 4098.84
0.5392 4118.72
0.5393 4138.6
0.5394 4158.47
0.5395 4178.34
0.5396 4198.2
0.5397 4218.07
0.5398 4237.92
0.5399 4257.78
0.54 4277.63
0.5401 4297.48
0.5402 4317.32
0.5403 4337.16
0.5404 4357
0.5405 4376.83
0.5406 4396.67
0.5407 4416.49
0.5408 4436.31
0.5409 4456.13
0.541 4475.95
0.5411 4495.76
0.5412 4515.57
0.5413 4535.38
0.5414 4555.18
0.5415 4574.97
0.5416 4594.77
0.5417 4614.56
0.5418 4634.34
0.5419 4654.13
0.542 4673.9
0.5421 4693.68
0.5422 4713.45
0.5423 4733.22
0.5424 4752.98
0.5425 4772.74
0.5426 4792.49
0.5427 4812.25
0.5428 4831.99
0.5429 4851.74
0.543 4871.48
0.5431 4891.21
0.5432 4910.94
0.5433 4930.67
0.5434 4950.39
0.5435 4970.11
0.5436 4989.83
0.5437 5009.54
0.5438 5029.25
0.5439 5048.95
0.544 5068.65
0.5441 5088.34
0.5442 5108.04
0.5443 5127.72
0.5444 5147.4
0.5445 5167.08
0.5446 5186.76
0.5447 5206.43
0.5448 5226.09
0.5449 5245.75
0.545 5265.41
0.5451 5285.06
0.5452 5304.71
0.5453 5324.35
0.5454 5343.99
0.5455 5363.63
0.5456 5383.26
0.5457 5402.89
0.5458 5422.51
0.5459 5442.13
0.546 5461.74
0.5461 5481.35
0.5462 5500.95
0.5463 5520.55
0.5464 5540.15
0.5465 5559.74
0.5466 5579.32
0.5467 5598.91
0.5468 5618.48
0.5469 5638.05
0.547 5657.62
0.5471 5677.19
0.5472 5696.74
0.5473 5716.3
0.5474 5735.85
0.5475 5755.39
0.5476 5774.93
0.5477 5794.47
0.5478 5814
0.5479 5833.52
0.548 5853.04
0.5481 5872.56
0.5482 5892.07
0.5483 5911.58
0.5484 5931.08
0.5485 5950.58
0.5486 5970.07
0.5487 5989.56
0.5488 6009.04
0.5489 6028.51
0.549 6047.99
0.5491 6067.45
0.5492 6086.92
0.5493 6106.37
0.5494 6125.83
0.5495 6145.27
0.5496 6164.72
0.5497 6184.15
0.5498 6203.59
0.5499 6223.01
0.55 6242.44
0.5501 6261.85
0.5502 6281.27
0.5503 6300.67
0.5504 6320.07
0.5505 6339.47
0.5506 6358.86
0.5507 6378.25
0.5508 6397.63
0.5509 6417.01
0.551 6436.38
0.5511 6455.74
0.5512 6475.1
0.5513 6494.46
0.5514 6513.8
0.5515 6533.15
0.5516 6552.49
0.5517 6571.82
0.5518 6591.15
0.5519 6610.47
0.552 6629.79
0.5521 6649.1
0.5522 6668.41
0.5523 6687.71
0.5524 6707
0.5525 6726.29
0.5526 6745.58
0.5527 6764.86
0.5528 6784.13
0.5529 6803.4
0.553 6822.66
0.5531 6841.92
0.5532 6861.17
0.5533 6880.41
0.5534 6899.65
0.5535 6918.89
0.5536 6938.12
0.5537 6957.34
0.5538 6976.56
0.5539 6995.77
0.554 7014.98
0.5541 7034.18
0.5542 7053.37
0.5543 7072.56
0.5544 7091.74
0.5545 7110.92
0.5546 7130.09
0.5547 7149.26
0.5548 7168.41
0.5549 7187.57
0.555 7206.72
0.5551 7225.86
0.5552 7244.99
0.5553 7264.12
0.5554 7283.25
0.5555 7302.37
0.5556 7321.48
0.5557 7340.59
0.5558 7359.69
0.5559 7378.78
0.556 7397.87
0.5561 7416.95
0.5562 7436.03
0.5563 7455.1
0.5564 7474.16
0.5565 7493.22
0.5566 7512.27
0.5567 7531.32
0.5568 7550.36
0.5569 7569.39
0.557 7588.42
0.5571 7607.44
0.5572 7626.45
0.5573 7645.46
0.5574 7664.46
0.5575 7683.46
0.5576 7702.45
0.5577 7721.43
0.5578 7740.41
0.5579 7759.38
0.558 7778.35
0.5581 7797.3
0.5582 7816.26
0.5583 7835.2
0.5584 7854.14
0.5585 7873.07
0.5586 7892
0.5587 7910.92
0.5588 7929.83
0.5589 7948.74
0.559 7967.64
0.5591 7986.53
0.5592 8005.42
0.5593 8024.3
0.5594 8043.17
0.5595 8062.04
0.5596 8080.9
0.5597 8099.76
0.5598 8118.61
0.5599 8137.45
0.56 8156.28
0.5601 8175.11
0.5602 8193.93
0.5603 8212.74
0.5604 8231.55
0.5605 8250.35
0.5606 8269.15
0.5607 8287.93
0.5608 8306.72
0.5609 8325.49
0.561 8344.26
0.5611 8363.02
0.5612 8381.77
0.5613 8400.52
0.5614 8419.26
0.5615 8437.99
0.5616 8456.72
0.5617 8475.44
0.5618 8494.15
0.5619 8512.85
0.562 8531.55
0.5621 8550.24
0.5622 8568.93
0.5623 8587.6
0.5624 8606.27
0.5625 8624.94
0.5626 8643.59
0.5627 8662.24
0.5628 8680.89
0.5629 8699.52
0.563 8718.15
0.5631 8736.77
0.5632 8755.38
0.5633 8773.99
0.5634 8792.59
0.5635 8811.18
0.5636 8829.77
0.5637 8848.34
0.5638 8866.91
0.5639 8885.48
0.564 8904.03
0.5641 8922.58
0.5642 8941.12
0.5643 8959.66
0.5644 8978.18
0.5645 8996.7
0.5646 9015.22
0.5647 9033.72
0.5648 9052.22
0.5649 9070.71
0.565 9089.19
0.5651 9107.67
0.5652 9126.13
0.5653 9144.59
0.5654 9163.05
0.5655 9181.49
0.5656 9199.93
0.5657 9218.36
0.5658 9236.78
0.5659 9255.2
0.566 9273.61
0.5661 9292.01
0.5662 9310.4
0.5663 9328.78
0.5664 9347.16
0.5665 9365.53
0.5666 9383.89
0.5667 9402.25
0.5668 9420.59
0.5669 9438.93
0.567 9457.26
0.5671 9475.59
0.5672 9493.9
0.5673 9512.21
0.5674 9530.51
0.5675 9548.8
0.5676 9567.09
0.5677 9585.37
0.5678 9603.63
0.5679 9621.9
0.568 9640.15
0.5681 9658.39
0.5682 9676.63
0.5683 9694.86
0.5684 9713.08
0.5685 9731.3
0.5686 9749.5
0.5687 9767.7
0.5688 9785.89
0.5689 9804.07
0.569 9822.25
0.5691 9840.41
0.5692 9858.57
0.5693 9876.72
0.5694 9894.86
0.5695 9913
0.5696 9931.12
0.5697 9949.24
0.5698 9967.35
0.5699 9985.45
0.57 10003.5
0.5701 10021.6
0.5702 10039.7
0.5703 10057.8
0.5704 10075.8
0.5705 10093.9
0.5706 10111.9
0.5707 10130
0.5708 10148
0.5709 10166
0.571 10184
0.5711 10202
0.5712 10220
0.5713 10238
0.5714 10256
0.5715 10273.9
0.5716 10291.9
0.5717 10309.9
0.5718 10327.8
0.5719 10345.7
0.572 10363.7
0.5721 10381.6
0.5722 10399.5
0.5723 10417.4
0.5724 10435.3
0.5725 10453.2
0.5726 10471
0.5727 10488.9
0.5728 10506.8
0.5729 10524.6
0.573 10542.5
0.5731 10560.3
0.5732 10578.1
0.5733 10595.9
0.5734 10613.7
0.5735 10631.5
0.5736 10649.3
0.5737 10667.1
0.5738 10684.9
0.5739 10702.6
0.574 10720.4
0.5741 10738.2
0.5742 10755.9
0.5743 10773.6
0.5744 10791.3
0.5745 10809
0.5746 10826.7
0.5747 10844.4
0.5748 10862.1
0.5749 10879.8
0.575 10897.5
0.5751 10915.1
0.5752 10932.8
0.5753 10950.4
0.5754 10968
0.5755 10985.7
0.5756 11003.3
0.5757 11020.9
0.5758 11038.5
0.5759 11056.1
0.576 11073.6
0.5761 11091.2
0.5762 11108.8
0.5763 11126.3
0.5764 11143.9
0.5765 11161.4
0.5766 11178.9
0.5767 11196.4
0.5768 11213.9
0.5769 11231.4
0.577 11248.9
0.5771 11266.4
0.5772 11283.9
0.5773 11301.3
0.5774 11318.8
0.5775 11336.2
0.5776 11353.6
0.5777 11371
0.5778 11388.5
0.5779 11405.9
0.578 11423.3
0.5781 11440.6
0.5782 11458
0.5783 11475.4
0.5784 11492.7
0.5785 11510.1
0.5786 11527.4
0.5787 11544.7
0.5788 11562.1
0.5789 11579.4
0.579 11596.7
0.5791 11614
0.5792 11631.2
0.5793 11648.5
0.5794 11665.8
0.5795 11683
0.5796 11700.3
0.5797 11717.5
0.5798 11734.7
0.5799 11751.9
0.58 11769.1
0.5801 11786.3
0.5802 11803.5
0.5803 11820.7
0.5804 11837.9
0.5805 11855
0.5806 11872.2
0.5807 11889.3
0.5808 11906.4
0.5809 11923.5
0.581 11940.6
0.5811 11957.7
0.5812 11974.8
0.5813 11991.9
0.5814 12009
0.5815 12026
0.5816 12043.1
0.5817 12060.1
0.5818 12077.2
0.5819 12094.2
0.582 12111.2
0.5821 12128.2
0.5822 12145.2
0.5823 12162.1
0.5824 12179.1
0.5825 12196.1
0.5826 12213
0.5827 12230
0.5828 12246.9
0.5829 12263.8
0.583 12280.7
0.5831 12297.6
0.5832 12314.5
0.5833 12331.4
0.5834 12348.3
0.5835 12365.1
0.5836 12382
0.5837 12398.8
0.5838 12415.6
0.5839 12432.5
0.584 12449.3
0.5841 12466.1
0.5842 12482.9
0.5843 12499.6
0.5844 12516.4
0.5845 12533.2
0.5846 12549.9
0.5847 12566.6
0.5848 12583.4
0.5849 12600.1
0.585 12616.8
0.5851 12633.5
0.5852 12650.2
0.5853 12666.8
0.5854 12683.5
0.5855 12700.2
0.5856 12716.8
0.5857 12733.4
0.5858 12750.1
0.5859 12766.7
0.586 12783.3
0.5861 12799.9
0.5862 12816.5
0.5863 12833
0.5864 12849.6
0.5865 12866.1
0.5866 12882.7
0.5867 12899.2
0.5868 12915.7
0.5869 12932.2
0.587 12948.7
0.5871 12965.2
0.5872 12981.7
0.5873 12998.2
0.5874 13014.6
0.5875 13031.1
0.5876 13047.5
0.5877 13063.9
0.5878 13080.3
0.5879 13096.7
0.588 13113.1
0.5881 13129.5
0.5882 13145.9
0.5883 13162.2
0.5884 13178.6
0.5885 13194.9
0.5886 13211.2
0.5887 13227.6
0.5888 13243.9
0.5889 13260.2
0.589 13276.4
0.5891 13292.7
0.5892 13309
0.5893 13325.2
0.5894 13341.5
0.5895 13357.7
0.5896 13373.9
0.5897 13390.1
0.5898 13406.3
0.5899 13422.5
0.59 13438.7
0.5901 13454.8
0.5902 13471
0.5903 13487.1
0.5904 13503.3
0.5905 13519.4
0.5906 13535.5
0.5907 13551.6
0.5908 13567.7
0.5909 13583.7
0.591 13599.8
0.5911 13615.9
0.5912 13631.9
0.5913 13647.9
0.5914 13664
0.5915 13680
0.5916 13696
0.5917 13711.9
0.5918 13727.9
0.5919 13743.9
0.592 13759.8
0.5921 13775.8
0.5922 13791.7
0.5923 13807.6
0.5924 13823.5
0.5925 13839.4
0.5926 13855.3
0.5927 13871.2
0.5928 13887
0.5929 13902.9
0.593 13918.7
0.5931 13934.6
0.5932 13950.4
0.5933 13966.2
0.5934 13982
0.5935 13997.8
0.5936 14013.5
0.5937 14029.3
0.5938 14045
0.5939 14060.8
0.594 14076.5
0.5941 14092.2
0.5942 14107.9
0.5943 14123.6
0.5944 14139.3
0.5945 14155
0.5946 14170.6
0.5947 14186.3
0.5948 14201.9
0.5949 14217.5
0.595 14233.1
0.5951 14248.7
0.5952 14264.3
0.5953 14279.9
0.5954 14295.4
0.5955 14311
0.5956 14326.5
0.5957 14342.1
0.5958 14357.6
0.5959 14373.1
0.596 14388.6
0.5961 14404.1
0.5962 14419.5
0.5963 14435
0.5964 14450.4
0.5965 14465.9
0.5966 14481.3
0.5967 14496.7
0.5968 14512.1
0.5969 14527.5
0.597 14542.9
0.5971 14558.2
0.5972 14573.6
0.5973 14588.9
0.5974 14604.2
0.5975 14619.5
0.5976 14634.9
0.5977 14650.1
0.5978 14665.4
0.5979 14680.7
0.598 14695.9
0.5981 14711.2
0.5982 14726.4
0.5983 14741.6
0.5984 14756.8
0.5985 14772
0.5986 14787.2
0.5987 14802.4
0.5988 14817.6
0.5989 14832.7
0.599 14847.8
0.5991 14863
0.5992 14878.1
0.5993 14893.2
0.5994 14908.3
0.5995 14923.3
0.5996 14938.4
0.5997 14953.4
0.5998 14968.5
0.5999 14983.5
0.6 14998.5
0.6001 15013.5
0.6002 15028.5
0.6003 15043.5
0.6004 15058.4
0.6005 15073.4
0.6006 15088.3
0.6007 15103.3
0.6008 15118.2
0.6009 15133.1
0.601 15148
0.6011 15162.8
0.6012 15177.7
0.6013 15192.6
0.6014 15207.4
0.6015 15222.2
0.6016 15237
0.6017 15251.8
0.6018 15266.6
0.6019 15281.4
0.602 15296.2
0.6021 15310.9
0.6022 15325.7
0.6023 15340.4
0.6024 15355.1
0.6025 15369.8
0.6026 15384.5
0.6027 15399.2
0.6028 15413.9
0.6029 15428.5
0.603 15443.1
0.6031 15457.8
0.6032 15472.4
0.6033 15487
0.6034 15501.6
0.6035 15516.2
0.6036 15530.7
0.6037 15545.3
0.6038 15559.8
0.6039 15574.3
0.604 15588.8
0.6041 15603.4
0.6042 15617.8
0.6043 15632.3
0.6044 15646.8
0.6045 15661.2
0.6046 15675.7
0.6047 15690.1
0.6048 15704.5
0.6049 15718.9
0.605 15733.3
0.6051 15747.7
0.6052 15762
0.6053 15776.4
0.6054 15790.7
0.6055 15805
0.6056 15819.3
0.6057 15833.6
0.6058 15847.9
0.6059 15862.2
0.606 15876.4
0.6061 15890.7
0.6062 15904.9
0.6063 15919.1
0.6064 15933.3
0.6065 15947.5
0.6066 15961.7
0.6067 15975.9
0.6068 15990
0.6069 16004.2
0.607 16018.3
0.6071 16032.4
0.6072 16046.5
0.6073 16060.6
0.6074 16074.7
0.6075 16088.7
0.6076 16102.8
0.6077 16116.8
0.6078 16130.8
0.6079 16144.8
0.608 16158.8
0.6081 16172.8
0.6082 16186.8
0.6083 16200.7
0.6084 16214.7
0.6085 16228.6
0.6086 16242.5
0.6087 16256.4
0.6088 16270.3
0.6089 16284.2
0.609 16298
0.6091 16311.9
0.6092 16325.7
0.6093 16339.5
0.6094 16353.4
0.6095 16367.2
0.6096 16380.9
0.6097 16394.7
0.6098 16408.5
0.6099 16422.2
0.61 16435.9
0.6101 16449.6
0.6102 16463.3
0.6103 16477
0.6104 16490.7
0.6105 16504.4
0.6106 16518
0.6107 16531.7
0.6108 16545.3
0.6109 16558.9
0.611 16572.5
0.6111 16586.1
0.6112 16599.6
0.6113 16613.2
0.6114 16626.7
0.6115 16640.2
0.6116 16653.8
0.6117 16667.3
0.6118 16680.7
0.6119 16694.2
0.612 16707.7
0.6121 16721.1
0.6122 16734.5
0.6123 16748
0.6124 16761.4
0.6125 16774.8
0.6126 16788.1
0.6127 16801.5
0.6128 16814.8
0.6129 16828.2
0.613 16841.5
0.6131 16854.8
0.6132 16868.1
0.6133 16881.4
0.6134 16894.7
0.6135 16907.9
0.6136 16921.1
0.6137 16934.4
0.6138 16947.6
0.6139 16960.8
0.614 16974
0.6141 16987.1
0.6142 17000.3
0.6143 17013.4
0.6144 17026.6
0.6145 17039.7
0.6146 17052.8
0.6147 17065.9
0.6148 17078.9
0.6149 17092
0.615 17105
0.6151 17118.1
0.6152 17131.1
0.6153 17144.1
0.6154 17157.1
0.6155 17170
0.6156 17183
0.6157 17195.9
0.6158 17208.9
0.6159 17221.8
0.616 17234.7
0.6161 17247.6
0.6162 17260.5
0.6163 17273.3
0.6164 17286.2
0.6165 17299
0.6166 17311.8
0.6167 17324.6
0.6168 17337.4
0.6169 17350.2
0.617 17363
0.6171 17375.7
0.6172 17388.4
0.6173 17401.2
0.6174 17413.9
0.6175 17426.6
0.6176 17439.2
0.6177 17451.9
0.6178 17464.6
0.6179 17477.2
0.618 17489.8
0.6181 17502.4
0.6182 17515
0.6183 17527.6
0.6184 17540.1
0.6185 17552.7
0.6186 17565.2
0.6187 17577.8
0.6188 17590.3
0.6189 17602.7
0.619 17615.2
0.6191 17627.7
0.6192 17640.1
0.6193 17652.6
0.6194 17665
0.6195 17677.4
0.6196 17689.8
0.6197 17702.2
0.6198 17714.5
0.6199 17726.9
0.62 17739.2
0.6201 17751.5
0.6202 17763.8
0.6203 17776.1
0.6204 17788.4
0.6205 17800.7
0.6206 17812.9
0.6207 17825.1
0.6208 17837.3
0.6209 17849.5
0.621 17861.7
0.6211 17873.9
0.6212 17886.1
0.6213 17898.2
0.6214 17910.3
0.6215 17922.5
0.6216 17934.6
0.6217 17946.6
0.6218 17958.7
0.6219 17970.8
0.622 17982.8
0.6221 17994.8
0.6222 18006.8
0.6223 18018.8
0.6224 18030.8
0.6225 18042.8
0.6226 18054.7
0.6227 18066.7
0.6228 18078.6
0.6229 18090.5
0.623 18102.4
0.6231 18114.3
0.6232 18126.2
0.6233 18138
0.6234 18149.8
0.6235 18161.7
0.6236 18173.5
0.6237 18185.3
0.6238 18197
0.6239 18208.8
0.624 18220.5
0.6241 18232.3
0.6242 18244
0.6243 18255.7
0.6244 18267.4
0.6245 18279
0.6246 18290.7
0.6247 18302.3
0.6248 18314
0.6249 18325.6
0.625 18337.2
0.6251 18348.8
0.6252 18360.3
0.6253 18371.9
0.6254 18383.4
0.6255 18394.9
0.6256 18406.4
0.6257 18417.9
0.6258 18429.4
0.6259 18440.9
0.626 18452.3
0.6261 18463.7
0.6262 18475.2
0.6263 18486.6
0.6264 18497.9
0.6265 18509.3
0.6266 18520.7
0.6267 18532
0.6268 18543.3
0.6269 18554.6
0.627 18565.9
0.6271 18577.2
0.6272 18588.5
0.6273 18599.7
0.6274 18611
0.6275 18622.2
0.6276 18633.4
0.6277 18644.6
0.6278 18655.8
0.6279 18666.9
0.628 18678.1
0.6281 18689.2
0.6282 18700.3
0.6283 18711.4
0.6284 18722.5
0.6285 18733.5
0.6286 18744.6
0.6287 18755.6
0.6288 18766.7
0.6289 18777.7
0.629 18788.7
0.6291 18799.6
0.6292 18810.6
0.6293 18821.5
0.6294 18832.5
0.6295 18843.4
0.6296 18854.3
0.6297 18865.2
0.6298 18876
0.6299 18886.9
0.63 18897.7
0.6301 18908.5
0.6302 18919.3
0.6303 18930.1
0.6304 18940.9
0.6305 18951.7
0.6306 18962.4
0.6307 18973.1
0.6308 18983.8
0.6309 18994.5
0.631 19005.2
0.6311 19015.9
0.6312 19026.5
0.6313 19037.2
0.6314 19047.8
0.6315 19058.4
0.6316 19069
0.6317 19079.6
0.6318 19090.1
0.6319 19100.7
0.632 19111.2
0.6321 19121.7
0.6322 19132.2
0.6323 19142.7
0.6324 19153.1
0.6325 19163.6
0.6326 19174
0.6327 19184.4
0.6328 19194.8
0.6329 19205.2
0.633 19215.6
0.6331 19225.9
0.6332 19236.3
0.6333 19246.6
0.6334 19256.9
0.6335 19267.2
0.6336 19277.5
0.6337 19287.7
0.6338 19298
0.6339 19308.2
0.634 19318.4
0.6341 19328.6
0.6342 19338.8
0.6343 19349
0.6344 19359.1
0.6345 19369.2
0.6346 19379.4
0.6347 19389.5
0.6348 19399.5
0.6349 19409.6
0.635 19419.7
0.6351 19429.7
0.6352 19439.7
0.6353 19449.7
0.6354 19459.7
0.6355 19469.7
0.6356 19479.7
0.6357 19489.6
0.6358 19499.5
0.6359 19509.4
0.636 19519.3
0.6361 19529.2
0.6362 19539.1
0.6363 19548.9
0.6364 19558.8
0.6365 19568.6
0.6366 19578.4
0.6367 19588.2
0.6368 19597.9
0.6369 19607.7
0.637 19617.4
0.6371 19627.1
0.6372 19636.8
0.6373 19646.5
0.6374 19656.2
0.6375 19665.8
0.6376 19675.5
0.6377 19685.1
0.6378 19694.7
0.6379 19704.3
0.638 19713.9
0.6381 19723.4
0.6382 19733
0.6383 19742.5
0.6384 19752
0.6385 19761.5
0.6386 19771
0.6387 19780.5
0.6388 19789.9
0.6389 19799.3
0.639 19808.7
0.6391 19818.1
0.6392 19827.5
0.6393 19836.9
0.6394 19846.2
0.6395 19855.6
0.6396 19864.9
0.6397 19874.2
0.6398 19883.5
0.6399 19892.7
0.64 19902
0.6401 19911.2
0.6402 19920.4
0.6403 19929.6
0.6404 19938.8
0.6405 19948
0.6406 19957.2
0.6407 19966.3
0.6408 19975.4
0.6409 19984.5
0.641 19993.6
0.6411 20002.7
0.6412 20011.7
0.6413 20020.8
0.6414 20029.8
0.6415 20038.8
0.6416 20047.8
0.6417 20056.8
0.6418 20065.7
0.6419 20074.7
0.642 20083.6
0.6421 20092.5
0.6422 20101.4
0.6423 20110.3
0.6424 20119.1
0.6425 20128
0.6426 20136.8
0.6427 20145.6
0.6428 20154.4
0.6429 20163.2
0.643 20171.9
0.6431 20180.7
0.6432 20189.4
0.6433 20198.1
0.6434 20206.8
0.6435 20215.5
0.6436 20224.2
0.6437 20232.8
0.6438 20241.4
0.6439 20250
0.644 20258.6
0.6441 20267.2
0.6442 20275.8
0.6443 20284.3
0.6444 20292.9
0.6445 20301.4
0.6446 20309.9
0.6447 20318.3
0.6448 20326.8
0.6449 20335.3
0.645 20343.7
0.6451 20352.1
0.6452 20360.5
0.6453 20368.9
0.6454 20377.2
0.6455 20385.6
0.6456 20393.9
0.6457 20402.2
0.6458 20410.5
0.6459 20418.8
0.646 20427.1
0.6461 20435.3
0.6462 20443.5
0.6463 20451.8
0.6464 20460
0.6465 20468.1
0.6466 20476.3
0.6467 20484.4
0.6468 20492.6
0.6469 20500.7
0.647 20508.8
0.6471 20516.9
0.6472 20524.9
0.6473 20533
0.6474 20541
0.6475 20549
0.6476 20557
0.6477 20565
0.6478 20572.9
0.6479 20580.9
0.648 20588.8
0.6481 20596.7
0.6482 20604.6
0.6483 20612.5
0.6484 20620.4
0.6485 20628.2
0.6486 20636
0.6487 20643.8
0.6488 20651.6
0.6489 20659.4
0.649 20667.2
0.6491 20674.9
0.6492 20682.6
0.6493 20690.4
0.6494 20698.1
0.6495 20705.7
0.6496 20713.4
0.6497 20721
0.6498 20728.7
0.6499 20736.3
0.65 20743.9
0.6501 20751.4
0.6502 20759
0.6503 20766.5
0.6504 20774
0.6505 20781.6
0.6506 20789
0.6507 20796.5
0.6508 20804
0.6509 20811.4
0.651 20818.8
0.6511 20826.2
0.6512 20833.6
0.6513 20841
0.6514 20848.3
0.6515 20855.7
0.6516 20863
0.6517 20870.3
0.6518 20877.6
0.6519 20884.9
0.652 20892.1
0.6521 20899.3
0.6522 20906.6
0.6523 20913.8
0.6524 20920.9
0.6525 20928.1
0.6526 20935.3
0.6527 20942.4
0.6528 20949.5
0.6529 20956.6
0.653 20963.7
0.6531 20970.7
0.6532 20977.8
0.6533 20984.8
0.6534 20991.8
0.6535 20998.8
0.6536 21005.8
0.6537 21012.8
0.6538 21019.7
0.6539 21026.6
0.654 21033.5
0.6541 21040.4
0.6542 21047.3
0.6543 21054.2
0.6544 21061
0.6545 21067.8
0.6546 21074.6
0.6547 21081.4
0.6548 21088.2
0.6549 21094.9
0.655 21101.7
0.6551 21108.4
0.6552 21115.1
0.6553 21121.8
0.6554 21128.5
0.6555 21135.1
0.6556 21141.7
0.6557 21148.4
0.6558 21155
0.6559 21161.5
0.656 21168.1
0.6561 21174.6
0.6562 21181.2
0.6563 21187.7
0.6564 21194.2
0.6565 21200.7
0.6566 21207.1
0.6567 21213.6
0.6568 21220
0.6569 21226.4
0.657 21232.8
0.6571 21239.2
0.6572 21245.5
0.6573 21251.9
0.6574 21258.2
0.6575 21264.5
0.6576 21270.8
0.6577 21277
0.6578 21283.3
0.6579 21289.5
0.658 21295.7
0.6581 21301.9
0.6582 21308.1
0.6583 21314.3
0.6584 21320.4
0.6585 21326.6
0.6586 21332.7
0.6587 21338.8
0.6588 21344.9
0.6589 21350.9
0.659 21357
0.6591 21363
0.6592 21369
0.6593 21375
0.6594 21381
0.6595 21386.9
0.6596 21392.9
0.6597 21398.8
0.6598 21404.7
0.6599 21410.6
0.66 21416.4
0.6601 21422.3
0.6602 21428.1
0.6603 21433.9
0.6604 21439.7
0.6605 21445.5
0.6606 21451.3
0.6607 21457
0.6608 21462.8
0.6609 21468.5
0.661 21474.2
0.6611 21479.8
0.6612 21485.5
0.6613 21491.1
0.6614 21496.8
0.6615 21502.4
0.6616 21508
0.6617 21513.5
0.6618 21519.1
0.6619 21524.6
0.662 21530.1
0.6621 21535.6
0.6622 21541.1
0.6623 21546.6
0.6624 21552
0.6625 21557.5
0.6626 21562.9
0.6627 21568.3
0.6628 21573.7
0.6629 21579
0.663 21584.4
0.6631 21589.7
0.6632 21595
0.6633 21600.3
0.6634 21605.5
0.6635 21610.8
0.6636 21616
0.6637 21621.3
0.6638 21626.5
0.6639 21631.6
0.664 21636.8
0.6641 21642
0.6642 21647.1
0.6643 21652.2
0.6644 21657.3
0.6645 21662.4
0.6646 21667.4
0.6647 21672.5
0.6648 21677.5
0.6649 21682.5
0.665 21687.5
0.6651 21692.5
0.6652 21697.4
0.6653 21702.4
0.6654 21707.3
0.6655 21712.2
0.6656 21717.1
0.6657 21721.9
0.6658 21726.8
0.6659 21731.6
0.666 21736.4
0.6661 21741.2
0.6662 21746
0.6663 21750.7
0.6664 21755.5
0.6665 21760.2
0.6666 21764.9
0.6667 21769.6
0.6668 21774.3
0.6669 21778.9
0.667 21783.5
0.6671 21788.2
0.6672 21792.8
0.6673 21797.3
0.6674 21801.9
0.6675 21806.4
0.6676 21811
0.6677 21815.5
0.6678 21820
0.6679 21824.4
0.668 21828.9
0.6681 21833.3
0.6682 21837.8
0.6683 21842.2
0.6684 21846.6
0.6685 21850.9
0.6686 21855.3
0.6687 21859.6
0.6688 21863.9
0.6689 21868.2
0.669 21872.5
0.6691 21876.7
0.6692 21881
0.6693 21885.2
0.6694 21889.4
0.6695 21893.6
0.6696 21897.8
0.6697 21901.9
0.6698 21906.1
0.6699 21910.2
0.67 21914.3
0.6701 21918.4
0.6702 21922.4
0.6703 21926.5
0.6704 21930.5
0.6705 21934.5
0.6706 21938.5
0.6707 21942.5
0.6708 21946.4
0.6709 21950.4
0.671 21954.3
0.6711 21958.2
0.6712 21962.1
0.6713 21965.9
0.6714 21969.8
0.6715 21973.6
0.6716 21977.4
0.6717 21981.2
0.6718 21985
0.6719 21988.7
0.672 21992.5
0.6721 21996.2
0.6722 21999.9
0.6723 22003.6
0.6724 22007.3
0.6725 22010.9
0.6726 22014.6
0.6727 22018.2
0.6728 22021.8
0.6729 22025.3
0.673 22028.9
0.6731 22032.4
0.6732 22036
0.6733 22039.5
0.6734 22043
0.6735 22046.4
0.6736 22049.9
0.6737 22053.3
0.6738 22056.7
0.6739 22060.1
0.674 22063.5
0.6741 22066.9
0.6742 22070.2
0.6743 22073.6
0.6744 22076.9
0.6745 22080.2
0.6746 22083.4
0.6747 22086.7
0.6748 22089.9
0.6749 22093.1
0.675 22096.3
0.6751 22099.5
0.6752 22102.7
0.6753 22105.8
0.6754 22109
0.6755 22112.1
0.6756 22115.2
0.6757 22118.2
0.6758 22121.3
0.6759 22124.3
0.676 22127.3
0.6761 22130.3
0.6762 22133.3
0.6763 22136.3
0.6764 22139.2
0.6765 22142.2
0.6766 22145.1
0.6767 22148
0.6768 22150.9
0.6769 22153.7
0.677 22156.5
0.6771 22159.4
0.6772 22162.2
0.6773 22165
0.6774 22167.7
0.6775 22170.5
0.6776 22173.2
0.6777 22175.9
0.6778 22178.6
0.6779 22181.3
0.678 22183.9
0.6781 22186.6
0.6782 22189.2
0.6783 22191.8
0.6784 22194.4
0.6785 22197
0.6786 22199.5
0.6787 22202
0.6788 22204.6
0.6789 22207
0.679 22209.5
0.6791 22212
0.6792 22214.4
0.6793 22216.8
0.6794 22219.2
0.6795 22221.6
0.6796 22224
0.6797 22226.4
0.6798 22228.7
0.6799 22231
0.68 22233.3
0.6801 22235.6
0.6802 22237.8
0.6803 22240.1
0.6804 22242.3
0.6805 22244.5
0.6806 22246.7
0.6807 22248.9
0.6808 22251
0.6809 22253.1
0.681 22255.2
0.6811 22257.3
0.6812 22259.4
0.6813 22261.5
0.6814 22263.5
0.6815 22265.5
0.6816 22267.5
0.6817 22269.5
0.6818 22271.5
0.6819 22273.5
0.682 22275.4
0.6821 22277.3
0.6822 22279.2
0.6823 22281.1
0.6824 22282.9
0.6825 22284.8
0.6826 22286.6
0.6827 22288.4
0.6828 22290.2
0.6829 22292
0.683 22293.7
0.6831 22295.4
0.6832 22297.1
0.6833 22298.8
0.6834 22300.5
0.6835 22302.2
0.6836 22303.8
0.6837 22305.4
0.6838 22307
0.6839 22308.6
0.684 22310.2
0.6841 22311.7
0.6842 22313.3
0.6843 22314.8
0.6844 22316.3
0.6845 22317.8
0.6846 22319.2
0.6847 22320.7
0.6848 22322.1
0.6849 22323.5
0.685 22324.9
0.6851 22326.2
0.6852 22327.6
0.6853 22328.9
0.6854 22330.2
0.6855 22331.5
0.6856 22332.8
0.6857 22334.1
0.6858 22335.3
0.6859 22336.5
0.686 22337.7
0.6861 22338.9
0.6862 22340.1
0.6863 22341.2
0.6864 22342.4
0.6865 22343.5
0.6866 22344.6
0.6867 22345.6
0.6868 22346.7
0.6869 22347.7
0.687 22348.8
0.6871 22349.8
0.6872 22350.7
0.6873 22351.7
0.6874 22352.7
0.6875 22353.6
0.6876 22354.5
0.6877 22355.4
0.6878 22356.3
0.6879 22357.1
0.688 22358
0.6881 22358.8
0.6882 22359.6
0.6883 22360.4
0.6884 22361.1
0.6885 22361.9
0.6886 22362.6
0.6887 22363.3
0.6888 22364
0.6889 22364.7
0.689 22365.3
0.6891 22366
0.6892 22366.6
0.6893 22367.2
0.6894 22367.8
0.6895 22368.3
0.6896 22368.9
0.6897 22369.4
0.6898 22369.9
0.6899 22370.4
0.69 22370.9
0.6901 22371.3
0.6902 22371.8
0.6903 22372.2
0.6904 22372.6
0.6905 22373
0.6906 22373.3
0.6907 22373.7
0.6908 22374
0.6909 22374.3
0.691 22374.6
0.6911 22374.9
0.6912 22375.1
0.6913 22375.4
0.6914 22375.6
0.6915 22375.8
0.6916 22376
0.6917 22376.1
0.6918 22376.3
0.6919 22376.4
0.692 22376.5
0.6921 22376.6
0.6922 22376.7
0.6923 22376.7
0.6924 22376.8
0.6925 22376.8
0.6926 22376.8
0.6927 22376.8
0.6928 22376.7
0.6929 22376.7
0.693 22376.6
0.6931 22376.5
0.6932 22376.4
0.6933 22376.3
0.6934 22376.1
0.6935 22375.9
0.6936 22375.8
0.6937 22375.6
0.6938 22375.3
0.6939 22375.1
0.694 22374.8
0.6941 22374.6
0.6942 22374.3
0.6943 22374
0.6944 22373.6
0.6945 22373.3
0.6946 22372.9
0.6947 22372.5
0.6948 22372.1
0.6949 22371.7
0.695 22371.3
0.6951 22370.8
0.6952 22370.3
