0 0
0.0001 0
0.0002 0
0.0003 0
0.0004 0
0.0005 0
0.0006 0
0.0007 0
0.0008 0
0.0009 0
0.001 0
0.0011 0
0.0012 0
0.0013 0
0.0014 0
0.0015 0
0.0016 0
0.0017 0
0.0018 0
0.0019 0
0.002 0
0.0021 0
0.0022 0
0.0023 0
0.0024 0
0.0025 0
0.0026 0
0.0027 0
0.0028 0
0.0029 0
0.003 0
0.0031 0
0.0032 0
0.0033 0
0.0034 0
0.0035 0
0.0036 0
0.0037 0
0.0038 0
0.0039 0
0.004 0
0.0041 0
0.0042 0
0.0043 0
0.0044 0
0.0045 0
0.0046 0
0.0047 0
0.0048 0
0.0049 0
0.005 0
0.0051 0
0.0052 0
0.0053 0
0.0054 0
0.0055 0
0.0056 0
0.0057 0
0.0058 0
0.0059 0
0.006 0
0.0061 0
0.0062 0
0.0063 0
0.0064 0
0.0065 0
0.0066 0
0.0067 0
0.0068 0
0.0069 0
0.007 0
0.0071 0
0.0072 0
0.0073 0
0.0074 0
0.0075 0
0.0076 0
0.0077 0
0.0078 0
0.0079 0
0.008 0
0.0081 0
0.0082 0
0.0083 0
0.0084 0
0.0085 0
0.0086 0
0.0087 0
0.0088 0
0.0089 0
0.009 0
0.0091 0
0.0092 0
0.0093 0
0.0094 0
0.0095 0
0.0096 0
0.0097 0
0.0098 0
0.0099 0
0.01 0
0.0101 0
0.0102 0
0.0103 0
0.0104 0
0.0105 0
0.0106 0
0.0107 0
0.0108 0
0.0109 0
0.011 0
0.0111 0
0.0112 0
0.0113 0
0.0114 0
0.0115 0
0.0116 0
0.0117 0
0.0118 0
0.0119 0
0.012 0
0.0121 0
0.0122 0
0.0123 0
0.0124 0
0.0125 0
0.0126 0
0.0127 0
0.0128 0
0.0129 0
0.013 0
0.0131 0
0.0132 0
0.0133 0
0.0134 0
0.0135 0
0.0136 0
0.0137 0
0.0138 0
0.0139 0
0.014 0
0.0141 0
0.0142 0
0.0143 0
0.0144 0
0.0145 0
0.0146 0
0.0147 0
0.0148 0
0.0149 0
0.015 0
0.0151 0
0.0152 0
0.0153 0
0.0154 0
0.0155 0
0.0156 0
0.0157 0
0.0158 0
0.0159 0
0.016 0
0.0161 0
0.0162 0
0.0163 0
0.0164 0
0.0165 0
0.0166 0
0.0167 0
0.0168 0
0.0169 0
0.017 0
0.0171 0
0.0172 0
0.0173 0
0.0174 0
0.0175 0
0.0176 0
0.0177 0
0.0178 0
0.0179 0
0.018 0
0.0181 0
0.0182 0
0.0183 0
0.0184 0
0.0185 0
0.0186 0
0.0187 0
0.0188 0
0.0189 0
0.019 0
0.0191 0
0.0192 0
0.0193 0
0.0194 0
0.0195 0
0.0196 0
0.0197 0
0.0198 0
0.0199 0
0.02 0
0.0201 0
0.0202 0
0.0203 0
0.0204 0
0.0205 0
0.0206 0
0.0207 0
0.0208 0
0.0209 0
0.021 0
0.0211 0
0.0212 0
0.0213 0
0.0214 0
0.0215 0
0.0216 0
0.0217 0
0.0218 0
0.0219 0
0.022 0
0.0221 0
0.0222 0
0.0223 0
0.0224 0
0.0225 0
0.0226 0
0.0227 0
0.0228 0
0.0229 0
0.023 0
0.0231 0
0.0232 0
0.0233 0
0.0234 0
0.0235 0
0.0236 0
0.0237 0
0.0238 0
0.0239 0
0.024 0
0.0241 0
0.0242 0
0.0243 0
0.0244 0
0.0245 0
0.0246 0
0.0247 0
0.0248 0
0.0249 0
0.025 0
0.0251 0
0.0252 0
0.0253 0
0.0254 0
0.0255 0
0.0256 0
0.0257 0
0.0258 0
0.0259 0
0.026 0
0.0261 0
0.0262 0
0.0263 0
0.0264 0
0.0265 0
0.0266 0
0.0267 0
0.0268 0
0.0269 0
0.027 0
0.0271 0
0.0272 0
0.0273 0
0.0274 0
0.0275 0
0.0276 0
0.0277 0
0.0278 0
0.0279 0
0.028 0
0.0281 0
0.0282 0
0.0283 0
0.0284 0
0.0285 0
0.0286 0
0.0287 0
0.0288 0
0.0289 0
0.029 0
0.0291 0
0.0292 0
0.0293 0
0.0294 0
0.0295 0
0.0296 0
0.0297 0
0.0298 0
0.0299 0
0.03 0
0.0301 0
0.0302 0
0.0303 0
0.0304 0
0.0305 0
0.0306 0
0.0307 0
0.0308 0
0.0309 0
0.031 0
0.0311 0
0.0312 0
0.0313 0
0.0314 0
0.0315 0
0.0316 0
0.0317 0
0.0318 0
0.0319 0
0.032 0
0.0321 0
0.0322 0
0.0323 0
0.0324 0
0.0325 0
0.0326 0
0.0327 0
0.0328 0
0.0329 0
0.033 0
0.0331 0
0.0332 0
0.0333 0
0.0334 0
0.0335 0
0.0336 0
0.0337 0
0.0338 0
0.0339 0
0.034 0
0.0341 0
0.0342 0
0.0343 0
0.0344 0
0.0345 0
0.0346 0
0.0347 0
0.0348 0
0.0349 0
0.035 0
0.0351 0
0.0352 0
0.0353 0
0.0354 0
0.0355 0
0.0356 0
0.0357 0
0.0358 0
0.0359 0
0.036 0
0.0361 0
0.0362 0
0.0363 0
0.0364 0
0.0365 0
0.0366 0
0.0367 0
0.0368 0
0.0369 0
0.037 0
0.0371 0
0.0372 0
0.0373 0
0.0374 0
0.0375 0
0.0376 0
0.0377 0
0.0378 0
0.0379 0
0.038 0
0.0381 0
0.0382 0
0.0383 0
0.0384 0
0.0385 0
0.0386 0
0.0387 0
0.0388 0
0.0389 0
0.039 0
0.0391 0
0.0392 0
0.0393 0
0.0394 0
0.0395 0
0.0396 0
0.0397 0
0.0398 0
0.0399 0
0.04 0
0.0401 0
0.0402 0
0.0403 0
0.0404 0
0.0405 0
0.0406 0
0.0407 0
0.0408 0
0.0409 0
0.041 0
0.0411 0
0.0412 0
0.0413 0
0.0414 0
0.0415 0
0.0416 0
0.0417 0
0.0418 0
0.0419 0
0.042 0
0.0421 0
0.0422 0
0.0423 0
0.0424 0
0.0425 0
0.0426 0
0.0427 0
0.0428 0
0.0429 0
0.043 0
0.0431 0
0.0432 0
0.0433 0
0.0434 0
0.0435 0
0.0436 0
0.0437 0
0.0438 0
0.0439 0
0.044 0
0.0441 0
0.0442 0
0.0443 0
0.0444 0
0.0445 0
0.0446 0
0.0447 0
0.0448 0
0.0449 0
0.045 0
0.0451 0
0.0452 0
0.0453 0
0.0454 0
0.0455 0
0.0456 0
0.0457 0
0.0458 0
0.0459 0
0.046 0
0.0461 0
0.0462 0
0.0463 0
0.0464 0
0.0465 0
0.0466 0
0.0467 0
0.0468 0
0.0469 0
0.047 0
0.0471 0
0.0472 0
0.0473 0
0.0474 0
0.0475 0
0.0476 0
0.0477 0
0.0478 0
0.0479 0
0.048 0
0.0481 0
0.0482 0
0.0483 0
0.0484 0
0.0485 0
0.0486 0
0.0487 0
0.0488 0
0.0489 0
0.049 0
0.0491 0
0.0492 0
0.0493 0
0.0494 0
0.0495 0
0.0496 0
0.0497 0
0.0498 0
0.0499 0
0.05 0
0.0501 0
0.0502 0
0.0503 0
0.0504 0
0.0505 0
0.0506 0
0.0507 0
0.0508 0
0.0509 0
0.051 0
0.0511 0
0.0512 0
0.0513 0
0.0514 0
0.0515 0
0.0516 0
0.0517 0
0.0518 0
0.0519 0
0.052 0
0.0521 0
0.0522 0
0.0523 0
0.0524 0
0.0525 0
0.0526 0
0.0527 0
0.0528 0
0.0529 0
0.053 0
0.0531 0
0.0532 0
0.0533 0
0.0534 0
0.0535 0
0.0536 0
0.0537 0
0.0538 0
0.0539 0
0.054 0
0.0541 0
0.0542 0
0.0543 0
0.0544 0
0.0545 0
0.0546 0
0.0547 0
0.0548 0
0.0549 0
0.055 0
0.0551 0
0.0552 0
0.0553 0
0.0554 0
0.0555 0
0.0556 0
0.0557 0
0.0558 0
0.0559 0
0.056 0
0.0561 0
0.0562 0
0.0563 0
0.0564 0
0.0565 0
0.0566 0
0.0567 0
0.0568 0
0.0569 0
0.057 0
0.0571 0
0.0572 0
0.0573 0
0.0574 0
0.0575 0
0.0576 0
0.0577 0
0.0578 0
0.0579 0
0.058 0
0.0581 0
0.0582 0
0.0583 0
0.0584 0
0.0585 0
0.0586 0
0.0587 0
0.0588 0
0.0589 0
0.059 0
0.0591 0
0.0592 0
0.0593 0
0.0594 0
0.0595 0
0.0596 0
0.0597 0
0.0598 0
0.0599 0
0.06 0
0.0601 0
0.0602 0
0.0603 0
0.0604 0
0.0605 0
0.0606 0
0.0607 0
0.0608 0
0.0609 0
0.061 0
0.0611 0
0.0612 0
0.0613 0
0.0614 0
0.0615 0
0.0616 0
0.0617 0
0.0618 0
0.0619 0
0.062 0
0.0621 0
0.0622 0
0.0623 0
0.0624 0
0.0625 0
0.0626 0
0.0627 0
0.0628 0
0.0629 0
0.063 0
0.0631 0
0.0632 0
0.0633 0
0.0634 0
0.0635 0
0.0636 0
0.0637 0
0.0638 0
0.0639 0
0.064 0
0.0641 0
0.0642 0
0.0643 0
0.0644 0
0.0645 0
0.0646 0
0.0647 0
0.0648 0
0.0649 0
0.065 0
0.0651 0
0.0652 0
0.0653 0
0.0654 0
0.0655 0
0.0656 0
0.0657 0
0.0658 0
0.0659 0
0.066 0
0.0661 0
0.0662 0
0.0663 0
0.0664 0
0.0665 0
0.0666 0
0.0667 0
0.0668 0
0.0669 0
0.067 0
0.0671 0
0.0672 0
0.0673 0
0.0674 0
0.0675 0
0.0676 0
0.0677 0
0.0678 0
0.0679 0
0.068 0
0.0681 0
0.0682 0
0.0683 0
0.0684 0
0.0685 0
0.0686 0
0.0687 0
0.0688 0
0.0689 0
0.069 0
0.0691 0
0.0692 0
0.0693 0
0.0694 0
0.0695 0
0.0696 0
0.0697 0
0.0698 0
0.0699 0
0.07 0
0.0701 0
0.0702 0
0.0703 0
0.0704 0
0.0705 0
0.0706 0
0.0707 0
0.0708 0
0.0709 0
0.071 0
0.0711 0
0.0712 0
0.0713 0
0.0714 0
0.0715 0
0.0716 0
0.0717 0
0.0718 0
0.0719 0
0.072 0
0.0721 0
0.0722 0
0.0723 0
0.0724 0
0.0725 0
0.0726 0
0.0727 0
0.0728 0
0.0729 0
0.073 0
0.0731 0
0.0732 0
0.0733 0
0.0734 0
0.0735 0
0.0736 0
0.0737 0
0.0738 0
0.0739 0
0.074 0
0.0741 0
0.0742 0
0.0743 0
0.0744 0
0.0745 0
0.0746 0
0.0747 0
0.0748 0
0.0749 0
0.075 0
0.0751 0
0.0752 0
0.0753 0
0.0754 0
0.0755 0
0.0756 0
0.0757 0
0.0758 0
0.0759 0
0.076 0
0.0761 0
0.0762 0
0.0763 0
0.0764 0
0.0765 0
0.0766 0
0.0767 0
0.0768 0
0.0769 0
0.077 0
0.0771 0
0.0772 0
0.0773 0
0.0774 0
0.0775 0
0.0776 0
0.0777 0
0.0778 0
0.0779 0
0.078 0
0.0781 0
0.0782 0
0.0783 0
0.0784 0
0.0785 0
0.0786 0
0.0787 0
0.0788 0
0.0789 0
0.079 0
0.0791 0
0.0792 0
0.0793 0
0.0794 0
0.0795 0
0.0796 0
0.0797 0
0.0798 0
0.0799 0
0.08 0
0.0801 0
0.0802 0
0.0803 0
0.0804 0
0.0805 0
0.0806 0
0.0807 0
0.0808 0
0.0809 0
0.081 0
0.0811 0
0.0812 0
0.0813 0
0.0814 0
0.0815 0
0.0816 0
0.0817 0
0.0818 0
0.0819 0
0.082 0
0.0821 0
0.0822 0
0.0823 0
0.0824 0
0.0825 0
0.0826 0
0.0827 0
0.0828 0
0.0829 0
0.083 0
0.0831 0
0.0832 0
0.0833 0
0.0834 0
0.0835 0
0.0836 0
0.0837 0
0.0838 0
0.0839 0
0.084 0
0.0841 0
0.0842 0
0.0843 0
0.0844 0
0.0845 0
0.0846 0
0.0847 0
0.0848 0
0.0849 0
0.085 0
0.0851 0
0.0852 0
0.0853 0
0.0854 0
0.0855 0
0.0856 0
0.0857 0
0.0858 0
0.0859 0
0.086 0
0.0861 0
0.0862 0
0.0863 0
0.0864 0
0.0865 0
0.0866 0
0.0867 0
0.0868 0
0.0869 0
0.087 0
0.0871 0
0.0872 0
0.0873 0
0.0874 0
0.0875 0
0.0876 0
0.0877 0
0.0878 0
0.0879 0
0.088 0
0.0881 0
0.0882 0
0.0883 0
0.0884 0
0.0885 0
0.0886 0
0.0887 0
0.0888 0
0.0889 0
0.089 0
0.0891 0
0.0892 0
0.0893 0
0.0894 0
0.0895 0
0.0896 0
0.0897 0
0.0898 0
0.0899 0
0.09 0
0.0901 0
0.0902 0
0.0903 0
0.0904 0
0.0905 0
0.0906 0
0.0907 0
0.0908 0
0.0909 0
0.091 0
0.0911 0
0.0912 0
0.0913 0
0.0914 0
0.0915 0
0.0916 0
0.0917 0
0.0918 0
0.0919 0
0.092 0
0.0921 0
0.0922 0
0.0923 0
0.0924 0
0.0925 0
0.0926 0
0.0927 0
0.0928 0
0.0929 0
0.093 0
0.0931 0
0.0932 0
0.0933 0
0.0934 0
0.0935 0
0.0936 0
0.0937 0
0.0938 0
0.0939 0
0.094 0
0.0941 0
0.0942 0
0.0943 0
0.0944 0
0.0945 0
0.0946 0
0.0947 0
0.0948 0
0.0949 0
0.095 0
0.0951 0
0.0952 0
0.0953 0
0.0954 0
0.0955 0
0.0956 0
0.0957 0
0.0958 0
0.0959 0
0.096 0
0.0961 0
0.0962 0
0.0963 0
0.0964 0
0.0965 0
0.0966 0
0.0967 0
0.0968 0
0.0969 0
0.097 0
0.0971 0
0.0972 0
0.0973 0
0.0974 0
0.0975 0
0.0976 0
0.0977 0
0.0978 0
0.0979 0
0.098 0
0.0981 0
0.0982 0
0.0983 0
0.0984 0
0.0985 0
0.0986 0
0.0987 0
0.0988 0
0.0989 0
0.099 0
0.0991 0
0.0992 0
0.0993 0
0.0994 0
0.0995 0
0.0996 0
0.0997 0
0.0998 0
0.0999 0
0.1 0
0.1001 0
0.1002 0
0.1003 0
0.1004 0
0.1005 0
0.1006 0
0.1007 0
0.1008 0
0.1009 0
0.101 0
0.1011 0
0.1012 0
0.1013 0
0.1014 0
0.1015 0
0.1016 0
0.1017 0
0.1018 0
0.1019 0
0.102 0
0.1021 0
0.1022 0
0.1023 0
0.1024 0
0.1025 0
0.1026 0
0.1027 0
0.1028 0
0.1029 0
0.103 0
0.1031 0
0.1032 0
0.1033 0
0.1034 0
0.1035 0
0.1036 0
0.1037 0
0.1038 0
0.1039 0
0.104 0
0.1041 0
0.1042 0
0.1043 0
0.1044 0
0.1045 0
0.1046 0
0.1047 0
0.1048 0
0.1049 0
0.105 0
0.1051 0
0.1052 0
0.1053 0
0.1054 0
0.1055 0
0.1056 0
0.1057 0
0.1058 0
0.1059 0
0.106 0
0.1061 0
0.1062 0
0.1063 0
0.1064 0
0.1065 0
0.1066 0
0.1067 0
0.1068 0
0.1069 0
0.107 0
0.1071 0
0.1072 0
0.1073 0
0.1074 0
0.1075 0
0.1076 0
0.1077 0
0.1078 0
0.1079 0
0.108 0
0.1081 0
0.1082 0
0.1083 0
0.1084 0
0.1085 0
0.1086 0
0.1087 0
0.1088 0
0.1089 0
0.109 0
0.1091 0
0.1092 0
0.1093 0
0.1094 0
0.1095 0
0.1096 0
0.1097 0
0.1098 0
0.1099 0
0.11 0
0.1101 0
0.1102 0
0.1103 0
0.1104 0
0.1105 0
0.1106 0
0.1107 0
0.1108 0
0.1109 0
0.111 0
0.1111 0
0.1112 0
0.1113 0
0.1114 0
0.1115 0
0.1116 0
0.1117 0
0.1118 0
0.1119 0
0.112 0
0.1121 0
0.1122 0
0.1123 0
0.1124 0
0.1125 0
0.1126 0
0.1127 0
0.1128 0
0.1129 0
0.113 0
0.1131 0
0.1132 0
0.1133 0
0.1134 0
0.1135 0
0.1136 0
0.1137 0
0.1138 0
0.1139 0
0.114 0
0.1141 0
0.1142 0
0.1143 0
0.1144 0
0.1145 0
0.1146 0
0.1147 0
0.1148 0
0.1149 0
0.115 0
0.1151 0
0.1152 0
0.1153 0
0.1154 0
0.1155 0
0.1156 0
0.1157 0
0.1158 0
0.1159 0
0.116 0
0.1161 0
0.1162 0
0.1163 0
0.1164 0
0.1165 0
0.1166 0
0.1167 0
0.1168 0
0.1169 0
0.117 0
0.1171 0
0.1172 0
0.1173 0
0.1174 0
0.1175 0
0.1176 0
0.1177 0
0.1178 0
0.1179 0
0.118 0
0.1181 0
0.1182 0
0.1183 0
0.1184 0
0.1185 0
0.1186 0
0.1187 0
0.1188 0
0.1189 0
0.119 0
0.1191 0
0.1192 0
0.1193 0
0.1194 0
0.1195 0
0.1196 0
0.1197 0
0.1198 0
0.1199 0
0.12 0
0.1201 0
0.1202 0
0.1203 0
0.1204 0
0.1205 0
0.1206 0
0.1207 0
0.1208 0
0.1209 0
0.121 0
0.1211 0
0.1212 0
0.1213 0
0.1214 0
0.1215 0
0.1216 0
0.1217 0
0.1218 0
0.1219 0
0.122 0
0.1221 0
0.1222 0
0.1223 0
0.1224 0
0.1225 0
0.1226 0
0.1227 0
0.1228 0
0.1229 0
0.123 0
0.1231 0
0.1232 0
0.1233 0
0.1234 0
0.1235 0
0.1236 0
0.1237 0
0.1238 0
0.1239 0
0.124 0
0.1241 0
0.1242 0
0.1243 0
0.1244 0
0.1245 0
0.1246 0
0.1247 0
0.1248 0
0.1249 0
0.125 0
0.1251 0
0.1252 0
0.1253 0
0.1254 0
0.1255 0
0.1256 0
0.1257 0
0.1258 0
0.1259 0
0.126 0
0.1261 0
0.1262 0
0.1263 0
0.1264 0
0.1265 0
0.1266 0
0.1267 0
0.1268 0
0.1269 0
0.127 0
0.1271 0
0.1272 0
0.1273 0
0.1274 0
0.1275 0
0.1276 0
0.1277 0
0.1278 0
0.1279 0
0.128 0
0.1281 0
0.1282 0
0.1283 0
0.1284 0
0.1285 0
0.1286 0
0.1287 0
0.1288 0
0.1289 0
0.129 0
0.1291 0
0.1292 0
0.1293 0
0.1294 0
0.1295 0
0.1296 0
0.1297 0
0.1298 0
0.1299 0
0.13 0
0.1301 0
0.1302 0
0.1303 0
0.1304 0
0.1305 0
0.1306 0
0.1307 0
0.1308 0
0.1309 0
0.131 0
0.1311 0
0.1312 0
0.1313 0
0.1314 0
0.1315 0
0.1316 0
0.1317 0
0.1318 0
0.1319 0
0.132 0
0.1321 0
0.1322 0
0.1323 0
0.1324 0
0.1325 0
0.1326 0
0.1327 0
0.1328 0
0.1329 0
0.133 0
0.1331 0
0.1332 0
0.1333 0
0.1334 0
0.1335 0
0.1336 0
0.1337 0
0.1338 0
0.1339 0
0.134 0
0.1341 0
0.1342 0
0.1343 0
0.1344 0
0.1345 0
0.1346 0
0.1347 0
0.1348 0
0.1349 0
0.135 0
0.1351 0
0.1352 0
0.1353 0
0.1354 0
0.1355 0
0.1356 0
0.1357 0
0.1358 0
0.1359 0
0.136 0
0.1361 0
0.1362 0
0.1363 0
0.1364 0
0.1365 0
0.1366 0
0.1367 0
0.1368 0
0.1369 0
0.137 0
0.1371 0
0.1372 0
0.1373 0
0.1374 0
0.1375 0
0.1376 0
0.1377 0
0.1378 0
0.1379 0
0.138 0
0.1381 0
0.1382 0
0.1383 0
0.1384 0
0.1385 0
0.1386 0
0.1387 0
0.1388 0
0.1389 0
0.139 0
0.1391 0
0.1392 0
0.1393 0
0.1394 0
0.1395 0
0.1396 0
0.1397 0
0.1398 0
0.1399 0
0.14 0
0.1401 0
0.1402 0
0.1403 0
0.1404 0
0.1405 0
0.1406 0
0.1407 0
0.1408 0
0.1409 0
0.141 0
0.1411 0
0.1412 0
0.1413 0
0.1414 0
0.1415 0
0.1416 0
0.1417 0
0.1418 0
0.1419 0
0.142 0
0.1421 0
0.1422 0
0.1423 0
0.1424 0
0.1425 0
0.1426 0
0.1427 0
0.1428 0
0.1429 0
0.143 0
0.1431 0
0.1432 0
0.1433 0
0.1434 0
0.1435 0
0.1436 0
0.1437 0
0.1438 0
0.1439 0
0.144 0
0.1441 0
0.1442 0
0.1443 0
0.1444 0
0.1445 0
0.1446 0
0.1447 0
0.1448 0
0.1449 0
0.145 0
0.1451 0
0.1452 0
0.1453 0
0.1454 0
0.1455 0
0.1456 0
0.1457 0
0.1458 0
0.1459 0
0.146 0
0.1461 0
0.1462 0
0.1463 0
0.1464 0
0.1465 0
0.1466 0
0.1467 0
0.1468 0
0.1469 0
0.147 0
0.1471 0
0.1472 0
0.1473 0
0.1474 0
0.1475 0
0.1476 0
0.1477 0
0.1478 0
0.1479 0
0.148 0
0.1481 0
0.1482 0
0.1483 0
0.1484 0
0.1485 0
0.1486 0
0.1487 0
0.1488 0
0.1489 0
0.149 0
0.1491 0
0.1492 0
0.1493 0
0.1494 0
0.1495 0
0.1496 0
0.1497 0
0.1498 0
0.1499 0
0.15 0
0.1501 0
0.1502 0
0.1503 0
0.1504 0
0.1505 0
0.1506 0
0.1507 0
0.1508 0
0.1509 0
0.151 0
0.1511 0
0.1512 0
0.1513 0
0.1514 0
0.1515 0
0.1516 0
0.1517 0
0.1518 0
0.1519 0
0.152 0
0.1521 0
0.1522 0
0.1523 0
0.1524 0
0.1525 0
0.1526 0
0.1527 0
0.1528 0
0.1529 0
0.153 0
0.1531 0
0.1532 0
0.1533 0
0.1534 0
0.1535 0
0.1536 0
0.1537 0
0.1538 0
0.1539 0
0.154 0
0.1541 0
0.1542 0
0.1543 0
0.1544 0
0.1545 0
0.1546 0
0.1547 0
0.1548 0
0.1549 0
0.155 0
0.1551 0
0.1552 0
0.1553 0
0.1554 0
0.1555 0
0.1556 0
0.1557 0
0.1558 0
0.1559 0
0.156 0
0.1561 0
0.1562 0
0.1563 0
0.1564 0
0.1565 0
0.1566 0
0.1567 0
0.1568 0
0.1569 0
0.157 0
0.1571 0
0.1572 0
0.1573 0
0.1574 0
0.1575 0
0.1576 0
0.1577 0
0.1578 0
0.1579 0
0.158 0
0.1581 0
0.1582 0
0.1583 0
0.1584 0
0.1585 0
0.1586 0
0.1587 0
0.1588 0
0.1589 0
0.159 0
0.1591 0
0.1592 0
0.1593 0
0.1594 0
0.1595 0
0.1596 0
0.1597 0
0.1598 0
0.1599 0
0.16 0
0.1601 0
0.1602 0
0.1603 0
0.1604 0
0.1605 0
0.1606 0
0.1607 0
0.1608 0
0.1609 0
0.161 0
0.1611 0
0.1612 0
0.1613 0
0.1614 0
0.1615 0
0.1616 0
0.1617 0
0.1618 0
0.1619 0
0.162 0
0.1621 0
0.1622 0
0.1623 0
0.1624 0
0.1625 0
0.1626 0
0.1627 0
0.1628 0
0.1629 0
0.163 0
0.1631 0
0.1632 0
0.1633 0
0.1634 0
0.1635 0
0.1636 0
0.1637 0
0.1638 0
0.1639 0
0.164 0
0.1641 0
0.1642 0
0.1643 0
0.1644 0
0.1645 0
0.1646 0
0.1647 0
0.1648 0
0.1649 0
0.165 0
0.1651 0
0.1652 0
0.1653 0
0.1654 0
0.1655 0
0.1656 0
0.1657 0
0.1658 0
0.1659 0
0.166 0
0.1661 0
0.1662 0
0.1663 0
0.1664 0
0.1665 0
0.1666 0
0.1667 0
0.1668 0
0.1669 0
0.167 0
0.1671 0
0.1672 0
0.1673 0
0.1674 0
0.1675 0
0.1676 0
0.1677 0
0.1678 0
0.1679 0
0.168 0
0.1681 0
0.1682 0
0.1683 0
0.1684 0
0.1685 0
0.1686 0
0.1687 0
0.1688 0
0.1689 0
0.169 0
0.1691 0
0.1692 0
0.1693 0
0.1694 0
0.1695 0
0.1696 0
0.1697 0
0.1698 0
0.1699 0
0.17 0
0.1701 0
0.1702 0
0.1703 0
0.1704 0
0.1705 0
0.1706 0
0.1707 0
0.1708 0
0.1709 0
0.171 0
0.1711 0
0.1712 0
0.1713 0
0.1714 0
0.1715 0
0.1716 0
0.1717 0
0.1718 0
0.1719 0
0.172 0
0.1721 0
0.1722 0
0.1723 0
0.1724 0
0.1725 0
0.1726 0
0.1727 0
0.1728 0
0.1729 0
0.173 0
0.1731 0
0.1732 0
0.1733 0
0.1734 0
0.1735 0
0.1736 0
0.1737 0
0.1738 0
0.1739 0
0.174 0
0.1741 0
0.1742 0
0.1743 0
0.1744 0
0.1745 552649
0.1746 1.10925e+007
0.1747 2.68485e+007
0.1748 4.26027e+007
0.1749 5.32064e+007
0.175 5.4245e+007
0.1751 4.36478e+007
0.1752 2.286e+007
0.1753 -3.26032e+006
0.1754 -2.80027e+007
0.1755 -4.51849e+007
0.1756 -5.1226e+007
0.1757 -4.56425e+007
0.1758 -3.27404e+007
0.1759 -1.79893e+007
0.176 -5.28704e+006
0.1761 -1559.12
0.1762 -1580.25
0.1763 -1601.37
0.1764 -1622.49
0.1765 -1643.61
0.1766 -1664.73
0.1767 -1685.84
0.1768 -1706.96
0.1769 -1728.07
0.177 -1749.18
0.1771 -1770.29
0.1772 -1791.4
0.1773 -1812.51
0.1774 -1833.62
0.1775 -1854.72
0.1776 -1875.83
0.1777 -1896.93
0.1778 -1918.03
0.1779 -1939.13
0.178 -1960.23
0.1781 -1981.32
0.1782 -2002.42
0.1783 -2023.51
0.1784 -2044.6
0.1785 -2065.69
0.1786 -2086.78
0.1787 -2107.86
0.1788 -2128.95
0.1789 -2150.03
0.179 -2171.11
0.1791 -2192.19
0.1792 -2213.27
0.1793 -2234.34
0.1794 -2255.41
0.1795 -2276.49
0.1796 -2297.56
0.1797 -2318.62
0.1798 -2339.69
0.1799 -2360.75
0.18 -2381.82
0.1801 -2402.88
0.1802 -2423.93
0.1803 -2444.99
0.1804 -2466.04
0.1805 -2487.1
0.1806 -2508.15
0.1807 -2529.2
0.1808 -2550.24
0.1809 -2571.29
0.181 -2592.33
0.1811 -2613.37
0.1812 -2634.4
0.1813 -2655.44
0.1814 -2676.47
0.1815 -2697.5
0.1816 -2718.53
0.1817 -2739.56
0.1818 -2760.58
0.1819 -2781.61
0.182 -2802.63
0.1821 -2823.64
0.1822 -2844.66
0.1823 -2865.67
0.1824 -2886.68
0.1825 -2907.69
0.1826 -2928.7
0.1827 -2949.7
0.1828 -2970.7
0.1829 -2991.7
0.183 -3012.7
0.1831 -3033.69
0.1832 -3054.68
0.1833 -3075.67
0.1834 -3096.66
0.1835 -3117.64
0.1836 -3138.62
0.1837 -3159.6
0.1838 -3180.58
0.1839 -3201.55
0.184 -3222.52
0.1841 -3243.49
0.1842 -3264.45
0.1843 -3285.42
0.1844 -3306.38
0.1845 -3327.34
0.1846 -3348.29
0.1847 -3369.24
0.1848 -3390.19
0.1849 -3411.14
0.185 -3432.08
0.1851 -3453.02
0.1852 -3473.96
0.1853 -3494.9
0.1854 -3515.83
0.1855 -3536.76
0.1856 -3557.69
0.1857 -3578.61
0.1858 -3599.53
0.1859 -3620.45
0.186 -3641.36
0.1861 -3662.27
0.1862 -3683.18
0.1863 -3704.09
0.1864 -3724.99
0.1865 -3745.89
0.1866 -3766.79
0.1867 -3787.68
0.1868 -3808.57
0.1869 -3829.46
0.187 -3850.35
0.1871 -3871.23
0.1872 -3892.11
0.1873 -3912.98
0.1874 -3933.85
0.1875 -3954.72
0.1876 -3975.59
0.1877 -3996.45
0.1878 -4017.31
0.1879 -4038.16
0.188 -4059.01
0.1881 -4079.86
0.1882 -4100.71
0.1883 -4121.55
0.1884 -4142.39
0.1885 -4163.23
0.1886 -4184.06
0.1887 -4204.89
0.1888 -4225.71
0.1889 -4246.53
0.189 -4267.35
0.1891 -4288.17
0.1892 -4308.98
0.1893 -4329.79
0.1894 -4350.59
0.1895 -4371.39
0.1896 -4392.19
0.1897 -4412.98
0.1898 -4433.77
0.1899 -4454.56
0.19 -4475.34
0.1901 -4496.12
0.1902 -4516.89
0.1903 -4537.67
0.1904 -4558.43
0.1905 -4579.2
0.1906 -4599.96
0.1907 -4620.72
0.1908 -4641.47
0.1909 -4662.22
0.191 -4682.96
0.1911 -4703.7
0.1912 -4724.44
0.1913 -4745.18
0.1914 -4765.91
0.1915 -4786.63
0.1916 -4807.35
0.1917 -4828.07
0.1918 -4848.79
0.1919 -4869.5
0.192 -4890.2
0.1921 -4910.9
0.1922 -4931.6
0.1923 -4952.3
0.1924 -4972.99
0.1925 -4993.67
0.1926 -5014.36
0.1927 -5035.03
0.1928 -5055.71
0.1929 -5076.38
0.193 -5097.04
0.1931 -5117.7
0.1932 -5138.36
0.1933 -5159.01
0.1934 -5179.66
0.1935 -5200.31
0.1936 -5220.95
0.1937 -5241.58
0.1938 -5262.22
0.1939 -5282.84
0.194 -5303.47
0.1941 -5324.09
0.1942 -5344.7
0.1943 -5365.31
0.1944 -5385.92
0.1945 -5406.52
0.1946 -5427.12
0.1947 -5447.71
0.1948 -5468.3
0.1949 -5488.88
0.195 -5509.46
0.1951 -5530.03
0.1952 -5550.6
0.1953 -5571.17
0.1954 -5591.73
0.1955 -5612.29
0.1956 -5632.84
0.1957 -5653.39
0.1958 -5673.93
0.1959 -5694.47
0.196 -5715
0.1961 -5735.53
0.1962 -5756.05
0.1963 -5776.57
0.1964 -5797.09
0.1965 -5817.6
0.1966 -5838.1
0.1967 -5858.6
0.1968 -5879.1
0.1969 -5899.59
0.197 -5920.07
0.1971 -5940.55
0.1972 -5961.03
0.1973 -5981.5
0.1974 -6001.97
0.1975 -6022.43
0.1976 -6042.89
0.1977 -6063.34
0.1978 -6083.78
0.1979 -6104.23
0.198 -6124.66
0.1981 -6145.1
0.1982 -6165.52
0.1983 -6185.94
0.1984 -6206.36
0.1985 -6226.77
0.1986 -6247.18
0.1987 -6267.58
0.1988 -6287.98
0.1989 -6308.37
0.199 -6328.75
0.1991 -6349.13
0.1992 -6369.51
0.1993 -6389.88
0.1994 -6410.25
0.1995 -6430.61
0.1996 -6450.96
0.1997 -6471.31
0.1998 -6491.65
0.1999 -6511.99
0.2 -6532.33
0.2001 -6552.65
0.2002 -6572.98
0.2003 -6593.29
0.2004 -6613.61
0.2005 -6633.91
0.2006 -6654.22
0.2007 -6674.51
0.2008 -6694.8
0.2009 -6715.09
0.201 -6735.37
0.2011 -6755.64
0.2012 -6775.91
0.2013 -6796.17
0.2014 -6816.43
0.2015 -6836.68
0.2016 -6856.93
0.2017 -6877.17
0.2018 -6897.4
0.2019 -6917.63
0.202 -6937.85
0.2021 -6958.07
0.2022 -6978.29
0.2023 -6998.49
0.2024 -7018.69
0.2025 -7038.89
0.2026 -7059.08
0.2027 -7079.26
0.2028 -7099.44
0.2029 -7119.61
0.203 -7139.78
0.2031 -7159.94
0.2032 -7180.09
0.2033 -7200.24
0.2034 -7220.38
0.2035 -7240.52
0.2036 -7260.65
0.2037 -7280.78
0.2038 -7300.9
0.2039 -7321.01
0.204 -7341.12
0.2041 -7361.22
0.2042 -7381.31
0.2043 -7401.4
0.2044 -7421.48
0.2045 -7441.56
0.2046 -7461.63
0.2047 -7481.7
0.2048 -7501.76
0.2049 -7521.81
0.205 -7541.86
0.2051 -7561.9
0.2052 -7581.93
0.2053 -7601.96
0.2054 -7621.98
0.2055 -7641.99
0.2056 -7662
0.2057 -7682.01
0.2058 -7702
0.2059 -7721.99
0.206 -7741.98
0.2061 -7761.96
0.2062 -7781.93
0.2063 -7801.89
0.2064 -7821.85
0.2065 -7841.8
0.2066 -7861.75
0.2067 -7881.69
0.2068 -7901.62
0.2069 -7921.55
0.207 -7941.47
0.2071 -7961.38
0.2072 -7981.29
0.2073 -8001.19
0.2074 -8021.08
0.2075 -8040.97
0.2076 -8060.85
0.2077 -8080.73
0.2078 -8100.6
0.2079 -8120.46
0.208 -8140.31
0.2081 -8160.16
0.2082 -8180
0.2083 -8199.83
0.2084 -8219.66
0.2085 -8239.48
0.2086 -8259.3
0.2087 -8279.11
0.2088 -8298.91
0.2089 -8318.7
0.209 -8338.49
0.2091 -8358.27
0.2092 -8378.04
0.2093 -8397.81
0.2094 -8417.57
0.2095 -8437.32
0.2096 -8457.07
0.2097 -8476.81
0.2098 -8496.54
0.2099 -8516.26
0.21 -8535.98
0.2101 -8555.69
0.2102 -8575.4
0.2103 -8595.1
0.2104 -8614.79
0.2105 -8634.47
0.2106 -8654.15
0.2107 -8673.82
0.2108 -8693.48
0.2109 -8713.13
0.211 -8732.78
0.2111 -8752.42
0.2112 -8772.06
0.2113 -8791.68
0.2114 -8811.3
0.2115 -8830.91
0.2116 -8850.52
0.2117 -8870.12
0.2118 -8889.71
0.2119 -8909.29
0.212 -8928.87
0.2121 -8948.44
0.2122 -8968
0.2123 -8987.55
0.2124 -9007.1
0.2125 -9026.64
0.2126 -9046.17
0.2127 -9065.69
0.2128 -9085.21
0.2129 -9104.72
0.213 -9124.22
0.2131 -9143.72
0.2132 -9163.2
0.2133 -9182.68
0.2134 -9202.16
0.2135 -9221.62
0.2136 -9241.08
0.2137 -9260.53
0.2138 -9279.97
0.2139 -9299.41
0.214 -9318.83
0.2141 -9338.25
0.2142 -9357.66
0.2143 -9377.07
0.2144 -9396.46
0.2145 -9415.85
0.2146 -9435.23
0.2147 -9454.61
0.2148 -9473.97
0.2149 -9493.33
0.215 -9512.68
0.2151 -9532.02
0.2152 -9551.36
0.2153 -9570.69
0.2154 -9590
0.2155 -9609.32
0.2156 -9628.62
0.2157 -9647.91
0.2158 -9667.2
0.2159 -9686.48
0.216 -9705.75
0.2161 -9725.02
0.2162 -9744.27
0.2163 -9763.52
0.2164 -9782.76
0.2165 -9801.99
0.2166 -9821.22
0.2167 -9840.43
0.2168 -9859.64
0.2169 -9878.84
0.217 -9898.03
0.2171 -9917.22
0.2172 -9936.39
0.2173 -9955.56
0.2174 -9974.72
0.2175 -9993.87
0.2176 -10013
0.2177 -10032.1
0.2178 -10051.3
0.2179 -10070.4
0.218 -10089.5
0.2181 -10108.6
0.2182 -10127.7
0.2183 -10146.8
0.2184 -10165.9
0.2185 -10184.9
0.2186 -10204
0.2187 -10223
0.2188 -10242.1
0.2189 -10261.1
0.219 -10280.1
0.2191 -10299.2
0.2192 -10318.2
0.2193 -10337.2
0.2194 -10356.2
0.2195 -10375.2
0.2196 -10394.1
0.2197 -10413.1
0.2198 -10432.1
0.2199 -10451
0.22 -10470
0.2201 -10488.9
0.2202 -10507.8
0.2203 -10526.7
0.2204 -10545.6
0.2205 -10564.5
0.2206 -10583.4
0.2207 -10602.3
0.2208 -10621.2
0.2209 -10640.1
0.221 -10658.9
0.2211 -10677.8
0.2212 -10696.6
0.2213 -10715.4
0.2214 -10734.2
0.2215 -10753.1
0.2216 -10771.9
0.2217 -10790.7
0.2218 -10809.4
0.2219 -10828.2
0.222 -10847
0.2221 -10865.7
0.2222 -10884.5
0.2223 -10903.2
0.2224 -10922
0.2225 -10940.7
0.2226 -10959.4
0.2227 -10978.1
0.2228 -10996.8
0.2229 -11015.5
0.223 -11034.2
0.2231 -11052.9
0.2232 -11071.5
0.2233 -11090.2
0.2234 -11108.8
0.2235 -11127.4
0.2236 -11146.1
0.2237 -11164.7
0.2238 -11183.3
0.2239 -11201.9
0.224 -11220.5
0.2241 -11239.1
0.2242 -11257.6
0.2243 -11276.2
0.2244 -11294.7
0.2245 -11313.3
0.2246 -11331.8
0.2247 -11350.3
0.2248 -11368.8
0.2249 -11387.4
0.225 -11405.9
0.2251 -11424.3
0.2252 -11442.8
0.2253 -11461.3
0.2254 -11479.7
0.2255 -11498.2
0.2256 -11516.6
0.2257 -11535.1
0.2258 -11553.5
0.2259 -11571.9
0.226 -11590.3
0.2261 -11608.7
0.2262 -11627.1
0.2263 -11645.4
0.2264 -11663.8
0.2265 -11682.2
0.2266 -11700.5
0.2267 -11718.8
0.2268 -11737.2
0.2269 -11755.5
0.227 -11773.8
0.2271 -11792.1
0.2272 -11810.4
0.2273 -11828.7
0.2274 -11846.9
0.2275 -11865.2
0.2276 -11883.4
0.2277 -11901.7
0.2278 -11919.9
0.2279 -11938.1
0.228 -11956.3
0.2281 -11974.5
0.2282 -11992.7
0.2283 -12010.9
0.2284 -12029.1
0.2285 -12047.2
0.2286 -12065.4
0.2287 -12083.5
0.2288 -12101.7
0.2289 -12119.8
0.229 -12137.9
0.2291 -12156
0.2292 -12174.1
0.2293 -12192.2
0.2294 -12210.2
0.2295 -12228.3
0.2296 -12246.4
0.2297 -12264.4
0.2298 -12282.4
0.2299 -12300.4
0.23 -12318.5
0.2301 -12336.5
0.2302 -12354.5
0.2303 -12372.4
0.2304 -12390.4
0.2305 -12408.4
0.2306 -12426.3
0.2307 -12444.3
0.2308 -12462.2
0.2309 -12480.1
0.231 -12498
0.2311 -12515.9
0.2312 -12533.8
0.2313 -12551.7
0.2314 -12569.6
0.2315 -12587.4
0.2316 -12605.3
0.2317 -12623.1
0.2318 -12640.9
0.2319 -12658.8
0.232 -12676.6
0.2321 -12694.4
0.2322 -12712.1
0.2323 -12729.9
0.2324 -12747.7
0.2325 -12765.4
0.2326 -12783.2
0.2327 -12800.9
0.2328 -12818.6
0.2329 -12836.4
0.233 -12854.1
0.2331 -12871.8
0.2332 -12889.4
0.2333 -12907.1
0.2334 -12924.8
0.2335 -12942.4
0.2336 -12960.1
0.2337 -12977.7
0.2338 -12995.3
0.2339 -13012.9
0.234 -13030.5
0.2341 -13048.1
0.2342 -13065.7
0.2343 -13083.3
0.2344 -13100.8
0.2345 -13118.4
0.2346 -13135.9
0.2347 -13153.4
0.2348 -13170.9
0.2349 -13188.4
0.235 -13205.9
0.2351 -13223.4
0.2352 -13240.9
0.2353 -13258.3
0.2354 -13275.8
0.2355 -13293.2
0.2356 -13310.6
0.2357 -13328
0.2358 -13345.4
0.2359 -13362.8
0.236 -13380.2
0.2361 -13397.6
0.2362 -13415
0.2363 -13432.3
0.2364 -13449.6
0.2365 -13467
0.2366 -13484.3
0.2367 -13501.6
0.2368 -13518.9
0.2369 -13536.2
0.237 -13553.4
0.2371 -13570.7
0.2372 -13588
0.2373 -13605.2
0.2374 -13622.4
0.2375 -13639.6
0.2376 -13656.8
0.2377 -13674
0.2378 -13691.2
0.2379 -13708.4
0.238 -13725.6
0.2381 -13742.7
0.2382 -13759.8
0.2383 -13777
0.2384 -13794.1
0.2385 -13811.2
0.2386 -13828.3
0.2387 -13845.4
0.2388 -13862.4
0.2389 -13879.5
0.239 -13896.5
0.2391 -13913.6
0.2392 -13930.6
0.2393 -13947.6
0.2394 -13964.6
0.2395 -13981.6
0.2396 -13998.6
0.2397 -14015.6
0.2398 -14032.5
0.2399 -14049.5
0.24 -14066.4
0.2401 -14083.3
0.2402 -14100.2
0.2403 -14117.1
0.2404 -14134
0.2405 -14150.9
0.2406 -14167.8
0.2407 -14184.6
0.2408 -14201.5
0.2409 -14218.3
0.241 -14235.1
0.2411 -14251.9
0.2412 -14268.7
0.2413 -14285.5
0.2414 -14302.3
0.2415 -14319
0.2416 -14335.8
0.2417 -14352.5
0.2418 -14369.2
0.2419 -14386
0.242 -14402.7
0.2421 -14419.3
0.2422 -14436
0.2423 -14452.7
0.2424 -14469.3
0.2425 -14486
0.2426 -14502.6
0.2427 -14519.2
0.2428 -14535.8
0.2429 -14552.4
0.243 -14569
0.2431 -14585.6
0.2432 -14602.2
0.2433 -14618.7
0.2434 -14635.2
0.2435 -14651.8
0.2436 -14668.3
0.2437 -14684.8
0.2438 -14701.3
0.2439 -14717.7
0.244 -14734.2
0.2441 -14750.7
0.2442 -14767.1
0.2443 -14783.5
0.2444 -14799.9
0.2445 -14816.3
0.2446 -14832.7
0.2447 -14849.1
0.2448 -14865.5
0.2449 -14881.8
0.245 -14898.2
0.2451 -14914.5
0.2452 -14930.8
0.2453 -14947.1
0.2454 -14963.4
0.2455 -14979.7
0.2456 -14996
0.2457 -15012.2
0.2458 -15028.5
0.2459 -15044.7
0.246 -15060.9
0.2461 -15077.1
0.2462 -15093.3
0.2463 -15109.5
0.2464 -15125.7
0.2465 -15141.9
0.2466 -15158
0.2467 -15174.1
0.2468 -15190.3
0.2469 -15206.4
0.247 -15222.5
0.2471 -15238.5
0.2472 -15254.6
0.2473 -15270.7
0.2474 -15286.7
0.2475 -15302.8
0.2476 -15318.8
0.2477 -15334.8
0.2478 -15350.8
0.2479 -15366.8
0.248 -15382.7
0.2481 -15398.7
0.2482 -15414.7
0.2483 -15430.6
0.2484 -15446.5
0.2485 -15462.4
0.2486 -15478.3
0.2487 -15494.2
0.2488 -15510.1
0.2489 -15525.9
0.249 -15541.8
0.2491 -15557.6
0.2492 -15573.4
0.2493 -15589.2
0.2494 -15605
0.2495 -15620.8
0.2496 -15636.6
0.2497 -15652.3
0.2498 -15668.1
0.2499 -15683.8
0.25 -15699.5
0.2501 -15715.2
0.2502 -15730.9
0.2503 -15746.6
0.2504 -15762.3
0.2505 -15777.9
0.2506 -15793.6
0.2507 -15809.2
0.2508 -15824.8
0.2509 -15840.4
0.251 -15856
0.2511 -15871.6
0.2512 -15887.1
0.2513 -15902.7
0.2514 -15918.2
0.2515 -15933.8
0.2516 -15949.3
0.2517 -15964.8
0.2518 -15980.3
0.2519 -15995.7
0.252 -16011.2
0.2521 -16026.6
0.2522 -16042.1
0.2523 -16057.5
0.2524 -16072.9
0.2525 -16088.3
0.2526 -16103.7
0.2527 -16119
0.2528 -16134.4
0.2529 -16149.7
0.253 -16165.1
0.2531 -16180.4
0.2532 -16195.7
0.2533 -16211
0.2534 -16226.2
0.2535 -16241.5
0.2536 -16256.8
0.2537 -16272
0.2538 -16287.2
0.2539 -16302.4
0.254 -16317.6
0.2541 -16332.8
0.2542 -16348
0.2543 -16363.1
0.2544 -16378.3
0.2545 -16393.4
0.2546 -16408.5
0.2547 -16423.6
0.2548 -16438.7
0.2549 -16453.8
0.255 -16468.8
0.2551 -16483.9
0.2552 -16498.9
0.2553 -16513.9
0.2554 -16528.9
0.2555 -16543.9
0.2556 -16558.9
0.2557 -16573.9
0.2558 -16588.8
0.2559 -16603.8
0.256 -16618.7
0.2561 -16633.6
0.2562 -16648.5
0.2563 -16663.4
0.2564 -16678.3
0.2565 -16693.1
0.2566 -16708
0.2567 -16722.8
0.2568 -16737.6
0.2569 -16752.4
0.257 -16767.2
0.2571 -16782
0.2572 -16796.8
0.2573 -16811.5
0.2574 -16826.3
0.2575 -16841
0.2576 -16855.7
0.2577 -16870.4
0.2578 -16885.1
0.2579 -16899.7
0.258 -16914.4
0.2581 -16929
0.2582 -16943.6
0.2583 -16958.3
0.2584 -16972.9
0.2585 -16987.4
0.2586 -17002
0.2587 -17016.6
0.2588 -17031.1
0.2589 -17045.6
0.259 -17060.1
0.2591 -17074.6
0.2592 -17089.1
0.2593 -17103.6
0.2594 -17118.1
0.2595 -17132.5
0.2596 -17146.9
0.2597 -17161.4
0.2598 -17175.8
0.2599 -17190.1
0.26 -17204.5
0.2601 -17218.9
0.2602 -17233.2
0.2603 -17247.6
0.2604 -17261.9
0.2605 -17276.2
0.2606 -17290.5
0.2607 -17304.7
0.2608 -17319
0.2609 -17333.3
0.261 -17347.5
0.2611 -17361.7
0.2612 -17375.9
0.2613 -17390.1
0.2614 -17404.3
0.2615 -17418.4
0.2616 -17432.6
0.2617 -17446.7
0.2618 -17460.8
0.2619 -17474.9
0.262 -17489
0.2621 -17503.1
0.2622 -17517.2
0.2623 -17531.2
0.2624 -17545.3
0.2625 -17559.3
0.2626 -17573.3
0.2627 -17587.3
0.2628 -17601.3
0.2629 -17615.2
0.263 -17629.2
0.2631 -17643.1
0.2632 -17657
0.2633 -17670.9
0.2634 -17684.8
0.2635 -17698.7
0.2636 -17712.5
0.2637 -17726.4
0.2638 -17740.2
0.2639 -17754
0.264 -17767.8
0.2641 -17781.6
0.2642 -17795.4
0.2643 -17809.2
0.2644 -17822.9
0.2645 -17836.6
0.2646 -17850.4
0.2647 -17864.1
0.2648 -17877.7
0.2649 -17891.4
0.265 -17905.1
0.2651 -17918.7
0.2652 -17932.3
0.2653 -17946
0.2654 -17959.6
0.2655 -17973.1
0.2656 -17986.7
0.2657 -18000.3
0.2658 -18013.8
0.2659 -18027.3
0.266 -18040.8
0.2661 -18054.3
0.2662 -18067.8
0.2663 -18081.3
0.2664 -18094.7
0.2665 -18108.2
0.2666 -18121.6
0.2667 -18135
0.2668 -18148.4
0.2669 -18161.8
0.267 -18175.1
0.2671 -18188.5
0.2672 -18201.8
0.2673 -18215.1
0.2674 -18228.4
0.2675 -18241.7
0.2676 -18255
0.2677 -18268.3
0.2678 -18281.5
0.2679 -18294.7
0.268 -18308
0.2681 -18321.2
0.2682 -18334.3
0.2683 -18347.5
0.2684 -18360.7
0.2685 -18373.8
0.2686 -18386.9
0.2687 -18400
0.2688 -18413.1
0.2689 -18426.2
0.269 -18439.3
0.2691 -18452.3
0.2692 -18465.4
0.2693 -18478.4
0.2694 -18491.4
0.2695 -18504.4
0.2696 -18517.3
0.2697 -18530.3
0.2698 -18543.2
0.2699 -18556.2
0.27 -18569.1
0.2701 -18582
0.2702 -18594.9
0.2703 -18607.7
0.2704 -18620.6
0.2705 -18633.4
0.2706 -18646.2
0.2707 -18659.1
0.2708 -18671.8
0.2709 -18684.6
0.271 -18697.4
0.2711 -18710.1
0.2712 -18722.9
0.2713 -18735.6
0.2714 -18748.3
0.2715 -18761
0.2716 -18773.6
0.2717 -18786.3
0.2718 -18798.9
0.2719 -18811.5
0.272 -18824.1
0.2721 -18836.7
0.2722 -18849.3
0.2723 -18861.9
0.2724 -18874.4
0.2725 -18887
0.2726 -18899.5
0.2727 -18912
0.2728 -18924.5
0.2729 -18936.9
0.273 -18949.4
0.2731 -18961.8
0.2732 -18974.2
0.2733 -18986.6
0.2734 -18999
0.2735 -19011.4
0.2736 -19023.8
0.2737 -19036.1
0.2738 -19048.4
0.2739 -19060.8
0.274 -19073.1
0.2741 -19085.3
0.2742 -19097.6
0.2743 -19109.9
0.2744 -19122.1
0.2745 -19134.3
0.2746 -19146.5
0.2747 -19158.7
0.2748 -19170.9
0.2749 -19183
0.275 -19195.2
0.2751 -19207.3
0.2752 -19219.4
0.2753 -19231.5
0.2754 -19243.6
0.2755 -19255.7
0.2756 -19267.7
0.2757 -19279.7
0.2758 -19291.8
0.2759 -19303.8
0.276 -19315.7
0.2761 -19327.7
0.2762 -19339.7
0.2763 -19351.6
0.2764 -19363.5
0.2765 -19375.4
0.2766 -19387.3
0.2767 -19399.2
0.2768 -19411.1
0.2769 -19422.9
0.277 -19434.7
0.2771 -19446.5
0.2772 -19458.3
0.2773 -19470.1
0.2774 -19481.9
0.2775 -19493.6
0.2776 -19505.4
0.2777 -19517.1
0.2778 -19528.8
0.2779 -19540.5
0.278 -19552.1
0.2781 -19563.8
0.2782 -19575.4
0.2783 -19587
0.2784 -19598.6
0.2785 -19610.2
0.2786 -19621.8
0.2787 -19633.3
0.2788 -19644.9
0.2789 -19656.4
0.279 -19667.9
0.2791 -19679.4
0.2792 -19690.9
0.2793 -19702.3
0.2794 -19713.8
0.2795 -19725.2
0.2796 -19736.6
0.2797 -19748
0.2798 -19759.4
0.2799 -19770.8
0.28 -19782.1
0.2801 -19793.4
0.2802 -19804.8
0.2803 -19816
0.2804 -19827.3
0.2805 -19838.6
0.2806 -19849.8
0.2807 -19861.1
0.2808 -19872.3
0.2809 -19883.5
0.281 -19894.7
0.2811 -19905.8
0.2812 -19917
0.2813 -19928.1
0.2814 -19939.3
0.2815 -19950.4
0.2816 -19961.4
0.2817 -19972.5
0.2818 -19983.6
0.2819 -19994.6
0.282 -20005.6
0.2821 -20016.6
0.2822 -20027.6
0.2823 -20038.6
0.2824 -20049.6
0.2825 -20060.5
0.2826 -20071.4
0.2827 -20082.3
0.2828 -20093.2
0.2829 -20104.1
0.283 -20114.9
0.2831 -20125.8
0.2832 -20136.6
0.2833 -20147.4
0.2834 -20158.2
0.2835 -20169
0.2836 -20179.7
0.2837 -20190.5
0.2838 -20201.2
0.2839 -20211.9
0.284 -20222.6
0.2841 -20233.3
0.2842 -20244
0.2843 -20254.6
0.2844 -20265.2
0.2845 -20275.8
0.2846 -20286.4
0.2847 -20297
0.2848 -20307.6
0.2849 -20318.1
0.285 -20328.6
0.2851 -20339.2
0.2852 -20349.6
0.2853 -20360.1
0.2854 -20370.6
0.2855 -20381
0.2856 -20391.5
0.2857 -20401.9
0.2858 -20412.3
0.2859 -20422.6
0.286 -20433
0.2861 -20443.4
0.2862 -20453.7
0.2863 -20464
0.2864 -20474.3
0.2865 -20484.6
0.2866 -20494.8
0.2867 -20505.1
0.2868 -20515.3
0.2869 -20525.5
0.287 -20535.7
0.2871 -20545.9
0.2872 -20556
0.2873 -20566.2
0.2874 -20576.3
0.2875 -20586.4
0.2876 -20596.5
0.2877 -20606.6
0.2878 -20616.6
0.2879 -20626.7
0.288 -20636.7
0.2881 -20646.7
0.2882 -20656.7
0.2883 -20666.7
0.2884 -20676.7
0.2885 -20686.6
0.2886 -20696.5
0.2887 -20706.4
0.2888 -20716.3
0.2889 -20726.2
0.289 -20736
0.2891 -20745.9
0.2892 -20755.7
0.2893 -20765.5
0.2894 -20775.3
0.2895 -20785.1
0.2896 -20794.8
0.2897 -20804.6
0.2898 -20814.3
0.2899 -20824
0.29 -20833.7
0.2901 -20843.4
0.2902 -20853
0.2903 -20862.6
0.2904 -20872.3
0.2905 -20881.9
0.2906 -20891.5
0.2907 -20901
0.2908 -20910.6
0.2909 -20920.1
0.291 -20929.6
0.2911 -20939.1
0.2912 -20948.6
0.2913 -20958.1
0.2914 -20967.5
0.2915 -20977
0.2916 -20986.4
0.2917 -20995.8
0.2918 -21005.1
0.2919 -21014.5
0.292 -21023.9
0.2921 -21033.2
0.2922 -21042.5
0.2923 -21051.8
0.2924 -21061.1
0.2925 -21070.3
0.2926 -21079.6
0.2927 -21088.8
0.2928 -21098
0.2929 -21107.2
0.293 -21116.4
0.2931 -21125.5
0.2932 -21134.7
0.2933 -21143.8
0.2934 -21152.9
0.2935 -21162
0.2936 -21171
0.2937 -21180.1
0.2938 -21189.1
0.2939 -21198.1
0.294 -21207.1
0.2941 -21216.1
0.2942 -21225.1
0.2943 -21234
0.2944 -21243
0.2945 -21251.9
0.2946 -21260.8
0.2947 -21269.7
0.2948 -21278.5
0.2949 -21287.4
0.295 -21296.2
0.2951 -21305
0.2952 -21313.8
0.2953 -21322.6
0.2954 -21331.3
0.2955 -21340.1
0.2956 -21348.8
0.2957 -21357.5
0.2958 -21366.2
0.2959 -21374.9
0.296 -21383.5
0.2961 -21392.2
0.2962 -21400.8
0.2963 -21409.4
0.2964 -21418
0.2965 -21426.5
0.2966 -21435.1
0.2967 -21443.6
0.2968 -21452.1
0.2969 -21460.6
0.297 -21469.1
0.2971 -21477.6
0.2972 -21486
0.2973 -21494.4
0.2974 -21502.8
0.2975 -21511.2
0.2976 -21519.6
0.2977 -21527.9
0.2978 -21536.3
0.2979 -21544.6
0.298 -21552.9
0.2981 -21561.2
0.2982 -21569.5
0.2983 -21577.7
0.2984 -21585.9
0.2985 -21594.2
0.2986 -21602.4
0.2987 -21610.5
0.2988 -21618.7
0.2989 -21626.8
0.299 -21635
0.2991 -21643.1
0.2992 -21651.2
0.2993 -21659.2
0.2994 -21667.3
0.2995 -21675.3
0.2996 -21683.3
0.2997 -21691.4
0.2998 -21699.3
0.2999 -21707.3
0.3 -21715.3
0.3001 -21723.2
0.3002 -21731.1
0.3003 -21739
0.3004 -21746.9
0.3005 -21754.7
0.3006 -21762.6
0.3007 -21770.4
0.3008 -21778.2
0.3009 -21786
0.301 -21793.8
0.3011 -21801.5
0.3012 -21809.3
0.3013 -21817
0.3014 -21824.7
0.3015 -21832.4
0.3016 -21840
0.3017 -21847.7
0.3018 -21855.3
0.3019 -21862.9
0.302 -21870.5
0.3021 -21878.1
0.3022 -21885.6
0.3023 -21893.2
0.3024 -21900.7
0.3025 -21908.2
0.3026 -21915.7
0.3027 -21923.2
0.3028 -21930.6
0.3029 -21938
0.303 -21945.5
0.3031 -21952.9
0.3032 -21960.2
0.3033 -21967.6
0.3034 -21974.9
0.3035 -21982.3
0.3036 -21989.6
0.3037 -21996.9
0.3038 -22004.1
0.3039 -22011.4
0.304 -22018.6
0.3041 -22025.8
0.3042 -22033
0.3043 -22040.2
0.3044 -22047.4
0.3045 -22054.5
0.3046 -22061.7
0.3047 -22068.8
0.3048 -22075.9
0.3049 -22082.9
0.305 -22090
0.3051 -22097
0.3052 -22104
0.3053 -22111
0.3054 -22118
0.3055 -22125
0.3056 -22131.9
0.3057 -22138.9
0.3058 -22145.8
0.3059 -22152.7
0.306 -22159.5
0.3061 -22166.4
0.3062 -22173.2
0.3063 -22180.1
0.3064 -22186.9
0.3065 -22193.6
0.3066 -22200.4
0.3067 -22207.2
0.3068 -22213.9
0.3069 -22220.6
0.307 -22227.3
0.3071 -22234
0.3072 -22240.6
0.3073 -22247.3
0.3074 -22253.9
0.3075 -22260.5
0.3076 -22267.1
0.3077 -22273.6
0.3078 -22280.2
0.3079 -22286.7
0.308 -22293.2
0.3081 -22299.7
0.3082 -22306.2
0.3083 -22312.6
0.3084 -22319.1
0.3085 -22325.5
0.3086 -22331.9
0.3087 -22338.3
0.3088 -22344.7
0.3089 -22351
0.309 -22357.3
0.3091 -22363.6
0.3092 -22369.9
0.3093 -22376.2
0.3094 -22382.5
0.3095 -22388.7
0.3096 -22394.9
0.3097 -22401.1
0.3098 -22407.3
0.3099 -22413.5
0.31 -22419.6
0.3101 -22425.7
0.3102 -22431.9
0.3103 -22437.9
0.3104 -22444
0.3105 -22450.1
0.3106 -22456.1
0.3107 -22462.1
0.3108 -22468.1
0.3109 -22474.1
0.311 -22480.1
0.3111 -22486
0.3112 -22491.9
0.3113 -22497.9
0.3114 -22503.7
0.3115 -22509.6
0.3116 -22515.5
0.3117 -22521.3
0.3118 -22527.1
0.3119 -22532.9
0.312 -22538.7
0.3121 -22544.5
0.3122 -22550.2
0.3123 -22555.9
0.3124 -22561.6
0.3125 -22567.3
0.3126 -22573
0.3127 -22578.6
0.3128 -22584.3
0.3129 -22589.9
0.313 -22595.5
0.3131 -22601.1
0.3132 -22606.6
0.3133 -22612.2
0.3134 -22617.7
0.3135 -22623.2
0.3136 -22628.7
0.3137 -22634.1
0.3138 -22639.6
0.3139 -22645
0.314 -22650.4
0.3141 -22655.8
0.3142 -22661.2
0.3143 -22666.5
0.3144 -22671.9
0.3145 -22677.2
0.3146 -22682.5
0.3147 -22687.8
0.3148 -22693
0.3149 -22698.3
0.315 -22703.5
0.3151 -22708.7
0.3152 -22713.9
0.3153 -22719.1
0.3154 -22724.2
0.3155 -22729.3
0.3156 -22734.5
0.3157 -22739.6
0.3158 -22744.6
0.3159 -22749.7
0.316 -22754.7
0.3161 -22759.8
0.3162 -22764.8
0.3163 -22769.7
0.3164 -22774.7
0.3165 -22779.7
0.3166 -22784.6
0.3167 -22789.5
0.3168 -22794.4
0.3169 -22799.3
0.317 -22804.1
0.3171 -22808.9
0.3172 -22813.8
0.3173 -22818.6
0.3174 -22823.3
0.3175 -22828.1
0.3176 -22832.8
0.3177 -22837.6
0.3178 -22842.3
0.3179 -22847
0.318 -22851.6
0.3181 -22856.3
0.3182 -22860.9
0.3183 -22865.5
0.3184 -22870.1
0.3185 -22874.7
0.3186 -22879.2
0.3187 -22883.8
0.3188 -22888.3
0.3189 -22892.8
0.319 -22897.3
0.3191 -22901.7
0.3192 -22906.2
0.3193 -22910.6
0.3194 -22915
0.3195 -22919.4
0.3196 -22923.8
0.3197 -22928.1
0.3198 -22932.4
0.3199 -22936.8
0.32 -22941
0.3201 -22945.3
0.3202 -22949.6
0.3203 -22953.8
0.3204 -22958
0.3205 -22962.2
0.3206 -22966.4
0.3207 -22970.6
0.3208 -22974.7
0.3209 -22978.8
0.321 -22982.9
0.3211 -22987
0.3212 -22991.1
0.3213 -22995.2
0.3214 -22999.2
0.3215 -23003.2
0.3216 -23007.2
0.3217 -23011.2
0.3218 -23015.1
0.3219 -23019.1
0.322 -23023
0.3221 -23026.9
0.3222 -23030.8
0.3223 -23034.6
0.3224 -23038.5
0.3225 -23042.3
0.3226 -23046.1
0.3227 -23049.9
0.3228 -23053.6
0.3229 -23057.4
0.323 -23061.1
0.3231 -23064.8
0.3232 -23068.5
0.3233 -23072.2
0.3234 -23075.9
0.3235 -23079.5
0.3236 -23083.1
0.3237 -23086.7
0.3238 -23090.3
0.3239 -23093.8
0.324 -23097.4
0.3241 -23100.9
0.3242 -23104.4
0.3243 -23107.9
0.3244 -23111.4
0.3245 -23114.8
0.3246 -23118.2
0.3247 -23121.7
0.3248 -23125
0.3249 -23128.4
0.325 -23131.8
0.3251 -23135.1
0.3252 -23138.4
0.3253 -23141.7
0.3254 -23145
0.3255 -23148.2
0.3256 -23151.5
0.3257 -23154.7
0.3258 -23157.9
0.3259 -23161.1
0.326 -23164.3
0.3261 -23167.4
0.3262 -23170.5
0.3263 -23173.6
0.3264 -23176.7
0.3265 -23179.8
0.3266 -23182.8
0.3267 -23185.9
0.3268 -23188.9
0.3269 -23191.9
0.327 -23194.9
0.3271 -23197.8
0.3272 -23200.7
0.3273 -23203.7
0.3274 -23206.6
0.3275 -23209.4
0.3276 -23212.3
0.3277 -23215.1
0.3278 -23218
0.3279 -23220.8
0.328 -23223.6
0.3281 -23226.3
0.3282 -23229.1
0.3283 -23231.8
0.3284 -23234.5
0.3285 -23237.2
0.3286 -23239.9
0.3287 -23242.5
0.3288 -23245.2
0.3289 -23247.8
0.329 -23250.4
0.3291 -23252.9
0.3292 -23255.5
0.3293 -23258
0.3294 -23260.6
0.3295 -23263.1
0.3296 -23265.5
0.3297 -23268
0.3298 -23270.4
0.3299 -23272.9
0.33 -23275.3
0.3301 -23277.7
0.3302 -23280
0.3303 -23282.4
0.3304 -23284.7
0.3305 -23287
0.3306 -23289.3
0.3307 -23291.6
0.3308 -23293.8
0.3309 -23296.1
0.331 -23298.3
0.3311 -23300.5
0.3312 -23302.7
0.3313 -23304.8
0.3314 -23307
0.3315 -23309.1
0.3316 -23311.2
0.3317 -23313.3
0.3318 -23315.3
0.3319 -23317.4
0.332 -23319.4
0.3321 -23321.4
0.3322 -23323.4
0.3323 -23325.4
0.3324 -23327.3
0.3325 -23329.2
0.3326 -23331.1
0.3327 -23333
0.3328 -23334.9
0.3329 -23336.8
0.333 -23338.6
0.3331 -23340.4
0.3332 -23342.2
0.3333 -23344
0.3334 -23345.7
0.3335 -23347.5
0.3336 -23349.2
0.3337 -23350.9
0.3338 -23352.6
0.3339 -23354.3
0.334 -23355.9
0.3341 -23357.5
0.3342 -23359.1
0.3343 -23360.7
0.3344 -23362.3
0.3345 -23363.8
0.3346 -23365.4
0.3347 -23366.9
0.3348 -23368.4
0.3349 -23369.8
0.335 -23371.3
0.3351 -23372.7
0.3352 -23374.1
0.3353 -23375.5
0.3354 -23376.9
0.3355 -23378.3
0.3356 -23379.6
0.3357 -23380.9
0.3358 -23382.2
0.3359 -23383.5
0.336 -23384.8
0.3361 -23386
0.3362 -23387.2
0.3363 -23388.4
0.3364 -23389.6
0.3365 -23390.8
0.3366 -23391.9
0.3367 -23393.1
0.3368 -23394.2
0.3369 -23395.3
0.337 -23396.3
0.3371 -23397.4
0.3372 -23398.4
0.3373 -23399.4
0.3374 -23400.4
0.3375 -23401.4
0.3376 -23402.4
0.3377 -23403.3
0.3378 -23404.2
0.3379 -23405.1
0.338 -23406
0.3381 -23406.9
0.3382 -23407.7
0.3383 -23408.5
0.3384 -23409.3
0.3385 -23410.1
0.3386 -23410.9
0.3387 -23411.6
0.3388 -23412.4
0.3389 -23413.1
0.339 -23413.8
0.3391 -23414.4
0.3392 -23415.1
0.3393 -23415.7
0.3394 -23416.3
0.3395 -23416.9
0.3396 -23417.5
0.3397 -23418
0.3398 -23418.6
0.3399 -23419.1
0.34 -23419.6
0.3401 -23420.1
0.3402 -23420.5
0.3403 -23421
0.3404 -23421.4
0.3405 -23421.8
0.3406 -23422.2
0.3407 -23422.5
0.3408 -23422.9
0.3409 -23423.2
0.341 -23423.5
0.3411 -23423.8
0.3412 -23424.1
0.3413 -23424.3
0.3414 -23424.6
0.3415 -23424.8
0.3416 -23425
0.3417 -23425.1
0.3418 -23425.3
0.3419 -23425.4
0.342 -23425.5
0.3421 -23425.6
0.3422 -23425.7
0.3423 -23425.8
0.3424 -23425.8
0.3425 -23425.8
0.3426 -23425.8
0.3427 -23425.8
0.3428 -23425.8
0.3429 -23425.7
0.343 -23425.6
0.3431 -23425.5
0.3432 -23425.4
0.3433 -23425.3
0.3434 -23425.1
0.3435 -23425
0.3436 -23424.8
0.3437 -23424.6
0.3438 -23424.3
0.3439 -23424.1
0.344 -23423.8
0.3441 -23423.5
0.3442 -23423.2
0.3443 -23422.9
0.3444 -23422.6
0.3445 -23422.2
0.3446 -23421.8
0.3447 -23421.4
0.3448 -23421
0.3449 -23420.6
0.345 -23420.1
0.3451 -23419.6
0.3452 -23419.1
0.3453 -23418.6
0.3454 -23418.1
0.3455 -23417.5
0.3456 -23417
0.3457 -23416.4
0.3458 -23415.7
0.3459 -23415.1
0.346 -23414.5
0.3461 -23413.8
0.3462 -23413.1
0.3463 -23412.4
0.3464 -23411.7
0.3465 -23410.9
0.3466 -23410.2
0.3467 -23409.4
0.3468 -23408.6
0.3469 -23407.8
0.347 -23406.9
0.3471 -23406.1
0.3472 -23405.2
0.3473 -23404.3
0.3474 -23403.4
0.3475 -23402.4
0.3476 -23401.5
0.3477 -23400.5
0.3478 -23399.5
0.3479 -23398.5
0.348 -23397.5
0.3481 -23396.4
0.3482 -23395.3
0.3483 -23394.3
0.3484 -23393.1
0.3485 -23392
0.3486 -23390.9
0.3487 -23389.7
0.3488 -23388.5
0.3489 -23387.3
0.349 -23386.1
0.3491 -23384.9
0.3492 -23383.6
0.3493 -23382.3
0.3494 -23381
0.3495 -23379.7
0.3496 -23378.4
0.3497 -23377
0.3498 -23375.6
0.3499 -23374.2
0.35 -23372.8
0.3501 -23371.4
0.3502 -23369.9
0.3503 -23368.5
0.3504 -23367
0.3505 -23365.5
0.3506 -23363.9
0.3507 -23362.4
0.3508 -23360.8
0.3509 -23359.2
0.351 -23357.6
0.3511 -23356
0.3512 -23354.4
0.3513 -23352.7
0.3514 -23351
0.3515 -23349.3
0.3516 -23347.6
0.3517 -23345.9
0.3518 -23344.1
0.3519 -23342.3
0.352 -23340.5
0.3521 -23338.7
0.3522 -23336.9
0.3523 -23335
0.3524 -23333.2
0.3525 -23331.3
0.3526 -23329.4
0.3527 -23327.4
0.3528 -23325.5
0.3529 -23323.5
0.353 -23321.5
0.3531 -23319.5
0.3532 -23317.5
0.3533 -23315.5
0.3534 -23313.4
0.3535 -23311.3
0.3536 -23309.2
0.3537 -23307.1
0.3538 -23305
0.3539 -23302.8
0.354 -23300.6
0.3541 -23298.4
0.3542 -23296.2
0.3543 -23294
0.3544 -23291.7
0.3545 -23289.5
0.3546 -23287.2
0.3547 -23284.9
0.3548 -23282.5
0.3549 -23280.2
0.355 -23277.8
0.3551 -23275.4
0.3552 -23273
0.3553 -23270.6
0.3554 -23268.2
0.3555 -23265.7
0.3556 -23263.2
0.3557 -23260.7
0.3558 -23258.2
0.3559 -23255.7
0.356 -23253.1
0.3561 -23250.5
0.3562 -23248
0.3563 -23245.3
0.3564 -23242.7
0.3565 -23240.1
0.3566 -23237.4
0.3567 -23234.7
0.3568 -23232
0.3569 -23229.3
0.357 -23226.5
0.3571 -23223.8
0.3572 -23221
0.3573 -23218.2
0.3574 -23215.3
0.3575 -23212.5
0.3576 -23209.6
0.3577 -23206.8
0.3578 -23203.9
0.3579 -23201
0.358 -23198
0.3581 -23195.1
0.3582 -23192.1
0.3583 -23189.1
0.3584 -23186.1
0.3585 -23183.1
0.3586 -23180
0.3587 -23176.9
0.3588 -23173.8
0.3589 -23170.7
0.359 -23167.6
0.3591 -23164.5
0.3592 -23161.3
0.3593 -23158.1
0.3594 -23154.9
0.3595 -23151.7
0.3596 -23148.5
0.3597 -23145.2
0.3598 -23141.9
0.3599 -23138.6
0.36 -23135.3
0.3601 -23132
0.3602 -23128.6
0.3603 -23125.3
0.3604 -23121.9
0.3605 -23118.5
0.3606 -23115.1
0.3607 -23111.6
0.3608 -23108.1
0.3609 -23104.7
0.361 -23101.2
0.3611 -23097.6
0.3612 -23094.1
0.3613 -23090.5
0.3614 -23087
0.3615 -23083.4
0.3616 -23079.7
0.3617 -23076.1
0.3618 -23072.5
0.3619 -23068.8
0.362 -23065.1
0.3621 -23061.4
0.3622 -23057.7
0.3623 -23053.9
0.3624 -23050.1
0.3625 -23046.4
0.3626 -23042.6
0.3627 -23038.7
0.3628 -23034.9
0.3629 -23031
0.363 -23027.1
0.3631 -23023.2
0.3632 -23019.3
0.3633 -23015.4
0.3634 -23011.4
0.3635 -23007.5
0.3636 -23003.5
0.3637 -22999.5
0.3638 -22995.4
0.3639 -22991.4
0.364 -22987.3
0.3641 -22983.2
0.3642 -22979.1
0.3643 -22975
0.3644 -22970.9
0.3645 -22966.7
0.3646 -22962.5
0.3647 -22958.3
0.3648 -22954.1
0.3649 -22949.9
0.365 -22945.6
0.3651 -22941.3
0.3652 -22937.1
0.3653 -22932.7
0.3654 -22928.4
0.3655 -22924.1
0.3656 -22919.7
0.3657 -22915.3
0.3658 -22910.9
0.3659 -22906.5
0.366 -22902
0.3661 -22897.6
0.3662 -22893.1
0.3663 -22888.6
0.3664 -22884.1
0.3665 -22879.5
0.3666 -22875
0.3667 -22870.4
0.3668 -22865.8
0.3669 -22861.2
0.367 -22856.6
0.3671 -22851.9
0.3672 -22847.3
0.3673 -22842.6
0.3674 -22837.9
0.3675 -22833.2
0.3676 -22828.4
0.3677 -22823.7
0.3678 -22818.9
0.3679 -22814.1
0.368 -22809.3
0.3681 -22804.4
0.3682 -22799.6
0.3683 -22794.7
0.3684 -22789.8
0.3685 -22784.9
0.3686 -22780
0.3687 -22775.1
0.3688 -22770.1
0.3689 -22765.1
0.369 -22760.1
0.3691 -22755.1
0.3692 -22750
0.3693 -22745
0.3694 -22739.9
0.3695 -22734.8
0.3696 -22729.7
0.3697 -22724.6
0.3698 -22719.4
0.3699 -22714.3
0.37 -22709.1
0.3701 -22703.9
0.3702 -22698.6
0.3703 -22693.4
0.3704 -22688.1
0.3705 -22682.9
0.3706 -22677.6
0.3707 -22672.2
0.3708 -22666.9
0.3709 -22661.6
0.371 -22656.2
0.3711 -22650.8
0.3712 -22645.4
0.3713 -22640
0.3714 -22634.5
0.3715 -22629
0.3716 -22623.6
0.3717 -22618.1
0.3718 -22612.5
0.3719 -22607
0.372 -22601.4
0.3721 -22595.9
0.3722 -22590.3
0.3723 -22584.7
0.3724 -22579
0.3725 -22573.4
0.3726 -22567.7
0.3727 -22562
0.3728 -22556.3
0.3729 -22550.6
0.373 -22544.9
0.3731 -22539.1
0.3732 -22533.3
0.3733 -22527.5
0.3734 -22521.7
0.3735 -22515.9
0.3736 -22510
0.3737 -22504.2
0.3738 -22498.3
0.3739 -22492.4
0.374 -22486.4
0.3741 -22480.5
0.3742 -22474.5
0.3743 -22468.5
0.3744 -22462.6
0.3745 -22456.5
0.3746 -22450.5
0.3747 -22444.4
0.3748 -22438.4
0.3749 -22432.3
0.375 -22426.2
0.3751 -22420
0.3752 -22413.9
0.3753 -22407.7
0.3754 -22401.6
0.3755 -22395.4
0.3756 -22389.1
0.3757 -22382.9
0.3758 -22376.6
0.3759 -22370.4
0.376 -22364.1
0.3761 -22357.8
0.3762 -22351.4
0.3763 -22345.1
0.3764 -22338.7
0.3765 -22332.4
0.3766 -22326
0.3767 -22319.5
0.3768 -22313.1
0.3769 -22306.6
0.377 -22300.2
0.3771 -22293.7
0.3772 -22287.2
0.3773 -22280.6
0.3774 -22274.1
0.3775 -22267.5
0.3776 -22260.9
0.3777 -22254.3
0.3778 -22247.7
0.3779 -22241.1
0.378 -22234.4
0.3781 -22227.8
0.3782 -22221.1
0.3783 -22214.3
0.3784 -22207.6
0.3785 -22200.9
0.3786 -22194.1
0.3787 -22187.3
0.3788 -22180.5
0.3789 -22173.7
0.379 -22166.9
0.3791 -22160
0.3792 -22153.1
0.3793 -22146.3
0.3794 -22139.3
0.3795 -22132.4
0.3796 -22125.5
0.3797 -22118.5
0.3798 -22111.5
0.3799 -22104.5
0.38 -22097.5
0.3801 -22090.5
0.3802 -22083.4
0.3803 -22076.3
0.3804 -22069.3
0.3805 -22062.1
0.3806 -22055
0.3807 -22047.9
0.3808 -22040.7
0.3809 -22033.5
0.381 -22026.3
0.3811 -22019.1
0.3812 -22011.9
0.3813 -22004.6
0.3814 -21997.4
0.3815 -21990.1
0.3816 -21982.8
0.3817 -21975.4
0.3818 -21968.1
0.3819 -21960.7
0.382 -21953.4
0.3821 -21946
0.3822 -21938.6
0.3823 -21931.1
0.3824 -21923.7
0.3825 -21916.2
0.3826 -21908.7
0.3827 -21901.2
0.3828 -21893.7
0.3829 -21886.2
0.383 -21878.6
0.3831 -21871
0.3832 -21863.4
0.3833 -21855.8
0.3834 -21848.2
0.3835 -21840.6
0.3836 -21832.9
0.3837 -21825.2
0.3838 -21817.5
0.3839 -21809.8
0.384 -21802.1
0.3841 -21794.3
0.3842 -21786.5
0.3843 -21778.8
0.3844 -21770.9
0.3845 -21763.1
0.3846 -21755.3
0.3847 -21747.4
0.3848 -21739.5
0.3849 -21731.6
0.385 -21723.7
0.3851 -21715.8
0.3852 -21707.9
0.3853 -21699.9
0.3854 -21691.9
0.3855 -21683.9
0.3856 -21675.9
0.3857 -21667.9
0.3858 -21659.8
0.3859 -21651.7
0.386 -21643.6
0.3861 -21635.5
0.3862 -21627.4
0.3863 -21619.3
0.3864 -21611.1
0.3865 -21602.9
0.3866 -21594.7
0.3867 -21586.5
0.3868 -21578.3
0.3869 -21570
0.387 -21561.8
0.3871 -21553.5
0.3872 -21545.2
0.3873 -21536.9
0.3874 -21528.5
0.3875 -21520.2
0.3876 -21511.8
0.3877 -21503.4
0.3878 -21495
0.3879 -21486.6
0.388 -21478.1
0.3881 -21469.7
0.3882 -21461.2
0.3883 -21452.7
0.3884 -21444.2
0.3885 -21435.7
0.3886 -21427.1
0.3887 -21418.6
0.3888 -21410
0.3889 -21401.4
0.389 -21392.8
0.3891 -21384.1
0.3892 -21375.5
0.3893 -21366.8
0.3894 -21358.1
0.3895 -21349.4
0.3896 -21340.7
0.3897 -21331.9
0.3898 -21323.2
0.3899 -21314.4
0.39 -21305.6
0.3901 -21296.8
0.3902 -21288
0.3903 -21279.1
0.3904 -21270.3
0.3905 -21261.4
0.3906 -21252.5
0.3907 -21243.6
0.3908 -21234.7
0.3909 -21225.7
0.391 -21216.8
0.3911 -21207.8
0.3912 -21198.8
0.3913 -21189.8
0.3914 -21180.7
0.3915 -21171.7
0.3916 -21162.6
0.3917 -21153.5
0.3918 -21144.4
0.3919 -21135.3
0.392 -21126.2
0.3921 -21117
0.3922 -21107.8
0.3923 -21098.6
0.3924 -21089.4
0.3925 -21080.2
0.3926 -21071
0.3927 -21061.7
0.3928 -21052.4
0.3929 -21043.1
0.393 -21033.8
0.3931 -21024.5
0.3932 -21015.2
0.3933 -21005.8
0.3934 -20996.4
0.3935 -20987
0.3936 -20977.6
0.3937 -20968.2
0.3938 -20958.7
0.3939 -20949.3
0.394 -20939.8
0.3941 -20930.3
0.3942 -20920.8
0.3943 -20911.2
0.3944 -20901.7
0.3945 -20892.1
0.3946 -20882.5
0.3947 -20872.9
0.3948 -20863.3
0.3949 -20853.7
0.395 -20844
0.3951 -20834.4
0.3952 -20824.7
0.3953 -20815
0.3954 -20805.3
0.3955 -20795.5
0.3956 -20785.8
0.3957 -20776
0.3958 -20766.2
0.3959 -20756.4
0.396 -20746.6
0.3961 -20736.7
0.3962 -20726.9
0.3963 -20717
0.3964 -20707.1
0.3965 -20697.2
0.3966 -20687.3
0.3967 -20677.3
0.3968 -20667.4
0.3969 -20657.4
0.397 -20647.4
0.3971 -20637.4
0.3972 -20627.4
0.3973 -20617.3
0.3974 -20607.3
0.3975 -20597.2
0.3976 -20587.1
0.3977 -20577
0.3978 -20566.9
0.3979 -20556.7
0.398 -20546.6
0.3981 -20536.4
0.3982 -20526.2
0.3983 -20516
0.3984 -20505.8
0.3985 -20495.5
0.3986 -20485.3
0.3987 -20475
0.3988 -20464.7
0.3989 -20454.4
0.399 -20444.1
0.3991 -20433.7
0.3992 -20423.4
0.3993 -20413
0.3994 -20402.6
0.3995 -20392.2
0.3996 -20381.8
0.3997 -20371.3
0.3998 -20360.9
0.3999 -20350.4
0.4 -20339.9
0.4001 -20329.4
0.4002 -20318.8
0.4003 -20308.3
0.4004 -20297.7
0.4005 -20287.2
0.4006 -20276.6
0.4007 -20266
0.4008 -20255.3
0.4009 -20244.7
0.401 -20234
0.4011 -20223.4
0.4012 -20212.7
0.4013 -20202
0.4014 -20191.2
0.4015 -20180.5
0.4016 -20169.7
0.4017 -20159
0.4018 -20148.2
0.4019 -20137.4
0.402 -20126.5
0.4021 -20115.7
0.4022 -20104.8
0.4023 -20094
0.4024 -20083.1
0.4025 -20072.2
0.4026 -20061.3
0.4027 -20050.3
0.4028 -20039.4
0.4029 -20028.4
0.403 -20017.4
0.4031 -20006.4
0.4032 -19995.4
0.4033 -19984.3
0.4034 -19973.3
0.4035 -19962.2
0.4036 -19951.1
0.4037 -19940
0.4038 -19928.9
0.4039 -19917.8
0.404 -19906.6
0.4041 -19895.5
0.4042 -19884.3
0.4043 -19873.1
0.4044 -19861.9
0.4045 -19850.6
0.4046 -19839.4
0.4047 -19828.1
0.4048 -19816.8
0.4049 -19805.5
0.405 -19794.2
0.4051 -19782.9
0.4052 -19771.6
0.4053 -19760.2
0.4054 -19748.8
0.4055 -19737.4
0.4056 -19726
0.4057 -19714.6
0.4058 -19703.1
0.4059 -19691.7
0.406 -19680.2
0.4061 -19668.7
0.4062 -19657.2
0.4063 -19645.7
0.4064 -19634.1
0.4065 -19622.6
0.4066 -19611
0.4067 -19599.4
0.4068 -19587.8
0.4069 -19576.2
0.407 -19564.6
0.4071 -19552.9
0.4072 -19541.3
0.4073 -19529.6
0.4074 -19517.9
0.4075 -19506.2
0.4076 -19494.4
0.4077 -19482.7
0.4078 -19470.9
0.4079 -19459.2
0.408 -19447.4
0.4081 -19435.5
0.4082 -19423.7
0.4083 -19411.9
0.4084 -19400
0.4085 -19388.2
0.4086 -19376.3
0.4087 -19364.4
0.4088 -19352.4
0.4089 -19340.5
0.409 -19328.5
0.4091 -19316.6
0.4092 -19304.6
0.4093 -19292.6
0.4094 -19280.6
0.4095 -19268.5
0.4096 -19256.5
0.4097 -19244.4
0.4098 -19232.4
0.4099 -19220.3
0.41 -19208.2
0.4101 -19196
0.4102 -19183.9
0.4103 -19171.7
0.4104 -19159.6
0.4105 -19147.4
0.4106 -19135.2
0.4107 -19123
0.4108 -19110.7
0.4109 -19098.5
0.411 -19086.2
0.4111 -19073.9
0.4112 -19061.6
0.4113 -19049.3
0.4114 -19037
0.4115 -19024.6
0.4116 -19012.3
0.4117 -18999.9
0.4118 -18987.5
0.4119 -18975.1
0.412 -18962.7
0.4121 -18950.2
0.4122 -18937.8
0.4123 -18925.3
0.4124 -18912.8
0.4125 -18900.3
0.4126 -18887.8
0.4127 -18875.3
0.4128 -18862.8
0.4129 -18850.2
0.413 -18837.6
0.4131 -18825
0.4132 -18812.4
0.4133 -18799.8
0.4134 -18787.2
0.4135 -18774.5
0.4136 -18761.8
0.4137 -18749.2
0.4138 -18736.5
0.4139 -18723.7
0.414 -18711
0.4141 -18698.3
0.4142 -18685.5
0.4143 -18672.7
0.4144 -18659.9
0.4145 -18647.1
0.4146 -18634.3
0.4147 -18621.5
0.4148 -18608.6
0.4149 -18595.8
0.415 -18582.9
0.4151 -18570
0.4152 -18557.1
0.4153 -18544.1
0.4154 -18531.2
0.4155 -18518.2
0.4156 -18505.3
0.4157 -18492.3
0.4158 -18479.3
0.4159 -18466.3
0.416 -18453.2
0.4161 -18440.2
0.4162 -18427.1
0.4163 -18414
0.4164 -18400.9
0.4165 -18387.8
0.4166 -18374.7
0.4167 -18361.6
0.4168 -18348.4
0.4169 -18335.3
0.417 -18322.1
0.4171 -18308.9
0.4172 -18295.7
0.4173 -18282.4
0.4174 -18269.2
0.4175 -18255.9
0.4176 -18242.7
0.4177 -18229.4
0.4178 -18216.1
0.4179 -18202.8
0.418 -18189.4
0.4181 -18176.1
0.4182 -18162.7
0.4183 -18149.3
0.4184 -18135.9
0.4185 -18122.5
0.4186 -18109.1
0.4187 -18095.7
0.4188 -18082.2
0.4189 -18068.8
0.419 -18055.3
0.4191 -18041.8
0.4192 -18028.3
0.4193 -18014.8
0.4194 -18001.2
0.4195 -17987.7
0.4196 -17974.1
0.4197 -17960.5
0.4198 -17946.9
0.4199 -17933.3
0.42 -17919.7
0.4201 -17906
0.4202 -17892.4
0.4203 -17878.7
0.4204 -17865
0.4205 -17851.3
0.4206 -17837.6
0.4207 -17823.9
0.4208 -17810.1
0.4209 -17796.4
0.421 -17782.6
0.4211 -17768.8
0.4212 -17755
0.4213 -17741.2
0.4214 -17727.4
0.4215 -17713.5
0.4216 -17699.7
0.4217 -17685.8
0.4218 -17671.9
0.4219 -17658
0.422 -17644.1
0.4221 -17630.1
0.4222 -17616.2
0.4223 -17602.2
0.4224 -17588.2
0.4225 -17574.3
0.4226 -17560.3
0.4227 -17546.2
0.4228 -17532.2
0.4229 -17518.2
0.423 -17504.1
0.4231 -17490
0.4232 -17475.9
0.4233 -17461.8
0.4234 -17447.7
0.4235 -17433.6
0.4236 -17419.4
0.4237 -17405.3
0.4238 -17391.1
0.4239 -17376.9
0.424 -17362.7
0.4241 -17348.5
0.4242 -17334.2
0.4243 -17320
0.4244 -17305.7
0.4245 -17291.5
0.4246 -17277.2
0.4247 -17262.9
0.4248 -17248.6
0.4249 -17234.2
0.425 -17219.9
0.4251 -17205.5
0.4252 -17191.1
0.4253 -17176.8
0.4254 -17162.4
0.4255 -17147.9
0.4256 -17133.5
0.4257 -17119.1
0.4258 -17104.6
0.4259 -17090.1
0.426 -17075.7
0.4261 -17061.2
0.4262 -17046.6
0.4263 -17032.1
0.4264 -17017.6
0.4265 -17003
0.4266 -16988.5
0.4267 -16973.9
0.4268 -16959.3
0.4269 -16944.7
0.427 -16930
0.4271 -16915.4
0.4272 -16900.7
0.4273 -16886.1
0.4274 -16871.4
0.4275 -16856.7
0.4276 -16842
0.4277 -16827.3
0.4278 -16812.5
0.4279 -16797.8
0.428 -16783
0.4281 -16768.3
0.4282 -16753.5
0.4283 -16738.7
0.4284 -16723.8
0.4285 -16709
0.4286 -16694.2
0.4287 -16679.3
0.4288 -16664.4
0.4289 -16649.6
0.429 -16634.7
0.4291 -16619.8
0.4292 -16604.8
0.4293 -16589.9
0.4294 -16574.9
0.4295 -16560
0.4296 -16545
0.4297 -16530
0.4298 -16515
0.4299 -16500
0.43 -16484.9
0.4301 -16469.9
0.4302 -16454.8
0.4303 -16439.7
0.4304 -16424.7
0.4305 -16409.6
0.4306 -16394.4
0.4307 -16379.3
0.4308 -16364.2
0.4309 -16349
0.431 -16333.9
0.4311 -16318.7
0.4312 -16303.5
0.4313 -16288.3
0.4314 -16273.1
0.4315 -16257.8
0.4316 -16242.6
0.4317 -16227.3
0.4318 -16212
0.4319 -16196.7
0.432 -16181.4
0.4321 -16166.1
0.4322 -16150.8
0.4323 -16135.5
0.4324 -16120.1
0.4325 -16104.7
0.4326 -16089.4
0.4327 -16074
0.4328 -16058.6
0.4329 -16043.1
0.433 -16027.7
0.4331 -16012.3
0.4332 -15996.8
0.4333 -15981.3
0.4334 -15965.9
0.4335 -15950.4
0.4336 -15934.8
0.4337 -15919.3
0.4338 -15903.8
0.4339 -15888.2
0.434 -15872.7
0.4341 -15857.1
0.4342 -15841.5
0.4343 -15825.9
0.4344 -15810.3
0.4345 -15794.7
0.4346 -15779
0.4347 -15763.4
0.4348 -15747.7
0.4349 -15732
0.435 -15716.3
0.4351 -15700.6
0.4352 -15684.9
0.4353 -15669.2
0.4354 -15653.4
0.4355 -15637.7
0.4356 -15621.9
0.4357 -15606.1
0.4358 -15590.3
0.4359 -15574.5
0.436 -15558.7
0.4361 -15542.9
0.4362 -15527
0.4363 -15511.2
0.4364 -15495.3
0.4365 -15479.4
0.4366 -15463.5
0.4367 -15447.6
0.4368 -15431.7
0.4369 -15415.8
0.437 -15399.8
0.4371 -15383.9
0.4372 -15367.9
0.4373 -15351.9
0.4374 -15335.9
0.4375 -15319.9
0.4376 -15303.9
0.4377 -15287.8
0.4378 -15271.8
0.4379 -15255.7
0.438 -15239.7
0.4381 -15223.6
0.4382 -15207.5
0.4383 -15191.4
0.4384 -15175.3
0.4385 -15159.1
0.4386 -15143
0.4387 -15126.8
0.4388 -15110.6
0.4389 -15094.5
0.439 -15078.3
0.4391 -15062.1
0.4392 -15045.8
0.4393 -15029.6
0.4394 -15013.4
0.4395 -14997.1
0.4396 -14980.8
0.4397 -14964.6
0.4398 -14948.3
0.4399 -14932
0.44 -14915.6
0.4401 -14899.3
0.4402 -14883
0.4403 -14866.6
0.4404 -14850.3
0.4405 -14833.9
0.4406 -14817.5
0.4407 -14801.1
0.4408 -14784.7
0.4409 -14768.2
0.441 -14751.8
0.4411 -14735.3
0.4412 -14718.9
0.4413 -14702.4
0.4414 -14685.9
0.4415 -14669.4
0.4416 -14652.9
0.4417 -14636.4
0.4418 -14619.9
0.4419 -14603.3
0.442 -14586.7
0.4421 -14570.2
0.4422 -14553.6
0.4423 -14537
0.4424 -14520.4
0.4425 -14503.8
0.4426 -14487.1
0.4427 -14470.5
0.4428 -14453.9
0.4429 -14437.2
0.443 -14420.5
0.4431 -14403.8
0.4432 -14387.1
0.4433 -14370.4
0.4434 -14353.7
0.4435 -14336.9
0.4436 -14320.2
0.4437 -14303.4
0.4438 -14286.7
0.4439 -14269.9
0.444 -14253.1
0.4441 -14236.3
0.4442 -14219.5
0.4443 -14202.6
0.4444 -14185.8
0.4445 -14168.9
0.4446 -14152.1
0.4447 -14135.2
0.4448 -14118.3
0.4449 -14101.4
0.445 -14084.5
0.4451 -14067.6
0.4452 -14050.6
0.4453 -14033.7
0.4454 -14016.7
0.4455 -13999.8
0.4456 -13982.8
0.4457 -13965.8
0.4458 -13948.8
0.4459 -13931.8
0.446 -13914.8
0.4461 -13897.7
0.4462 -13880.7
0.4463 -13863.6
0.4464 -13846.6
0.4465 -13829.5
0.4466 -13812.4
0.4467 -13795.3
0.4468 -13778.2
0.4469 -13761
0.447 -13743.9
0.4471 -13726.8
0.4472 -13709.6
0.4473 -13692.4
0.4474 -13675.2
0.4475 -13658
0.4476 -13640.8
0.4477 -13623.6
0.4478 -13606.4
0.4479 -13589.2
0.448 -13571.9
0.4481 -13554.6
0.4482 -13537.4
0.4483 -13520.1
0.4484 -13502.8
0.4485 -13485.5
0.4486 -13468.2
0.4487 -13450.9
0.4488 -13433.5
0.4489 -13416.2
0.449 -13398.8
0.4491 -13381.4
0.4492 -13364.1
0.4493 -13346.7
0.4494 -13329.3
0.4495 -13311.8
0.4496 -13294.4
0.4497 -13277
0.4498 -13259.5
0.4499 -13242.1
0.45 -13224.6
0.4501 -13207.1
0.4502 -13189.6
0.4503 -13172.1
0.4504 -13154.6
0.4505 -13137.1
0.4506 -13119.6
0.4507 -13102
0.4508 -13084.5
0.4509 -13066.9
0.451 -13049.3
0.4511 -13031.7
0.4512 -13014.1
0.4513 -12996.5
0.4514 -12978.9
0.4515 -12961.3
0.4516 -12943.7
0.4517 -12926
0.4518 -12908.3
0.4519 -12890.7
0.452 -12873
0.4521 -12855.3
0.4522 -12837.6
0.4523 -12819.9
0.4524 -12802.2
0.4525 -12784.4
0.4526 -12766.7
0.4527 -12748.9
0.4528 -12731.2
0.4529 -12713.4
0.453 -12695.6
0.4531 -12677.8
0.4532 -12660
0.4533 -12642.2
0.4534 -12624.3
0.4535 -12606.5
0.4536 -12588.7
0.4537 -12570.8
0.4538 -12552.9
0.4539 -12535.1
0.454 -12517.2
0.4541 -12499.3
0.4542 -12481.4
0.4543 -12463.4
0.4544 -12445.5
0.4545 -12427.6
0.4546 -12409.6
0.4547 -12391.7
0.4548 -12373.7
0.4549 -12355.7
0.455 -12337.7
0.4551 -12319.7
0.4552 -12301.7
0.4553 -12283.7
0.4554 -12265.6
0.4555 -12247.6
0.4556 -12229.6
0.4557 -12211.5
0.4558 -12193.4
0.4559 -12175.3
0.456 -12157.3
0.4561 -12139.2
0.4562 -12121
0.4563 -12102.9
0.4564 -12084.8
0.4565 -12066.6
0.4566 -12048.5
0.4567 -12030.3
0.4568 -12012.2
0.4569 -11994
0.457 -11975.8
0.4571 -11957.6
0.4572 -11939.4
0.4573 -11921.2
0.4574 -11902.9
0.4575 -11884.7
0.4576 -11866.5
0.4577 -11848.2
0.4578 -11829.9
0.4579 -11811.7
0.458 -11793.4
0.4581 -11775.1
0.4582 -11756.8
0.4583 -11738.4
0.4584 -11720.1
0.4585 -11701.8
0.4586 -11683.4
0.4587 -11665.1
0.4588 -11646.7
0.4589 -11628.4
0.459 -11610
0.4591 -11591.6
0.4592 -11573.2
0.4593 -11554.8
0.4594 -11536.3
0.4595 -11517.9
0.4596 -11499.5
0.4597 -11481
0.4598 -11462.6
0.4599 -11444.1
0.46 -11425.6
0.4601 -11407.1
0.4602 -11388.6
0.4603 -11370.1
0.4604 -11351.6
0.4605 -11333.1
0.4606 -11314.6
0.4607 -11296
0.4608 -11277.5
0.4609 -11258.9
0.461 -11240.3
0.4611 -11221.8
0.4612 -11203.2
0.4613 -11184.6
0.4614 -11166
0.4615 -11147.4
0.4616 -11128.7
0.4617 -11110.1
0.4618 -11091.5
0.4619 -11072.8
0.462 -11054.2
0.4621 -11035.5
0.4622 -11016.8
0.4623 -10998.1
0.4624 -10979.4
0.4625 -10960.7
0.4626 -10942
0.4627 -10923.3
0.4628 -10904.5
0.4629 -10885.8
0.463 -10867.1
0.4631 -10848.3
0.4632 -10829.5
0.4633 -10810.7
0.4634 -10792
0.4635 -10773.2
0.4636 -10754.4
0.4637 -10735.6
0.4638 -10716.7
0.4639 -10697.9
0.464 -10679.1
0.4641 -10660.2
0.4642 -10641.4
0.4643 -10622.5
0.4644 -10603.6
0.4645 -10584.7
0.4646 -10565.9
0.4647 -10547
0.4648 -10528
0.4649 -10509.1
0.465 -10490.2
0.4651 -10471.3
0.4652 -10452.3
0.4653 -10433.4
0.4654 -10414.4
0.4655 -10395.5
0.4656 -10376.5
0.4657 -10357.5
0.4658 -10338.5
0.4659 -10319.5
0.466 -10300.5
0.4661 -10281.5
0.4662 -10262.4
0.4663 -10243.4
0.4664 -10224.4
0.4665 -10205.3
0.4666 -10186.3
0.4667 -10167.2
0.4668 -10148.1
0.4669 -10129
0.467 -10109.9
0.4671 -10090.8
0.4672 -10071.7
0.4673 -10052.6
0.4674 -10033.5
0.4675 -10014.3
0.4676 -9995.2
0.4677 -9976.05
0.4678 -9956.89
0.4679 -9937.73
0.468 -9918.55
0.4681 -9899.37
0.4682 -9880.18
0.4683 -9860.98
0.4684 -9841.77
0.4685 -9822.56
0.4686 -9803.33
0.4687 -9784.1
0.4688 -9764.86
0.4689 -9745.61
0.469 -9726.36
0.4691 -9707.1
0.4692 -9687.82
0.4693 -9668.55
0.4694 -9649.26
0.4695 -9629.96
0.4696 -9610.66
0.4697 -9591.35
0.4698 -9572.03
0.4699 -9552.71
0.47 -9533.37
0.4701 -9514.03
0.4702 -9494.68
0.4703 -9475.32
0.4704 -9455.96
0.4705 -9436.58
0.4706 -9417.2
0.4707 -9397.82
0.4708 -9378.42
0.4709 -9359.02
0.471 -9339.6
0.4711 -9320.19
0.4712 -9300.76
0.4713 -9281.33
0.4714 -9261.88
0.4715 -9242.43
0.4716 -9222.98
0.4717 -9203.51
0.4718 -9184.04
0.4719 -9164.56
0.472 -9145.08
0.4721 -9125.58
0.4722 -9106.08
0.4723 -9086.57
0.4724 -9067.05
0.4725 -9047.53
0.4726 -9028
0.4727 -9008.46
0.4728 -8988.91
0.4729 -8969.36
0.473 -8949.8
0.4731 -8930.23
0.4732 -8910.66
0.4733 -8891.07
0.4734 -8871.48
0.4735 -8851.89
0.4736 -8832.28
0.4737 -8812.67
0.4738 -8793.05
0.4739 -8773.42
0.474 -8753.79
0.4741 -8734.15
0.4742 -8714.5
0.4743 -8694.85
0.4744 -8675.19
0.4745 -8655.52
0.4746 -8635.84
0.4747 -8616.16
0.4748 -8596.47
0.4749 -8576.77
0.475 -8557.07
0.4751 -8537.36
0.4752 -8517.64
0.4753 -8497.91
0.4754 -8478.18
0.4755 -8458.44
0.4756 -8438.7
0.4757 -8418.95
0.4758 -8399.19
0.4759 -8379.42
0.476 -8359.65
0.4761 -8339.87
0.4762 -8320.08
0.4763 -8300.29
0.4764 -8280.49
0.4765 -8260.68
0.4766 -8240.86
0.4767 -8221.04
0.4768 -8201.22
0.4769 -8181.38
0.477 -8161.54
0.4771 -8141.69
0.4772 -8121.84
0.4773 -8101.98
0.4774 -8082.11
0.4775 -8062.24
0.4776 -8042.36
0.4777 -8022.47
0.4778 -8002.58
0.4779 -7982.68
0.478 -7962.77
0.4781 -7942.86
0.4782 -7922.94
0.4783 -7903.01
0.4784 -7883.08
0.4785 -7863.14
0.4786 -7843.19
0.4787 -7823.24
0.4788 -7803.28
0.4789 -7783.32
0.479 -7763.35
0.4791 -7743.37
0.4792 -7723.39
0.4793 -7703.4
0.4794 -7683.4
0.4795 -7663.4
0.4796 -7643.39
0.4797 -7623.37
0.4798 -7603.35
0.4799 -7583.33
0.48 -7563.29
0.4801 -7543.25
0.4802 -7523.21
0.4803 -7503.15
0.4804 -7483.1
0.4805 -7463.03
0.4806 -7442.96
0.4807 -7422.88
0.4808 -7402.8
0.4809 -7382.71
0.481 -7362.62
0.4811 -7342.52
0.4812 -7322.41
0.4813 -7302.3
0.4814 -7282.18
0.4815 -7262.05
0.4816 -7241.92
0.4817 -7221.79
0.4818 -7201.64
0.4819 -7181.5
0.482 -7161.34
0.4821 -7141.18
0.4822 -7121.02
0.4823 -7100.84
0.4824 -7080.67
0.4825 -7060.48
0.4826 -7040.29
0.4827 -7020.1
0.4828 -6999.9
0.4829 -6979.69
0.483 -6959.48
0.4831 -6939.26
0.4832 -6919.04
0.4833 -6898.81
0.4834 -6878.58
0.4835 -6858.34
0.4836 -6838.09
0.4837 -6817.84
0.4838 -6797.58
0.4839 -6777.32
0.484 -6757.05
0.4841 -6736.78
0.4842 -6716.5
0.4843 -6696.21
0.4844 -6675.92
0.4845 -6655.63
0.4846 -6635.33
0.4847 -6615.02
0.4848 -6594.71
0.4849 -6574.39
0.485 -6554.07
0.4851 -6533.74
0.4852 -6513.41
0.4853 -6493.07
0.4854 -6472.73
0.4855 -6452.38
0.4856 -6432.02
0.4857 -6411.66
0.4858 -6391.3
0.4859 -6370.93
0.486 -6350.55
0.4861 -6330.17
0.4862 -6309.79
0.4863 -6289.4
0.4864 -6269
0.4865 -6248.6
0.4866 -6228.19
0.4867 -6207.78
0.4868 -6187.37
0.4869 -6166.95
0.487 -6146.52
0.4871 -6126.09
0.4872 -6105.65
0.4873 -6085.21
0.4874 -6064.76
0.4875 -6044.31
0.4876 -6023.86
0.4877 -6003.39
0.4878 -5982.93
0.4879 -5962.46
0.488 -5941.98
0.4881 -5921.5
0.4882 -5901.01
0.4883 -5880.52
0.4884 -5860.03
0.4885 -5839.53
0.4886 -5819.02
0.4887 -5798.52
0.4888 -5778
0.4889 -5757.48
0.489 -5736.96
0.4891 -5716.43
0.4892 -5695.9
0.4893 -5675.36
0.4894 -5654.82
0.4895 -5634.27
0.4896 -5613.72
0.4897 -5593.16
0.4898 -5572.6
0.4899 -5552.04
0.49 -5531.47
0.4901 -5510.89
0.4902 -5490.31
0.4903 -5469.73
0.4904 -5449.14
0.4905 -5428.55
0.4906 -5407.95
0.4907 -5387.35
0.4908 -5366.75
0.4909 -5346.14
0.491 -5325.52
0.4911 -5304.9
0.4912 -5284.28
0.4913 -5263.65
0.4914 -5243.02
0.4915 -5222.39
0.4916 -5201.75
0.4917 -5181.1
0.4918 -5160.45
0.4919 -5139.8
0.492 -5119.14
0.4921 -5098.48
0.4922 -5077.82
0.4923 -5057.15
0.4924 -5036.47
0.4925 -5015.8
0.4926 -4995.12
0.4927 -4974.43
0.4928 -4953.74
0.4929 -4933.05
0.493 -4912.35
0.4931 -4891.65
0.4932 -4870.94
0.4933 -4850.23
0.4934 -4829.52
0.4935 -4808.8
0.4936 -4788.08
0.4937 -4767.35
0.4938 -4746.62
0.4939 -4725.89
0.494 -4705.15
0.4941 -4684.41
0.4942 -4663.66
0.4943 -4642.91
0.4944 -4622.16
0.4945 -4601.4
0.4946 -4580.64
0.4947 -4559.88
0.4948 -4539.11
0.4949 -4518.34
0.495 -4497.57
0.4951 -4476.79
0.4952 -4456.01
0.4953 -4435.22
0.4954 -4414.43
0.4955 -4393.64
0.4956 -4372.84
0.4957 -4352.04
0.4958 -4331.24
0.4959 -4310.43
0.496 -4289.62
0.4961 -4268.8
0.4962 -4247.98
0.4963 -4227.16
0.4964 -4206.34
0.4965 -4185.51
0.4966 -4164.68
0.4967 -4143.84
0.4968 -4123
0.4969 -4102.16
0.497 -4081.32
0.4971 -4060.47
0.4972 -4039.62
0.4973 -4018.76
0.4974 -3997.9
0.4975 -3977.04
0.4976 -3956.17
0.4977 -3935.31
0.4978 -3914.43
0.4979 -3893.56
0.498 -3872.68
0.4981 -3851.8
0.4982 -3830.92
0.4983 -3810.03
0.4984 -3789.14
0.4985 -3768.25
0.4986 -3747.35
0.4987 -3726.45
0.4988 -3705.55
0.4989 -3684.64
0.499 -3663.73
0.4991 -3642.82
0.4992 -3621.91
0.4993 -3600.99
0.4994 -3580.07
0.4995 -3559.14
0.4996 -3538.22
0.4997 -3517.29
0.4998 -3496.36
0.4999 -3475.42
0.5 -3454.48
0.5001 -3433.54
0.5002 -3412.6
0.5003 -3391.65
0.5004 -3370.7
0.5005 -3349.75
0.5006 -3328.8
0.5007 -3307.84
0.5008 -3286.88
0.5009 -3265.92
0.501 -3244.95
0.5011 -3223.98
0.5012 -3203.01
0.5013 -3182.04
0.5014 -3161.06
0.5015 -3140.08
0.5016 -3119.1
0.5017 -3098.12
0.5018 -3077.13
0.5019 -3056.14
0.502 -3035.15
0.5021 -3014.16
0.5022 -2993.16
0.5023 -2972.17
0.5024 -2951.16
0.5025 -2930.16
0.5026 -2909.16
0.5027 -2888.15
0.5028 -2867.14
0.5029 -2846.12
0.503 -2825.11
0.5031 -2804.09
0.5032 -2783.07
0.5033 -2762.05
0.5034 -2741.02
0.5035 -2720
0.5036 -2698.97
0.5037 -2677.94
0.5038 -2656.91
0.5039 -2635.87
0.504 -2614.83
0.5041 -2593.79
0.5042 -2572.75
0.5043 -2551.71
0.5044 -2530.66
0.5045 -2509.61
0.5046 -2488.56
0.5047 -2467.51
0.5048 -2446.46
0.5049 -2425.4
0.505 -2404.34
0.5051 -2383.28
0.5052 -2362.22
0.5053 -2341.16
0.5054 -2320.09
0.5055 -2299.02
0.5056 -2277.95
0.5057 -2256.88
0.5058 -2235.81
0.5059 -2214.73
0.506 -2193.66
0.5061 -2172.58
0.5062 -2151.5
0.5063 -2130.42
0.5064 -2109.33
0.5065 -2088.25
0.5066 -2067.16
0.5067 -2046.07
0.5068 -2024.98
0.5069 -2003.89
0.507 -1982.79
0.5071 -1961.7
0.5072 -1940.6
0.5073 -1919.5
0.5074 -1898.4
0.5075 -1877.3
0.5076 -1856.19
0.5077 -1835.09
0.5078 -1813.98
0.5079 -1792.88
0.508 -1771.77
0.5081 -1750.65
0.5082 -1729.54
0.5083 -1708.43
0.5084 -1687.31
0.5085 -1666.2
0.5086 -1645.08
0.5087 -1623.96
0.5088 -1602.84
0.5089 -1581.72
0.509 -1560.59
0.5091 -1539.47
0.5092 -1518.34
0.5093 -1497.22
0.5094 -1476.09
0.5095 -1454.96
0.5096 -1433.83
0.5097 -1412.7
0.5098 -1391.56
0.5099 -1370.43
0.51 -1349.29
0.5101 -1328.16
0.5102 -1307.02
0.5103 -1285.88
0.5104 -1264.74
0.5105 -1243.6
0.5106 -1222.46
0.5107 -1201.32
0.5108 -1180.18
0.5109 -1159.03
0.511 -1137.89
0.5111 -1116.74
0.5112 -1095.59
0.5113 -1074.44
0.5114 -1053.29
0.5115 -1032.14
0.5116 -1010.99
0.5117 -989.842
0.5118 -968.69
0.5119 -947.537
0.512 -926.383
0.5121 -905.228
0.5122 -884.073
0.5123 -862.916
0.5124 -841.76
0.5125 -820.602
0.5126 -799.444
0.5127 -778.285
0.5128 -757.125
0.5129 -735.965
0.513 -714.805
0.5131 -693.643
0.5132 -672.481
0.5133 -651.319
0.5134 -630.156
0.5135 -608.993
0.5136 -587.829
0.5137 -566.664
0.5138 -545.499
0.5139 -524.334
0.514 -503.168
0.5141 -482.002
0.5142 -460.835
0.5143 -439.668
0.5144 -418.501
0.5145 -397.333
0.5146 -376.165
0.5147 -354.997
0.5148 -333.828
0.5149 -312.66
0.515 -291.49
0.5151 -270.321
0.5152 -249.151
0.5153 -227.982
0.5154 -206.812
0.5155 -185.642
0.5156 -164.471
0.5157 -143.301
0.5158 -122.13
0.5159 -100.96
0.516 -79.789
0.5161 -58.6182
0.5162 -37.4474
0.5163 -16.2765
0.5164 4.89438
0.5165 26.0653
0.5166 47.2361
0.5167 68.4069
0.5168 89.5777
0.5169 110.748
0.517 131.919
0.5171 153.089
0.5172 174.26
0.5173 195.43
0.5174 216.6
0.5175 237.77
0.5176 258.94
0.5177 280.109
0.5178 301.278
0.5179 322.447
0.518 343.616
0.5181 364.785
0.5182 385.953
0.5183 407.121
0.5184 428.288
0.5185 449.455
0.5186 470.622
0.5187 491.788
0.5188 512.955
0.5189 534.12
0.519 555.285
0.5191 576.45
0.5192 597.614
0.5193 618.778
0.5194 639.941
0.5195 661.104
0.5196 682.266
0.5197 703.428
0.5198 724.589
0.5199 745.749
0.52 766.909
0.5201 788.068
0.5202 809.227
0.5203 830.385
0.5204 851.542
0.5205 872.698
0.5206 893.854
0.5207 915.009
0.5208 936.164
0.5209 957.317
0.521 978.47
0.5211 999.622
0.5212 1020.77
0.5213 1041.92
0.5214 1063.07
0.5215 1084.22
0.5216 1105.37
0.5217 1126.52
0.5218 1147.66
0.5219 1168.81
0.522 1189.95
0.5221 1211.09
0.5222 1232.24
0.5223 1253.38
0.5224 1274.52
0.5225 1295.66
0.5226 1316.79
0.5227 1337.93
0.5228 1359.07
0.5229 1380.2
0.523 1401.34
0.5231 1422.47
0.5232 364531
0.5233 1.21471e+006
0.5234 2.28637e+006
0.5235 3.42967e+006
0.5236 4.49981e+006
0.5237 5.35956e+006
0.5238 5.89527e+006
0.5239 6.03437e+006
0.524 5.7578e+006
0.5241 5.10338e+006
0.5242 4.15915e+006
0.5243 3.04868e+006
0.5244 1.91319e+006
0.5245 898074
0.5246 162461
0.5247 1426.69
0.5248 1406.94
0.5249 1387.19
0.525 1367.44
0.5251 1347.68
0.5252 -7.33223e+006
0.5253 -2.34339e+007
0.5254 -4.15819e+007
0.5255 -5.67121e+007
0.5256 -6.45229e+007
0.5257 -6.27179e+007
0.5258 -5.00976e+007
0.5259 -2.51255e+007
0.526 5.09667e+006
0.5261 3.24934e+007
0.5262 4.83001e+007
0.5263 5.35833e+007
0.5264 5.13259e+007
0.5265 4.21581e+007
0.5266 2.8583e+007
0.5267 1.41739e+007
0.5268 2.8265e+006
0.5269 3273.75
0.527 3297.09
0.5271 3320.42
0.5272 3343.75
0.5273 3367.08
0.5274 3390.41
0.5275 3413.73
0.5276 3437.05
0.5277 3460.36
0.5278 3483.68
0.5279 3506.99
0.528 3530.3
0.5281 3553.6
0.5282 3576.9
0.5283 3600.2
0.5284 3623.5
0.5285 3646.79
0.5286 3670.08
0.5287 3693.37
0.5288 3716.65
0.5289 3739.94
0.529 3763.21
0.5291 3786.49
0.5292 3809.76
0.5293 3833.03
0.5294 3856.3
0.5295 3879.56
0.5296 3902.82
0.5297 3926.07
0.5298 3949.33
0.5299 3972.58
0.53 3995.82
0.5301 4019.07
0.5302 4042.31
0.5303 4065.55
0.5304 4088.78
0.5305 4112.01
0.5306 4135.24
0.5307 4158.46
0.5308 4181.68
0.5309 4204.9
0.531 4228.11
0.5311 4251.32
0.5312 4274.52
0.5313 4297.73
0.5314 4320.93
0.5315 4344.12
0.5316 4367.31
0.5317 4390.5
0.5318 4413.69
0.5319 4436.87
0.532 4460.05
0.5321 4483.22
0.5322 4506.39
0.5323 4529.56
0.5324 4552.72
0.5325 4575.88
0.5326 4599.04
0.5327 4622.19
0.5328 4645.34
0.5329 4668.48
0.533 4691.62
0.5331 4714.76
0.5332 4737.89
0.5333 4761.02
0.5334 4784.15
0.5335 4807.27
0.5336 4830.38
0.5337 4853.5
0.5338 4876.61
0.5339 4899.71
0.534 4922.81
0.5341 4945.91
0.5342 4969
0.5343 4992.09
0.5344 5015.18
0.5345 5038.26
0.5346 5061.34
0.5347 5084.41
0.5348 5107.48
0.5349 5130.54
0.535 5153.6
0.5351 5176.66
0.5352 5199.71
0.5353 5222.76
0.5354 5245.8
0.5355 5268.84
0.5356 5291.87
0.5357 5314.9
0.5358 5337.93
0.5359 5360.95
0.536 5383.97
0.5361 5406.98
0.5362 5429.99
0.5363 5452.99
0.5364 5475.99
0.5365 5498.99
0.5366 5521.98
0.5367 5544.97
0.5368 5567.95
0.5369 5590.92
0.537 5613.9
0.5371 5636.86
0.5372 5659.83
0.5373 5682.79
0.5374 5705.74
0.5375 5728.69
0.5376 5751.63
0.5377 5774.57
0.5378 5797.51
0.5379 5820.44
0.538 5843.37
0.5381 5866.29
0.5382 5889.2
0.5383 5912.11
0.5384 5935.02
0.5385 5957.92
0.5386 5980.82
0.5387 6003.71
0.5388 6026.6
0.5389 6049.48
0.539 6072.36
0.5391 6095.23
0.5392 6118.1
0.5393 6140.96
0.5394 6163.82
0.5395 6186.67
0.5396 6209.52
0.5397 6232.36
0.5398 6255.19
0.5399 6278.03
0.54 6300.85
0.5401 6323.68
0.5402 6346.49
0.5403 6369.3
0.5404 6392.11
0.5405 6414.91
0.5406 6437.7
0.5407 6460.5
0.5408 6483.28
0.5409 6506.06
0.541 6528.83
0.5411 6551.6
0.5412 6574.37
0.5413 6597.13
0.5414 6619.88
0.5415 6642.63
0.5416 6665.37
0.5417 6688.1
0.5418 6710.84
0.5419 6733.56
0.542 6756.28
0.5421 6779
0.5422 6801.71
0.5423 6824.41
0.5424 6847.11
0.5425 6869.8
0.5426 6892.49
0.5427 6915.17
0.5428 6937.84
0.5429 6960.51
0.543 6983.18
0.5431 7005.84
0.5432 7028.49
0.5433 7051.14
0.5434 7073.78
0.5435 7096.41
0.5436 7119.04
0.5437 7141.67
0.5438 7164.28
0.5439 7186.9
0.544 7209.5
0.5441 7232.1
0.5442 7254.7
0.5443 7277.29
0.5444 7299.87
0.5445 7322.44
0.5446 7345.02
0.5447 7367.58
0.5448 7390.14
0.5449 7412.69
0.545 7435.24
0.5451 7457.78
0.5452 7480.31
0.5453 7502.84
0.5454 7525.36
0.5455 7547.88
0.5456 7570.39
0.5457 7592.89
0.5458 7615.39
0.5459 7637.88
0.546 7660.37
0.5461 7682.84
0.5462 7705.32
0.5463 7727.78
0.5464 7750.24
0.5465 7772.7
0.5466 7795.14
0.5467 7817.58
0.5468 7840.02
0.5469 7862.45
0.547 7884.87
0.5471 7907.28
0.5472 7929.69
0.5473 7952.09
0.5474 7974.49
0.5475 7996.88
0.5476 8019.26
0.5477 8041.64
0.5478 8064.01
0.5479 8086.37
0.548 8108.73
0.5481 8131.08
0.5482 8153.42
0.5483 8175.76
0.5484 8198.09
0.5485 8220.41
0.5486 8242.72
0.5487 8265.03
0.5488 8287.34
0.5489 8309.63
0.549 8331.92
0.5491 8354.2
0.5492 8376.48
0.5493 8398.75
0.5494 8421.01
0.5495 8443.27
0.5496 8465.51
0.5497 8487.76
0.5498 8509.99
0.5499 8532.22
0.55 8554.44
0.5501 8576.65
0.5502 8598.86
0.5503 8621.06
0.5504 8643.25
0.5505 8665.43
0.5506 8687.61
0.5507 8709.78
0.5508 8731.95
0.5509 8754.1
0.551 8776.25
0.5511 8798.4
0.5512 8820.53
0.5513 8842.66
0.5514 8864.78
0.5515 8886.89
0.5516 8909
0.5517 8931.1
0.5518 8953.19
0.5519 8975.28
0.552 8997.35
0.5521 9019.42
0.5522 9041.48
0.5523 9063.54
0.5524 9085.59
0.5525 9107.63
0.5526 9129.66
0.5527 9151.69
0.5528 9173.7
0.5529 9195.71
0.553 9217.72
0.5531 9239.71
0.5532 9261.7
0.5533 9283.68
0.5534 9305.65
0.5535 9327.62
0.5536 9349.57
0.5537 9371.52
0.5538 9393.47
0.5539 9415.4
0.554 9437.33
0.5541 9459.25
0.5542 9481.16
0.5543 9503.06
0.5544 9524.96
0.5545 9546.85
0.5546 9568.73
0.5547 9590.6
0.5548 9612.46
0.5549 9634.32
0.555 9656.17
0.5551 9678.01
0.5552 9699.84
0.5553 9721.67
0.5554 9743.48
0.5555 9765.29
0.5556 9787.09
0.5557 9808.89
0.5558 9830.67
0.5559 9852.45
0.556 9874.22
0.5561 9895.98
0.5562 9917.73
0.5563 9939.48
0.5564 9961.21
0.5565 9982.94
0.5566 10004.7
0.5567 10026.4
0.5568 10048.1
0.5569 10069.8
0.557 10091.5
0.5571 10113.1
0.5572 10134.8
0.5573 10156.5
0.5574 10178.1
0.5575 10199.8
0.5576 10221.4
0.5577 10243
0.5578 10264.7
0.5579 10286.3
0.558 10307.9
0.5581 10329.5
0.5582 10351.1
0.5583 10372.6
0.5584 10394.2
0.5585 10415.8
0.5586 10437.3
0.5587 10458.9
0.5588 10480.4
0.5589 10501.9
0.559 10523.5
0.5591 10545
0.5592 10566.5
0.5593 10588
0.5594 10609.5
0.5595 10630.9
0.5596 10652.4
0.5597 10673.9
0.5598 10695.3
0.5599 10716.7
0.56 10738.2
0.5601 10759.6
0.5602 10781
0.5603 10802.4
0.5604 10823.8
0.5605 10845.2
0.5606 10866.6
0.5607 10888
0.5608 10909.3
0.5609 10930.7
0.561 10952
0.5611 10973.4
0.5612 10994.7
0.5613 11016
0.5614 11037.3
0.5615 11058.6
0.5616 11079.9
0.5617 11101.2
0.5618 11122.4
0.5619 11143.7
0.562 11165
0.5621 11186.2
0.5622 11207.4
0.5623 11228.7
0.5624 11249.9
0.5625 11271.1
0.5626 11292.3
0.5627 11313.5
0.5628 11334.7
0.5629 11355.8
0.563 11377
0.5631 11398.2
0.5632 11419.3
0.5633 11440.4
0.5634 11461.6
0.5635 11482.7
0.5636 11503.8
0.5637 11524.9
0.5638 11546
0.5639 11567
0.564 11588.1
0.5641 11609.2
0.5642 11630.2
0.5643 11651.3
0.5644 11672.3
0.5645 11693.3
0.5646 11714.3
0.5647 11735.3
0.5648 11756.3
0.5649 11777.3
0.565 11798.3
0.5651 11819.2
0.5652 11840.2
0.5653 11861.1
0.5654 11882.1
0.5655 11903
0.5656 11923.9
0.5657 11944.8
0.5658 11965.7
0.5659 11986.6
0.566 12007.5
0.5661 12028.3
0.5662 12049.2
0.5663 12070
0.5664 12090.9
0.5665 12111.7
0.5666 12132.5
0.5667 12153.3
0.5668 12174.1
0.5669 12194.9
0.567 12215.7
0.5671 12236.4
0.5672 12257.2
0.5673 12277.9
0.5674 12298.7
0.5675 12319.4
0.5676 12340.1
0.5677 12360.8
0.5678 12381.5
0.5679 12402.2
0.568 12422.9
0.5681 12443.6
0.5682 12464.2
0.5683 12484.9
0.5684 12505.5
0.5685 12526.1
0.5686 12546.7
0.5687 12567.3
0.5688 12587.9
0.5689 12608.5
0.569 12629.1
0.5691 12649.6
0.5692 12670.2
0.5693 12690.7
0.5694 12711.3
0.5695 12731.8
0.5696 12752.3
0.5697 12772.8
0.5698 12793.3
0.5699 12813.8
0.57 12834.3
0.5701 12854.7
0.5702 12875.2
0.5703 12895.6
0.5704 12916
0.5705 12936.4
0.5706 12956.9
0.5707 12977.2
0.5708 12997.6
0.5709 13018
0.571 13038.4
0.5711 13058.7
0.5712 13079.1
0.5713 13099.4
0.5714 13119.7
0.5715 13140
0.5716 13160.3
0.5717 13180.6
0.5718 13200.9
0.5719 13221.2
0.572 13241.4
0.5721 13261.7
0.5722 13281.9
0.5723 13302.1
0.5724 13322.3
0.5725 13342.6
0.5726 13362.7
0.5727 13382.9
0.5728 13403.1
0.5729 13423.3
0.573 13443.4
0.5731 13463.5
0.5732 13483.7
0.5733 13503.8
0.5734 13523.9
0.5735 13544
0.5736 13564.1
0.5737 13584.1
0.5738 13604.2
0.5739 13624.2
0.574 13644.3
0.5741 13664.3
0.5742 13684.3
0.5743 13704.3
0.5744 13724.3
0.5745 13744.3
0.5746 13764.3
0.5747 13784.2
0.5748 13804.2
0.5749 13824.1
0.575 13844
0.5751 13864
0.5752 13883.9
0.5753 13903.7
0.5754 13923.6
0.5755 13943.5
0.5756 13963.4
0.5757 13983.2
0.5758 14003
0.5759 14022.9
0.576 14042.7
0.5761 14062.5
0.5762 14082.3
0.5763 14102
0.5764 14121.8
0.5765 14141.6
0.5766 14161.3
0.5767 14181
0.5768 14200.7
0.5769 14220.5
0.577 14240.2
0.5771 14259.8
0.5772 14279.5
0.5773 14299.2
0.5774 14318.8
0.5775 14338.5
0.5776 14358.1
0.5777 14377.7
0.5778 14397.3
0.5779 14416.9
0.578 14436.5
0.5781 14456
0.5782 14475.6
0.5783 14495.1
0.5784 14514.7
0.5785 14534.2
0.5786 14553.7
0.5787 14573.2
0.5788 14592.7
0.5789 14612.1
0.579 14631.6
0.5791 14651.1
0.5792 14670.5
0.5793 14689.9
0.5794 14709.3
0.5795 14728.7
0.5796 14748.1
0.5797 14767.5
0.5798 14786.9
0.5799 14806.2
0.58 14825.6
0.5801 14844.9
0.5802 14864.2
0.5803 14883.5
0.5804 14902.8
0.5805 14922.1
0.5806 14941.3
0.5807 14960.6
0.5808 14979.8
0.5809 14999.1
0.581 15018.3
0.5811 15037.5
0.5812 15056.7
0.5813 15075.9
0.5814 15095
0.5815 15114.2
0.5816 15133.3
0.5817 15152.5
0.5818 15171.6
0.5819 15190.7
0.582 15209.8
0.5821 15228.9
0.5822 15247.9
0.5823 15267
0.5824 15286.1
0.5825 15305.1
0.5826 15324.1
0.5827 15343.1
0.5828 15362.1
0.5829 15381.1
0.583 15400.1
0.5831 15419
0.5832 15438
0.5833 15456.9
0.5834 15475.8
0.5835 15494.7
0.5836 15513.6
0.5837 15532.5
0.5838 15551.4
0.5839 15570.2
0.584 15589.1
0.5841 15607.9
0.5842 15626.7
0.5843 15645.5
0.5844 15664.3
0.5845 15683.1
0.5846 15701.9
0.5847 15720.6
0.5848 15739.4
0.5849 15758.1
0.585 15776.8
0.5851 15795.5
0.5852 15814.2
0.5853 15832.9
0.5854 15851.5
0.5855 15870.2
0.5856 15888.8
0.5857 15907.4
0.5858 15926.1
0.5859 15944.7
0.586 15963.2
0.5861 15981.8
0.5862 16000.4
0.5863 16018.9
0.5864 16037.5
0.5865 16056
0.5866 16074.5
0.5867 16093
0.5868 16111.5
0.5869 16129.9
0.587 16148.4
0.5871 16166.8
0.5872 16185.3
0.5873 16203.7
0.5874 16222.1
0.5875 16240.5
0.5876 16258.8
0.5877 16277.2
0.5878 16295.5
0.5879 16313.9
0.588 16332.2
0.5881 16350.5
0.5882 16368.8
0.5883 16387.1
0.5884 16405.4
0.5885 16423.6
0.5886 16441.9
0.5887 16460.1
0.5888 16478.3
0.5889 16496.5
0.589 16514.7
0.5891 16532.9
0.5892 16551
0.5893 16569.2
0.5894 16587.3
0.5895 16605.4
0.5896 16623.5
0.5897 16641.6
0.5898 16659.7
0.5899 16677.8
0.59 16695.8
0.5901 16713.9
0.5902 16731.9
0.5903 16749.9
0.5904 16767.9
0.5905 16785.9
0.5906 16803.9
0.5907 16821.8
0.5908 16839.8
0.5909 16857.7
0.591 16875.6
0.5911 16893.5
0.5912 16911.4
0.5913 16929.3
0.5914 16947.1
0.5915 16965
0.5916 16982.8
0.5917 17000.6
0.5918 17018.4
0.5919 17036.2
0.592 17054
0.5921 17071.8
0.5922 17089.5
0.5923 17107.3
0.5924 17125
0.5925 17142.7
0.5926 17160.4
0.5927 17178.1
0.5928 17195.7
0.5929 17213.4
0.593 17231
0.5931 17248.6
0.5932 17266.2
0.5933 17283.8
0.5934 17301.4
0.5935 17319
0.5936 17336.5
0.5937 17354.1
0.5938 17371.6
0.5939 17389.1
0.594 17406.6
0.5941 17424.1
0.5942 17441.6
0.5943 17459
0.5944 17476.4
0.5945 17493.9
0.5946 17511.3
0.5947 17528.7
0.5948 17546.1
0.5949 17563.4
0.595 17580.8
0.5951 17598.1
0.5952 17615.4
0.5953 17632.7
0.5954 17650
0.5955 17667.3
0.5956 17684.6
0.5957 17701.8
0.5958 17719.1
0.5959 17736.3
0.596 17753.5
0.5961 17770.7
0.5962 17787.9
0.5963 17805.1
0.5964 17822.2
0.5965 17839.3
0.5966 17856.5
0.5967 17873.6
0.5968 17890.7
0.5969 17907.7
0.597 17924.8
0.5971 17941.9
0.5972 17958.9
0.5973 17975.9
0.5974 17992.9
0.5975 18009.9
0.5976 18026.9
0.5977 18043.8
0.5978 18060.8
0.5979 18077.7
0.598 18094.6
0.5981 18111.5
0.5982 18128.4
0.5983 18145.3
0.5984 18162.1
0.5985 18179
0.5986 18195.8
0.5987 18212.6
0.5988 18229.4
0.5989 18246.2
0.599 18263
0.5991 18279.7
0.5992 18296.5
0.5993 18313.2
0.5994 18329.9
0.5995 18346.6
0.5996 18363.3
0.5997 18379.9
0.5998 18396.6
0.5999 18413.2
0.6 18429.8
0.6001 18446.4
0.6002 18463
0.6003 18479.6
0.6004 18496.1
0.6005 18512.7
0.6006 18529.2
0.6007 18545.7
0.6008 18562.2
0.6009 18578.7
0.601 18595.2
0.6011 18611.6
0.6012 18628.1
0.6013 18644.5
0.6014 18660.9
0.6015 18677.3
0.6016 18693.7
0.6017 18710
0.6018 18726.4
0.6019 18742.7
0.602 18759
0.6021 18775.3
0.6022 18791.6
0.6023 18807.9
0.6024 18824.1
0.6025 18840.3
0.6026 18856.6
0.6027 18872.8
0.6028 18889
0.6029 18905.1
0.603 18921.3
0.6031 18937.4
0.6032 18953.6
0.6033 18969.7
0.6034 18985.8
0.6035 19001.9
0.6036 19017.9
0.6037 19034
0.6038 19050
0.6039 19066.1
0.604 19082.1
0.6041 19098
0.6042 19114
0.6043 19130
0.6044 19145.9
0.6045 19161.9
0.6046 19177.8
0.6047 19193.7
0.6048 19209.5
0.6049 19225.4
0.605 19241.3
0.6051 19257.1
0.6052 19272.9
0.6053 19288.7
0.6054 19304.5
0.6055 19320.3
0.6056 19336
0.6057 19351.8
0.6058 19367.5
0.6059 19383.2
0.606 19398.9
0.6061 19414.6
0.6062 19430.2
0.6063 19445.9
0.6064 19461.5
0.6065 19477.1
0.6066 19492.7
0.6067 19508.3
0.6068 19523.8
0.6069 19539.4
0.607 19554.9
0.6071 19570.4
0.6072 19585.9
0.6073 19601.4
0.6074 19616.9
0.6075 19632.3
0.6076 19647.8
0.6077 19663.2
0.6078 19678.6
0.6079 19694
0.608 19709.4
0.6081 19724.7
0.6082 19740.1
0.6083 19755.4
0.6084 19770.7
0.6085 19786
0.6086 19801.2
0.6087 19816.5
0.6088 19831.7
0.6089 19847
0.609 19862.2
0.6091 19877.4
0.6092 19892.6
0.6093 19907.7
0.6094 19922.9
0.6095 19938
0.6096 19953.1
0.6097 19968.2
0.6098 19983.3
0.6099 19998.3
0.61 20013.4
0.6101 20028.4
0.6102 20043.4
0.6103 20058.4
0.6104 20073.4
0.6105 20088.4
0.6106 20103.3
0.6107 20118.3
0.6108 20133.2
0.6109 20148.1
0.611 20163
0.6111 20177.8
0.6112 20192.7
0.6113 20207.5
0.6114 20222.3
0.6115 20237.1
0.6116 20251.9
0.6117 20266.7
0.6118 20281.4
0.6119 20296.2
0.612 20310.9
0.6121 20325.6
0.6122 20340.3
0.6123 20355
0.6124 20369.6
0.6125 20384.2
0.6126 20398.9
0.6127 20413.5
0.6128 20428
0.6129 20442.6
0.613 20457.2
0.6131 20471.7
0.6132 20486.2
0.6133 20500.7
0.6134 20515.2
0.6135 20529.7
0.6136 20544.1
0.6137 20558.6
0.6138 20573
0.6139 20587.4
0.614 20601.8
0.6141 20616.1
0.6142 20630.5
0.6143 20644.8
0.6144 20659.1
0.6145 20673.4
0.6146 20687.7
0.6147 20702
0.6148 20716.2
0.6149 20730.5
0.615 20744.7
0.6151 20758.9
0.6152 20773.1
0.6153 20787.2
0.6154 20801.4
0.6155 20815.5
0.6156 20829.6
0.6157 20843.7
0.6158 20857.8
0.6159 20871.9
0.616 20885.9
0.6161 20899.9
0.6162 20913.9
0.6163 20927.9
0.6164 20941.9
0.6165 20955.9
0.6166 20969.8
0.6167 20983.7
0.6168 20997.7
0.6169 21011.5
0.617 21025.4
0.6171 21039.3
0.6172 21053.1
0.6173 21066.9
0.6174 21080.7
0.6175 21094.5
0.6176 21108.3
0.6177 21122.1
0.6178 21135.8
0.6179 21149.5
0.618 21163.2
0.6181 21176.9
0.6182 21190.6
0.6183 21204.2
0.6184 21217.9
0.6185 21231.5
0.6186 21245.1
0.6187 21258.7
0.6188 21272.2
0.6189 21285.8
0.619 21299.3
0.6191 21312.8
0.6192 21326.3
0.6193 21339.8
0.6194 21353.2
0.6195 21366.7
0.6196 21380.1
0.6197 21393.5
0.6198 21406.9
0.6199 21420.3
0.62 21433.6
0.6201 21447
0.6202 21460.3
0.6203 21473.6
0.6204 21486.9
0.6205 21500.1
0.6206 21513.4
0.6207 21526.6
0.6208 21539.8
0.6209 21553
0.621 21566.2
0.6211 21579.4
0.6212 21592.5
0.6213 21605.6
0.6214 21618.7
0.6215 21631.8
0.6216 21644.9
0.6217 21658
0.6218 21671
0.6219 21684
0.622 21697
0.6221 21710
0.6222 21723
0.6223 21735.9
0.6224 21748.9
0.6225 21761.8
0.6226 21774.7
0.6227 21787.5
0.6228 21800.4
0.6229 21813.2
0.623 21826.1
0.6231 21838.9
0.6232 21851.7
0.6233 21864.4
0.6234 21877.2
0.6235 21889.9
0.6236 21902.6
0.6237 21915.3
0.6238 21928
0.6239 21940.7
0.624 21953.3
0.6241 21966
0.6242 21978.6
0.6243 21991.2
0.6244 22003.7
0.6245 22016.3
0.6246 22028.8
0.6247 22041.4
0.6248 22053.9
0.6249 22066.3
0.625 22078.8
0.6251 22091.3
0.6252 22103.7
0.6253 22116.1
0.6254 22128.5
0.6255 22140.9
0.6256 22153.2
0.6257 22165.6
0.6258 22177.9
0.6259 22190.2
0.626 22202.5
0.6261 22214.8
0.6262 22227
0.6263 22239.2
0.6264 22251.4
0.6265 22263.6
0.6266 22275.8
0.6267 22288
0.6268 22300.1
0.6269 22312.2
0.627 22324.3
0.6271 22336.4
0.6272 22348.5
0.6273 22360.5
0.6274 22372.6
0.6275 22384.6
0.6276 22396.6
0.6277 22408.6
0.6278 22420.5
0.6279 22432.5
0.628 22444.4
0.6281 22456.3
0.6282 22468.2
0.6283 22480
0.6284 22491.9
0.6285 22503.7
0.6286 22515.5
0.6287 22527.3
0.6288 22539.1
0.6289 22550.8
0.629 22562.6
0.6291 22574.3
0.6292 22586
0.6293 22597.7
0.6294 22609.3
0.6295 22621
0.6296 22632.6
0.6297 22644.2
0.6298 22655.8
0.6299 22667.4
0.63 22678.9
0.6301 22690.5
0.6302 22702
0.6303 22713.5
0.6304 22725
0.6305 22736.4
0.6306 22747.9
0.6307 22759.3
0.6308 22770.7
0.6309 22782.1
0.631 22793.4
0.6311 22804.8
0.6312 22816.1
0.6313 22827.4
0.6314 22838.7
0.6315 22850
0.6316 22861.3
0.6317 22872.5
0.6318 22883.7
0.6319 22894.9
0.632 22906.1
0.6321 22917.2
0.6322 22928.4
0.6323 22939.5
0.6324 22950.6
0.6325 22961.7
0.6326 22972.8
0.6327 22983.8
0.6328 22994.9
0.6329 23005.9
0.633 23016.9
0.6331 23027.8
0.6332 23038.8
0.6333 23049.7
0.6334 23060.6
0.6335 23071.5
0.6336 23082.4
0.6337 23093.3
0.6338 23104.1
0.6339 23114.9
0.634 23125.8
0.6341 23136.5
0.6342 23147.3
0.6343 23158.1
0.6344 23168.8
0.6345 23179.5
0.6346 23190.2
0.6347 23200.9
0.6348 23211.5
0.6349 23222.1
0.635 23232.8
0.6351 23243.4
0.6352 23253.9
0.6353 23264.5
0.6354 23275
0.6355 23285.6
0.6356 23296.1
0.6357 23306.5
0.6358 23317
0.6359 23327.4
0.636 23337.9
0.6361 23348.3
0.6362 23358.7
0.6363 23369
0.6364 23379.4
0.6365 23389.7
0.6366 23400
0.6367 23410.3
0.6368 23420.6
0.6369 23430.8
0.637 23441.1
0.6371 23451.3
0.6372 23461.5
0.6373 23471.7
0.6374 23481.8
0.6375 23492
0.6376 23502.1
0.6377 23512.2
0.6378 23522.3
0.6379 23532.3
0.638 23542.4
0.6381 23552.4
0.6382 23562.4
0.6383 23572.4
0.6384 23582.3
0.6385 23592.3
0.6386 23602.2
0.6387 23612.1
0.6388 23622
0.6389 23631.9
0.639 23641.7
0.6391 23651.6
0.6392 23661.4
0.6393 23671.2
0.6394 23680.9
0.6395 23690.7
0.6396 23700.4
0.6397 23710.1
0.6398 23719.8
0.6399 23729.5
0.64 23739.2
0.6401 23748.8
0.6402 23758.4
0.6403 23768
0.6404 23777.6
0.6405 23787.2
0.6406 23796.7
0.6407 23806.2
0.6408 23815.7
0.6409 23825.2
0.641 23834.7
0.6411 23844.1
0.6412 23853.5
0.6413 23862.9
0.6414 23872.3
0.6415 23881.7
0.6416 23891
0.6417 23900.4
0.6418 23909.7
0.6419 23919
0.642 23928.2
0.6421 23937.5
0.6422 23946.7
0.6423 23955.9
0.6424 23965.1
0.6425 23974.3
0.6426 23983.4
0.6427 23992.5
0.6428 24001.7
0.6429 24010.7
0.643 24019.8
0.6431 24028.9
0.6432 24037.9
0.6433 24046.9
0.6434 24055.9
0.6435 24064.9
0.6436 24073.8
0.6437 24082.8
0.6438 24091.7
0.6439 24100.6
0.644 24109.5
0.6441 24118.3
0.6442 24127.1
0.6443 24136
0.6444 24144.8
0.6445 24153.5
0.6446 24162.3
0.6447 24171
0.6448 24179.7
0.6449 24188.4
0.645 24197.1
0.6451 24205.8
0.6452 24214.4
0.6453 24223
0.6454 24231.6
0.6455 24240.2
0.6456 24248.8
0.6457 24257.3
0.6458 24265.8
0.6459 24274.3
0.646 24282.8
0.6461 24291.3
0.6462 24299.7
0.6463 24308.1
0.6464 24316.5
0.6465 24324.9
0.6466 24333.3
0.6467 24341.6
0.6468 24349.9
0.6469 24358.2
0.647 24366.5
0.6471 24374.8
0.6472 24383
0.6473 24391.2
0.6474 24399.5
0.6475 24407.6
0.6476 24415.8
0.6477 24423.9
0.6478 24432.1
0.6479 24440.2
0.648 24448.2
0.6481 24456.3
0.6482 24464.3
0.6483 24472.4
0.6484 24480.4
0.6485 24488.4
0.6486 24496.3
0.6487 24504.3
0.6488 24512.2
0.6489 24520.1
0.649 24528
0.6491 24535.8
0.6492 24543.7
0.6493 24551.5
0.6494 24559.3
0.6495 24567.1
0.6496 24574.8
0.6497 24582.6
0.6498 24590.3
0.6499 24598
0.65 24605.7
0.6501 24613.4
0.6502 24621
0.6503 24628.6
0.6504 24636.2
0.6505 24643.8
0.6506 24651.4
0.6507 24658.9
0.6508 24666.4
0.6509 24673.9
0.651 24681.4
0.6511 24688.9
0.6512 24696.3
0.6513 24703.7
0.6514 24711.1
0.6515 24718.5
0.6516 24725.9
0.6517 24733.2
0.6518 24740.5
0.6519 24747.8
0.652 24755.1
0.6521 24762.4
0.6522 24769.6
0.6523 24776.8
0.6524 24784
0.6525 24791.2
0.6526 24798.3
0.6527 24805.5
0.6528 24812.6
0.6529 24819.7
0.653 24826.8
0.6531 24833.8
0.6532 24840.9
0.6533 24847.9
0.6534 24854.9
0.6535 24861.9
0.6536 24868.8
0.6537 24875.7
0.6538 24882.7
0.6539 24889.5
0.654 24896.4
0.6541 24903.3
0.6542 24910.1
0.6543 24916.9
0.6544 24923.7
0.6545 24930.5
0.6546 24937.2
0.6547 24944
0.6548 24950.7
0.6549 24957.4
0.655 24964
0.6551 24970.7
0.6552 24977.3
0.6553 24983.9
0.6554 24990.5
0.6555 24997.1
0.6556 25003.6
0.6557 25010.2
0.6558 25016.7
0.6559 25023.1
0.656 25029.6
0.6561 25036.1
0.6562 25042.5
0.6563 25048.9
0.6564 25055.3
0.6565 25061.6
0.6566 25068
0.6567 25074.3
0.6568 25080.6
0.6569 25086.9
0.657 25093.1
0.6571 25099.4
0.6572 25105.6
0.6573 25111.8
0.6574 25118
0.6575 25124.1
0.6576 25130.3
0.6577 25136.4
0.6578 25142.5
0.6579 25148.6
0.658 25154.6
0.6581 25160.7
0.6582 25166.7
0.6583 25172.7
0.6584 25178.7
0.6585 25184.6
0.6586 25190.5
0.6587 25196.4
0.6588 25202.3
0.6589 25208.2
0.659 25214.1
0.6591 25219.9
0.6592 25225.7
0.6593 25231.5
0.6594 25237.3
0.6595 25243
0.6596 25248.7
0.6597 25254.4
0.6598 25260.1
0.6599 25265.8
0.66 25271.4
0.6601 25277.1
0.6602 25282.7
0.6603 25288.2
0.6604 25293.8
0.6605 25299.3
0.6606 25304.9
0.6607 25310.4
0.6608 25315.8
0.6609 25321.3
0.661 25326.7
0.6611 25332.2
0.6612 25337.6
0.6613 25342.9
0.6614 25348.3
0.6615 25353.6
0.6616 25358.9
0.6617 25364.2
0.6618 25369.5
0.6619 25374.8
0.662 25380
0.6621 25385.2
0.6622 25390.4
0.6623 25395.6
0.6624 25400.7
0.6625 25405.8
0.6626 25410.9
0.6627 25416
0.6628 25421.1
0.6629 25426.1
0.663 25431.2
0.6631 25436.2
0.6632 25441.1
0.6633 25446.1
0.6634 25451
0.6635 25456
0.6636 25460.9
0.6637 25465.7
0.6638 25470.6
0.6639 25475.4
0.664 25480.2
0.6641 25485
0.6642 25489.8
0.6643 25494.6
0.6644 25499.3
0.6645 25504
0.6646 25508.7
0.6647 25513.4
0.6648 25518
0.6649 25522.6
0.665 25527.3
0.6651 25531.8
0.6652 25536.4
0.6653 25541
0.6654 25545.5
0.6655 25550
0.6656 25554.5
0.6657 25558.9
0.6658 25563.4
0.6659 25567.8
0.666 25572.2
0.6661 25576.6
0.6662 25580.9
0.6663 25585.3
0.6664 25589.6
0.6665 25593.9
0.6666 25598.1
0.6667 25602.4
0.6668 25606.6
0.6669 25610.8
0.667 25615
0.6671 25619.2
0.6672 25623.3
0.6673 25627.5
0.6674 25631.6
0.6675 25635.7
0.6676 25639.7
0.6677 25643.8
0.6678 25647.8
0.6679 25651.8
0.668 25655.8
0.6681 25659.7
0.6682 25663.7
0.6683 25667.6
0.6684 25671.5
0.6685 25675.4
0.6686 25679.2
0.6687 25683
0.6688 25686.9
0.6689 25690.7
0.669 25694.4
0.6691 25698.2
0.6692 25701.9
0.6693 25705.6
0.6694 25709.3
0.6695 25713
0.6696 25716.6
0.6697 25720.2
0.6698 25723.8
0.6699 25727.4
0.67 25731
0.6701 25734.5
0.6702 25738
0.6703 25741.5
0.6704 25745
0.6705 25748.5
0.6706 25751.9
0.6707 25755.3
0.6708 25758.7
0.6709 25762.1
0.671 25765.4
0.6711 25768.8
0.6712 25772.1
0.6713 25775.4
0.6714 25778.6
0.6715 25781.9
0.6716 25785.1
0.6717 25788.3
0.6718 25791.5
0.6719 25794.6
0.672 25797.8
0.6721 25800.9
0.6722 25804
0.6723 25807.1
0.6724 25810.1
0.6725 25813.2
0.6726 25816.2
0.6727 25819.2
0.6728 25822.1
0.6729 25825.1
0.673 25828
0.6731 25830.9
0.6732 25833.8
0.6733 25836.7
0.6734 25839.5
0.6735 25842.4
0.6736 25845.2
0.6737 25847.9
0.6738 25850.7
0.6739 25853.4
0.674 25856.2
0.6741 25858.9
0.6742 25861.5
0.6743 25864.2
0.6744 25866.8
0.6745 25869.4
0.6746 25872
0.6747 25874.6
0.6748 25877.2
0.6749 25879.7
0.675 25882.2
0.6751 25884.7
0.6752 25887.1
0.6753 25889.6
0.6754 25892
0.6755 25894.4
0.6756 25896.8
0.6757 25899.1
0.6758 25901.5
0.6759 25903.8
0.676 25906.1
0.6761 25908.4
0.6762 25910.6
0.6763 25912.9
0.6764 25915.1
0.6765 25917.3
0.6766 25919.4
0.6767 25921.6
0.6768 25923.7
0.6769 25925.8
0.677 25927.9
0.6771 25930
0.6772 25932
0.6773 25934
0.6774 25936
0.6775 25938
0.6776 25940
0.6777 25941.9
0.6778 25943.8
0.6779 25945.7
0.678 25947.6
0.6781 25949.4
0.6782 25951.3
0.6783 25953.1
0.6784 25954.9
0.6785 25956.6
0.6786 25958.4
0.6787 25960.1
0.6788 25961.8
0.6789 25963.5
0.679 25965.1
0.6791 25966.8
0.6792 25968.4
0.6793 25970
0.6794 25971.6
0.6795 25973.1
0.6796 25974.7
0.6797 25976.2
0.6798 25977.7
0.6799 25979.1
0.68 25980.6
0.6801 25982
0.6802 25983.4
0.6803 25984.8
0.6804 25986.2
0.6805 25987.5
0.6806 25988.8
0.6807 25990.1
0.6808 25991.4
0.6809 25992.7
0.681 25993.9
0.6811 25995.1
0.6812 25996.3
0.6813 25997.5
0.6814 25998.6
0.6815 25999.8
0.6816 26000.9
0.6817 26002
0.6818 26003
0.6819 26004.1
0.682 26005.1
0.6821 26006.1
0.6822 26007.1
0.6823 26008
0.6824 26009
0.6825 26009.9
0.6826 26010.8
0.6827 26011.7
0.6828 26012.5
0.6829 26013.4
0.683 26014.2
0.6831 26015
0.6832 26015.7
0.6833 26016.5
0.6834 26017.2
0.6835 26017.9
0.6836 26018.6
0.6837 26019.3
0.6838 26019.9
0.6839 26020.5
0.684 26021.1
0.6841 26021.7
0.6842 26022.3
0.6843 26022.8
0.6844 26023.3
0.6845 26023.8
0.6846 26024.3
0.6847 26024.7
0.6848 26025.1
0.6849 26025.6
0.685 26025.9
0.6851 26026.3
0.6852 26026.7
0.6853 26027
0.6854 26027.3
0.6855 26027.6
0.6856 26027.8
0.6857 26028.1
0.6858 26028.3
0.6859 26028.5
0.686 26028.6
0.6861 26028.8
0.6862 26028.9
0.6863 26029
0.6864 26029.1
0.6865 26029.2
0.6866 26029.2
0.6867 26029.3
0.6868 26029.3
0.6869 26029.3
0.687 26029.2
0.6871 26029.2
0.6872 26029.1
0.6873 26029
0.6874 26028.9
0.6875 26028.7
0.6876 26028.5
0.6877 26028.4
0.6878 26028.1
0.6879 26027.9
0.688 26027.7
0.6881 26027.4
0.6882 26027.1
0.6883 26026.8
0.6884 26026.5
0.6885 26026.1
0.6886 26025.7
0.6887 26025.3
0.6888 26024.9
0.6889 26024.5
0.689 26024
0.6891 26023.5
0.6892 26023
0.6893 26022.5
0.6894 26021.9
0.6895 26021.4
0.6896 26020.8
0.6897 26020.2
0.6898 26019.5
0.6899 26018.9
0.69 26018.2
0.6901 26017.5
0.6902 26016.8
0.6903 26016
0.6904 26015.3
0.6905 26014.5
0.6906 26013.7
0.6907 26012.9
0.6908 26012
0.6909 26011.2
0.691 26010.3
0.6911 26009.4
0.6912 26008.4
0.6913 26007.5
0.6914 26006.5
0.6915 26005.5
0.6916 26004.5
0.6917 26003.5
0.6918 26002.4
0.6919 26001.3
0.692 26000.2
0.6921 25999.1
0.6922 25998
0.6923 25996.8
0.6924 25995.6
0.6925 25994.4
0.6926 25993.2
0.6927 25991.9
0.6928 25990.7
0.6929 25989.4
0.693 25988.1
0.6931 25986.7
0.6932 25985.4
0.6933 25984
0.6934 25982.6
0.6935 25981.2
0.6936 25979.7
0.6937 25978.3
0.6938 25976.8
0.6939 25975.3
0.694 25973.8
0.6941 25972.2
0.6942 25970.6
0.6943 25969.1
0.6944 25967.4
0.6945 25965.8
0.6946 25964.2
0.6947 25962.5
0.6948 25960.8
0.6949 25959.1
0.695 25957.3
0.6951 25955.6
0.6952 25953.8
