0 0
0.0001 0
0.0002 0
0.0003 0
0.0004 0
0.0005 0
0.0006 0
0.0007 0
0.0008 0
0.0009 0
0.001 0
0.0011 0
0.0012 0
0.0013 0
0.0014 0
0.0015 0
0.0016 0
0.0017 0
0.0018 0
0.0019 0
0.002 0
0.0021 0
0.0022 0
0.0023 0
0.0024 0
0.0025 0
0.0026 0
0.0027 0
0.0028 0
0.0029 0
0.003 0
0.0031 0
0.0032 0
0.0033 0
0.0034 0
0.0035 0
0.0036 0
0.0037 0
0.0038 0
0.0039 0
0.004 0
0.0041 0
0.0042 0
0.0043 0
0.0044 0
0.0045 0
0.0046 0
0.0047 0
0.0048 0
0.0049 0
0.005 0
0.0051 0
0.0052 0
0.0053 0
0.0054 0
0.0055 0
0.0056 0
0.0057 0
0.0058 0
0.0059 0
0.006 0
0.0061 0
0.0062 0
0.0063 0
0.0064 0
0.0065 0
0.0066 0
0.0067 0
0.0068 0
0.0069 0
0.007 0
0.0071 0
0.0072 0
0.0073 0
0.0074 0
0.0075 0
0.0076 0
0.0077 0
0.0078 0
0.0079 0
0.008 0
0.0081 0
0.0082 0
0.0083 0
0.0084 0
0.0085 0
0.0086 0
0.0087 0
0.0088 0
0.0089 0
0.009 0
0.0091 0
0.0092 0
0.0093 0
0.0094 0
0.0095 0
0.0096 0
0.0097 0
0.0098 0
0.0099 0
0.01 0
0.0101 0
0.0102 0
0.0103 0
0.0104 0
0.0105 0
0.0106 0
0.0107 0
0.0108 0
0.0109 0
0.011 0
0.0111 0
0.0112 0
0.0113 0
0.0114 0
0.0115 0
0.0116 0
0.0117 0
0.0118 0
0.0119 0
0.012 0
0.0121 0
0.0122 0
0.0123 0
0.0124 0
0.0125 0
0.0126 0
0.0127 0
0.0128 0
0.0129 0
0.013 0
0.0131 0
0.0132 0
0.0133 0
0.0134 0
0.0135 0
0.0136 0
0.0137 0
0.0138 0
0.0139 0
0.014 0
0.0141 0
0.0142 0
0.0143 0
0.0144 0
0.0145 0
0.0146 0
0.0147 0
0.0148 0
0.0149 0
0.015 0
0.0151 0
0.0152 0
0.0153 0
0.0154 0
0.0155 0
0.0156 0
0.0157 0
0.0158 0
0.0159 0
0.016 0
0.0161 0
0.0162 0
0.0163 0
0.0164 0
0.0165 0
0.0166 0
0.0167 0
0.0168 0
0.0169 0
0.017 0
0.0171 0
0.0172 0
0.0173 0
0.0174 0
0.0175 0
0.0176 0
0.0177 0
0.0178 0
0.0179 0
0.018 0
0.0181 0
0.0182 0
0.0183 0
0.0184 0
0.0185 0
0.0186 0
0.0187 0
0.0188 0
0.0189 0
0.019 0
0.0191 0
0.0192 0
0.0193 0
0.0194 0
0.0195 0
0.0196 0
0.0197 0
0.0198 0
0.0199 0
0.02 0
0.0201 0
0.0202 0
0.0203 0
0.0204 0
0.0205 0
0.0206 0
0.0207 0
0.0208 0
0.0209 0
0.021 0
0.0211 0
0.0212 0
0.0213 0
0.0214 0
0.0215 0
0.0216 0
0.0217 0
0.0218 0
0.0219 0
0.022 0
0.0221 0
0.0222 0
0.0223 0
0.0224 0
0.0225 0
0.0226 0
0.0227 0
0.0228 0
0.0229 0
0.023 0
0.0231 0
0.0232 0
0.0233 0
0.0234 0
0.0235 0
0.0236 0
0.0237 0
0.0238 0
0.0239 0
0.024 0
0.0241 0
0.0242 0
0.0243 0
0.0244 0
0.0245 0
0.0246 0
0.0247 0
0.0248 0
0.0249 0
0.025 0
0.0251 0
0.0252 0
0.0253 0
0.0254 0
0.0255 0
0.0256 0
0.0257 0
0.0258 0
0.0259 0
0.026 0
0.0261 0
0.0262 0
0.0263 0
0.0264 0
0.0265 0
0.0266 0
0.0267 0
0.0268 0
0.0269 0
0.027 0
0.0271 0
0.0272 0
0.0273 0
0.0274 0
0.0275 0
0.0276 0
0.0277 0
0.0278 0
0.0279 0
0.028 0
0.0281 0
0.0282 0
0.0283 0
0.0284 0
0.0285 0
0.0286 0
0.0287 0
0.0288 0
0.0289 0
0.029 0
0.0291 0
0.0292 0
0.0293 0
0.0294 0
0.0295 0
0.0296 0
0.0297 0
0.0298 0
0.0299 0
0.03 0
0.0301 0
0.0302 0
0.0303 0
0.0304 0
0.0305 0
0.0306 0
0.0307 0
0.0308 0
0.0309 0
0.031 0
0.0311 0
0.0312 0
0.0313 0
0.0314 0
0.0315 0
0.0316 0
0.0317 0
0.0318 0
0.0319 0
0.032 0
0.0321 0
0.0322 0
0.0323 0
0.0324 0
0.0325 0
0.0326 0
0.0327 0
0.0328 0
0.0329 0
0.033 0
0.0331 0
0.0332 0
0.0333 0
0.0334 0
0.0335 0
0.0336 0
0.0337 0
0.0338 0
0.0339 0
0.034 0
0.0341 0
0.0342 0
0.0343 0
0.0344 0
0.0345 0
0.0346 0
0.0347 0
0.0348 0
0.0349 0
0.035 0
0.0351 0
0.0352 0
0.0353 0
0.0354 0
0.0355 0
0.0356 0
0.0357 0
0.0358 0
0.0359 0
0.036 0
0.0361 0
0.0362 0
0.0363 0
0.0364 0
0.0365 0
0.0366 0
0.0367 0
0.0368 0
0.0369 0
0.037 0
0.0371 0
0.0372 0
0.0373 0
0.0374 0
0.0375 0
0.0376 0
0.0377 0
0.0378 0
0.0379 0
0.038 0
0.0381 0
0.0382 0
0.0383 0
0.0384 0
0.0385 0
0.0386 0
0.0387 0
0.0388 0
0.0389 0
0.039 0
0.0391 0
0.0392 0
0.0393 0
0.0394 0
0.0395 0
0.0396 0
0.0397 0
0.0398 0
0.0399 0
0.04 0
0.0401 0
0.0402 0
0.0403 0
0.0404 0
0.0405 0
0.0406 0
0.0407 0
0.0408 0
0.0409 0
0.041 0
0.0411 0
0.0412 0
0.0413 0
0.0414 0
0.0415 0
0.0416 0
0.0417 0
0.0418 0
0.0419 0
0.042 0
0.0421 0
0.0422 0
0.0423 0
0.0424 0
0.0425 0
0.0426 0
0.0427 0
0.0428 0
0.0429 0
0.043 0
0.0431 0
0.0432 0
0.0433 0
0.0434 0
0.0435 0
0.0436 0
0.0437 0
0.0438 0
0.0439 0
0.044 0
0.0441 0
0.0442 0
0.0443 0
0.0444 0
0.0445 0
0.0446 0
0.0447 0
0.0448 0
0.0449 0
0.045 0
0.0451 0
0.0452 0
0.0453 0
0.0454 0
0.0455 0
0.0456 0
0.0457 0
0.0458 0
0.0459 0
0.046 0
0.0461 0
0.0462 0
0.0463 0
0.0464 0
0.0465 0
0.0466 0
0.0467 0
0.0468 0
0.0469 0
0.047 0
0.0471 0
0.0472 0
0.0473 0
0.0474 0
0.0475 0
0.0476 0
0.0477 0
0.0478 0
0.0479 0
0.048 0
0.0481 0
0.0482 0
0.0483 0
0.0484 0
0.0485 0
0.0486 0
0.0487 0
0.0488 0
0.0489 0
0.049 0
0.0491 0
0.0492 0
0.0493 0
0.0494 0
0.0495 0
0.0496 0
0.0497 0
0.0498 0
0.0499 0
0.05 0
0.0501 0
0.0502 0
0.0503 0
0.0504 0
0.0505 0
0.0506 0
0.0507 0
0.0508 0
0.0509 0
0.051 0
0.0511 0
0.0512 0
0.0513 0
0.0514 0
0.0515 0
0.0516 0
0.0517 0
0.0518 0
0.0519 0
0.052 0
0.0521 0
0.0522 0
0.0523 0
0.0524 0
0.0525 0
0.0526 0
0.0527 0
0.0528 0
0.0529 0
0.053 0
0.0531 0
0.0532 0
0.0533 0
0.0534 0
0.0535 0
0.0536 0
0.0537 0
0.0538 0
0.0539 0
0.054 0
0.0541 0
0.0542 0
0.0543 0
0.0544 0
0.0545 0
0.0546 0
0.0547 0
0.0548 0
0.0549 0
0.055 0
0.0551 0
0.0552 0
0.0553 0
0.0554 0
0.0555 0
0.0556 0
0.0557 0
0.0558 0
0.0559 0
0.056 0
0.0561 0
0.0562 0
0.0563 0
0.0564 0
0.0565 0
0.0566 0
0.0567 0
0.0568 0
0.0569 0
0.057 0
0.0571 0
0.0572 0
0.0573 0
0.0574 0
0.0575 0
0.0576 0
0.0577 0
0.0578 0
0.0579 0
0.058 0
0.0581 0
0.0582 0
0.0583 0
0.0584 0
0.0585 0
0.0586 0
0.0587 0
0.0588 0
0.0589 0
0.059 0
0.0591 0
0.0592 0
0.0593 0
0.0594 0
0.0595 0
0.0596 0
0.0597 0
0.0598 0
0.0599 0
0.06 0
0.0601 0
0.0602 0
0.0603 0
0.0604 0
0.0605 0
0.0606 0
0.0607 0
0.0608 0
0.0609 0
0.061 0
0.0611 0
0.0612 0
0.0613 0
0.0614 0
0.0615 0
0.0616 0
0.0617 0
0.0618 0
0.0619 0
0.062 0
0.0621 0
0.0622 0
0.0623 0
0.0624 0
0.0625 0
0.0626 0
0.0627 0
0.0628 0
0.0629 0
0.063 0
0.0631 0
0.0632 0
0.0633 0
0.0634 0
0.0635 0
0.0636 0
0.0637 0
0.0638 0
0.0639 0
0.064 0
0.0641 0
0.0642 0
0.0643 0
0.0644 0
0.0645 0
0.0646 0
0.0647 0
0.0648 0
0.0649 0
0.065 0
0.0651 0
0.0652 0
0.0653 0
0.0654 0
0.0655 0
0.0656 0
0.0657 0
0.0658 0
0.0659 0
0.066 0
0.0661 0
0.0662 0
0.0663 0
0.0664 0
0.0665 0
0.0666 0
0.0667 0
0.0668 0
0.0669 0
0.067 0
0.0671 0
0.0672 0
0.0673 0
0.0674 0
0.0675 0
0.0676 0
0.0677 0
0.0678 0
0.0679 0
0.068 0
0.0681 0
0.0682 0
0.0683 0
0.0684 0
0.0685 0
0.0686 0
0.0687 0
0.0688 0
0.0689 0
0.069 0
0.0691 0
0.0692 0
0.0693 0
0.0694 0
0.0695 0
0.0696 0
0.0697 0
0.0698 0
0.0699 0
0.07 0
0.0701 0
0.0702 0
0.0703 0
0.0704 0
0.0705 0
0.0706 0
0.0707 0
0.0708 0
0.0709 0
0.071 0
0.0711 0
0.0712 0
0.0713 0
0.0714 0
0.0715 0
0.0716 0
0.0717 0
0.0718 0
0.0719 0
0.072 0
0.0721 0
0.0722 0
0.0723 0
0.0724 0
0.0725 0
0.0726 0
0.0727 0
0.0728 0
0.0729 0
0.073 0
0.0731 0
0.0732 0
0.0733 0
0.0734 0
0.0735 0
0.0736 0
0.0737 0
0.0738 0
0.0739 0
0.074 0
0.0741 0
0.0742 0
0.0743 0
0.0744 0
0.0745 0
0.0746 0
0.0747 0
0.0748 0
0.0749 0
0.075 0
0.0751 0
0.0752 0
0.0753 0
0.0754 0
0.0755 0
0.0756 0
0.0757 0
0.0758 0
0.0759 0
0.076 0
0.0761 0
0.0762 0
0.0763 0
0.0764 0
0.0765 0
0.0766 0
0.0767 0
0.0768 0
0.0769 0
0.077 0
0.0771 0
0.0772 0
0.0773 0
0.0774 0
0.0775 0
0.0776 0
0.0777 0
0.0778 0
0.0779 0
0.078 0
0.0781 0
0.0782 0
0.0783 0
0.0784 0
0.0785 0
0.0786 0
0.0787 0
0.0788 0
0.0789 0
0.079 0
0.0791 0
0.0792 0
0.0793 0
0.0794 0
0.0795 0
0.0796 0
0.0797 0
0.0798 0
0.0799 0
0.08 0
0.0801 0
0.0802 0
0.0803 0
0.0804 0
0.0805 0
0.0806 0
0.0807 0
0.0808 0
0.0809 0
0.081 0
0.0811 0
0.0812 0
0.0813 0
0.0814 0
0.0815 0
0.0816 0
0.0817 0
0.0818 0
0.0819 0
0.082 0
0.0821 0
0.0822 0
0.0823 0
0.0824 0
0.0825 0
0.0826 0
0.0827 0
0.0828 0
0.0829 0
0.083 0
0.0831 0
0.0832 0
0.0833 0
0.0834 0
0.0835 0
0.0836 0
0.0837 0
0.0838 0
0.0839 0
0.084 0
0.0841 0
0.0842 0
0.0843 0
0.0844 0
0.0845 0
0.0846 0
0.0847 0
0.0848 0
0.0849 0
0.085 0
0.0851 0
0.0852 0
0.0853 0
0.0854 0
0.0855 0
0.0856 0
0.0857 0
0.0858 0
0.0859 0
0.086 0
0.0861 0
0.0862 0
0.0863 0
0.0864 0
0.0865 0
0.0866 0
0.0867 0
0.0868 0
0.0869 0
0.087 0
0.0871 0
0.0872 0
0.0873 0
0.0874 0
0.0875 0
0.0876 0
0.0877 0
0.0878 0
0.0879 0
0.088 0
0.0881 0
0.0882 0
0.0883 0
0.0884 0
0.0885 0
0.0886 0
0.0887 0
0.0888 0
0.0889 0
0.089 0
0.0891 0
0.0892 0
0.0893 0
0.0894 0
0.0895 0
0.0896 0
0.0897 0
0.0898 0
0.0899 0
0.09 0
0.0901 0
0.0902 0
0.0903 0
0.0904 0
0.0905 0
0.0906 0
0.0907 0
0.0908 0
0.0909 0
0.091 0
0.0911 0
0.0912 0
0.0913 0
0.0914 0
0.0915 0
0.0916 0
0.0917 0
0.0918 0
0.0919 0
0.092 0
0.0921 0
0.0922 0
0.0923 0
0.0924 0
0.0925 0
0.0926 0
0.0927 0
0.0928 0
0.0929 0
0.093 0
0.0931 0
0.0932 0
0.0933 0
0.0934 0
0.0935 0
0.0936 0
0.0937 0
0.0938 0
0.0939 0
0.094 0
0.0941 0
0.0942 0
0.0943 0
0.0944 0
0.0945 0
0.0946 0
0.0947 0
0.0948 0
0.0949 0
0.095 0
0.0951 0
0.0952 0
0.0953 0
0.0954 0
0.0955 0
0.0956 0
0.0957 0
0.0958 0
0.0959 0
0.096 0
0.0961 0
0.0962 0
0.0963 0
0.0964 0
0.0965 0
0.0966 0
0.0967 0
0.0968 0
0.0969 0
0.097 0
0.0971 0
0.0972 0
0.0973 0
0.0974 0
0.0975 0
0.0976 0
0.0977 0
0.0978 0
0.0979 0
0.098 0
0.0981 0
0.0982 0
0.0983 0
0.0984 0
0.0985 0
0.0986 0
0.0987 0
0.0988 0
0.0989 0
0.099 0
0.0991 0
0.0992 0
0.0993 0
0.0994 0
0.0995 0
0.0996 0
0.0997 0
0.0998 0
0.0999 0
0.1 0
0.1001 0
0.1002 0
0.1003 0
0.1004 0
0.1005 0
0.1006 0
0.1007 0
0.1008 0
0.1009 0
0.101 0
0.1011 0
0.1012 0
0.1013 0
0.1014 0
0.1015 0
0.1016 0
0.1017 0
0.1018 0
0.1019 0
0.102 0
0.1021 0
0.1022 0
0.1023 0
0.1024 0
0.1025 0
0.1026 0
0.1027 0
0.1028 0
0.1029 0
0.103 0
0.1031 0
0.1032 0
0.1033 0
0.1034 0
0.1035 0
0.1036 0
0.1037 0
0.1038 0
0.1039 0
0.104 0
0.1041 0
0.1042 0
0.1043 0
0.1044 0
0.1045 0
0.1046 0
0.1047 0
0.1048 0
0.1049 0
0.105 0
0.1051 0
0.1052 0
0.1053 0
0.1054 0
0.1055 0
0.1056 0
0.1057 0
0.1058 0
0.1059 0
0.106 0
0.1061 0
0.1062 0
0.1063 0
0.1064 0
0.1065 0
0.1066 0
0.1067 0
0.1068 0
0.1069 0
0.107 0
0.1071 0
0.1072 0
0.1073 0
0.1074 0
0.1075 0
0.1076 0
0.1077 0
0.1078 0
0.1079 0
0.108 0
0.1081 0
0.1082 0
0.1083 0
0.1084 0
0.1085 0
0.1086 0
0.1087 0
0.1088 0
0.1089 0
0.109 0
0.1091 0
0.1092 0
0.1093 0
0.1094 0
0.1095 0
0.1096 0
0.1097 0
0.1098 0
0.1099 0
0.11 0
0.1101 0
0.1102 0
0.1103 0
0.1104 0
0.1105 0
0.1106 0
0.1107 0
0.1108 0
0.1109 0
0.111 0
0.1111 0
0.1112 0
0.1113 0
0.1114 0
0.1115 0
0.1116 0
0.1117 0
0.1118 0
0.1119 0
0.112 0
0.1121 0
0.1122 0
0.1123 0
0.1124 0
0.1125 0
0.1126 0
0.1127 0
0.1128 0
0.1129 0
0.113 0
0.1131 0
0.1132 0
0.1133 0
0.1134 0
0.1135 0
0.1136 0
0.1137 0
0.1138 0
0.1139 0
0.114 0
0.1141 0
0.1142 0
0.1143 0
0.1144 0
0.1145 0
0.1146 0
0.1147 0
0.1148 0
0.1149 0
0.115 0
0.1151 0
0.1152 0
0.1153 0
0.1154 0
0.1155 0
0.1156 0
0.1157 0
0.1158 0
0.1159 0
0.116 0
0.1161 0
0.1162 0
0.1163 0
0.1164 0
0.1165 0
0.1166 0
0.1167 0
0.1168 0
0.1169 0
0.117 0
0.1171 0
0.1172 0
0.1173 0
0.1174 0
0.1175 0
0.1176 0
0.1177 0
0.1178 0
0.1179 0
0.118 0
0.1181 0
0.1182 0
0.1183 0
0.1184 0
0.1185 0
0.1186 0
0.1187 0
0.1188 0
0.1189 0
0.119 0
0.1191 0
0.1192 0
0.1193 0
0.1194 0
0.1195 0
0.1196 0
0.1197 0
0.1198 0
0.1199 0
0.12 0
0.1201 0
0.1202 0
0.1203 0
0.1204 0
0.1205 0
0.1206 0
0.1207 0
0.1208 0
0.1209 0
0.121 0
0.1211 0
0.1212 0
0.1213 0
0.1214 0
0.1215 0
0.1216 0
0.1217 0
0.1218 0
0.1219 0
0.122 0
0.1221 0
0.1222 0
0.1223 0
0.1224 0
0.1225 0
0.1226 0
0.1227 0
0.1228 0
0.1229 0
0.123 0
0.1231 0
0.1232 0
0.1233 0
0.1234 0
0.1235 0
0.1236 0
0.1237 0
0.1238 0
0.1239 0
0.124 0
0.1241 0
0.1242 0
0.1243 0
0.1244 0
0.1245 0
0.1246 0
0.1247 0
0.1248 0
0.1249 0
0.125 0
0.1251 0
0.1252 0
0.1253 0
0.1254 0
0.1255 0
0.1256 0
0.1257 0
0.1258 0
0.1259 0
0.126 0
0.1261 0
0.1262 0
0.1263 0
0.1264 0
0.1265 0
0.1266 0
0.1267 0
0.1268 0
0.1269 0
0.127 0
0.1271 0
0.1272 0
0.1273 0
0.1274 0
0.1275 0
0.1276 0
0.1277 0
0.1278 0
0.1279 0
0.128 0
0.1281 0
0.1282 0
0.1283 0
0.1284 0
0.1285 0
0.1286 0
0.1287 0
0.1288 0
0.1289 0
0.129 0
0.1291 0
0.1292 0
0.1293 0
0.1294 0
0.1295 0
0.1296 0
0.1297 0
0.1298 0
0.1299 0
0.13 0
0.1301 0
0.1302 0
0.1303 0
0.1304 0
0.1305 0
0.1306 0
0.1307 0
0.1308 0
0.1309 0
0.131 0
0.1311 0
0.1312 0
0.1313 0
0.1314 0
0.1315 0
0.1316 0
0.1317 0
0.1318 0
0.1319 0
0.132 0
0.1321 0
0.1322 0
0.1323 0
0.1324 0
0.1325 0
0.1326 0
0.1327 0
0.1328 0
0.1329 0
0.133 0
0.1331 0
0.1332 0
0.1333 0
0.1334 0
0.1335 0
0.1336 0
0.1337 0
0.1338 0
0.1339 0
0.134 0
0.1341 0
0.1342 0
0.1343 0
0.1344 0
0.1345 0
0.1346 0
0.1347 0
0.1348 0
0.1349 0
0.135 0
0.1351 0
0.1352 0
0.1353 0
0.1354 0
0.1355 0
0.1356 0
0.1357 0
0.1358 0
0.1359 0
0.136 0
0.1361 0
0.1362 0
0.1363 0
0.1364 0
0.1365 0
0.1366 0
0.1367 0
0.1368 0
0.1369 0
0.137 0
0.1371 0
0.1372 0
0.1373 0
0.1374 0
0.1375 0
0.1376 0
0.1377 0
0.1378 0
0.1379 0
0.138 0
0.1381 0
0.1382 0
0.1383 0
0.1384 0
0.1385 0
0.1386 0
0.1387 0
0.1388 0
0.1389 0
0.139 0
0.1391 0
0.1392 0
0.1393 0
0.1394 0
0.1395 0
0.1396 0
0.1397 0
0.1398 0
0.1399 0
0.14 0
0.1401 0
0.1402 0
0.1403 0
0.1404 0
0.1405 0
0.1406 0
0.1407 0
0.1408 0
0.1409 0
0.141 0
0.1411 0
0.1412 0
0.1413 0
0.1414 0
0.1415 0
0.1416 0
0.1417 0
0.1418 0
0.1419 0
0.142 0
0.1421 0
0.1422 0
0.1423 0
0.1424 0
0.1425 0
0.1426 0
0.1427 0
0.1428 0
0.1429 0
0.143 0
0.1431 0
0.1432 0
0.1433 0
0.1434 0
0.1435 0
0.1436 0
0.1437 0
0.1438 0
0.1439 0
0.144 0
0.1441 0
0.1442 0
0.1443 0
0.1444 0
0.1445 0
0.1446 0
0.1447 0
0.1448 0
0.1449 0
0.145 0
0.1451 0
0.1452 0
0.1453 0
0.1454 0
0.1455 0
0.1456 0
0.1457 0
0.1458 0
0.1459 0
0.146 0
0.1461 0
0.1462 0
0.1463 0
0.1464 0
0.1465 0
0.1466 0
0.1467 0
0.1468 0
0.1469 0
0.147 0
0.1471 0
0.1472 0
0.1473 0
0.1474 0
0.1475 0
0.1476 0
0.1477 0
0.1478 0
0.1479 0
0.148 0
0.1481 0
0.1482 0
0.1483 0
0.1484 0
0.1485 0
0.1486 0
0.1487 0
0.1488 0
0.1489 0
0.149 0
0.1491 0
0.1492 0
0.1493 0
0.1494 0
0.1495 0
0.1496 0
0.1497 0
0.1498 0
0.1499 0
0.15 0
0.1501 0
0.1502 0
0.1503 0
0.1504 0
0.1505 0
0.1506 0
0.1507 0
0.1508 0
0.1509 0
0.151 0
0.1511 0
0.1512 0
0.1513 0
0.1514 0
0.1515 0
0.1516 0
0.1517 0
0.1518 0
0.1519 0
0.152 0
0.1521 0
0.1522 0
0.1523 0
0.1524 0
0.1525 0
0.1526 0
0.1527 0
0.1528 0
0.1529 0
0.153 0
0.1531 0
0.1532 0
0.1533 0
0.1534 0
0.1535 0
0.1536 0
0.1537 0
0.1538 0
0.1539 0
0.154 0
0.1541 0
0.1542 0
0.1543 0
0.1544 0
0.1545 0
0.1546 0
0.1547 0
0.1548 0
0.1549 0
0.155 0
0.1551 0
0.1552 0
0.1553 0
0.1554 0
0.1555 0
0.1556 0
0.1557 0
0.1558 0
0.1559 0
0.156 0
0.1561 0
0.1562 0
0.1563 0
0.1564 0
0.1565 0
0.1566 0
0.1567 0
0.1568 0
0.1569 0
0.157 0
0.1571 0
0.1572 0
0.1573 0
0.1574 0
0.1575 0
0.1576 0
0.1577 0
0.1578 0
0.1579 0
0.158 0
0.1581 0
0.1582 0
0.1583 0
0.1584 0
0.1585 0
0.1586 0
0.1587 0
0.1588 0
0.1589 0
0.159 0
0.1591 0
0.1592 0
0.1593 0
0.1594 0
0.1595 0
0.1596 0
0.1597 0
0.1598 0
0.1599 0
0.16 0
0.1601 0
0.1602 0
0.1603 0
0.1604 0
0.1605 0
0.1606 0
0.1607 0
0.1608 0
0.1609 0
0.161 0
0.1611 0
0.1612 0
0.1613 0
0.1614 0
0.1615 0
0.1616 0
0.1617 0
0.1618 0
0.1619 0
0.162 0
0.1621 0
0.1622 0
0.1623 0
0.1624 0
0.1625 0
0.1626 0
0.1627 0
0.1628 0
0.1629 0
0.163 0
0.1631 0
0.1632 0
0.1633 0
0.1634 0
0.1635 0
0.1636 0
0.1637 0
0.1638 0
0.1639 0
0.164 0
0.1641 0
0.1642 0
0.1643 0
0.1644 0
0.1645 0
0.1646 0
0.1647 0
0.1648 0
0.1649 0
0.165 0
0.1651 0
0.1652 0
0.1653 0
0.1654 0
0.1655 0
0.1656 0
0.1657 0
0.1658 0
0.1659 0
0.166 0
0.1661 0
0.1662 0
0.1663 0
0.1664 0
0.1665 0
0.1666 0
0.1667 0
0.1668 0
0.1669 0
0.167 0
0.1671 0
0.1672 0
0.1673 0
0.1674 0
0.1675 0
0.1676 0
0.1677 0
0.1678 0
0.1679 0
0.168 0
0.1681 0
0.1682 0
0.1683 0
0.1684 0
0.1685 0
0.1686 0
0.1687 0
0.1688 0
0.1689 0
0.169 0
0.1691 0
0.1692 0
0.1693 0
0.1694 0
0.1695 0
0.1696 0
0.1697 0
0.1698 0
0.1699 0
0.17 0
0.1701 0
0.1702 0
0.1703 0
0.1704 0
0.1705 0
0.1706 0
0.1707 0
0.1708 0
0.1709 0
0.171 0
0.1711 0
0.1712 0
0.1713 0
0.1714 0
0.1715 0
0.1716 0
0.1717 0
0.1718 0
0.1719 0
0.172 0
0.1721 0
0.1722 0
0.1723 0
0.1724 0
0.1725 0
0.1726 0
0.1727 0
0.1728 0
0.1729 0
0.173 0
0.1731 0
0.1732 0
0.1733 0
0.1734 0
0.1735 0
0.1736 0
0.1737 0
0.1738 0
0.1739 0
0.174 0
0.1741 0
0.1742 0
0.1743 0
0.1744 0
0.1745 5.48832e+006
0.1746 9.92934e+007
0.1747 1.34947e+008
0.1748 7.18759e+006
0.1749 -1.23181e+008
0.175 -9.06743e+007
0.1751 -6.19172e+006
0.1752 -636.342
0.1753 -657.601
0.1754 -678.859
0.1755 -700.117
0.1756 -721.374
0.1757 -742.63
0.1758 -763.886
0.1759 -785.142
0.176 -806.396
0.1761 -827.65
0.1762 -848.904
0.1763 -870.156
0.1764 -891.408
0.1765 -912.659
0.1766 -933.91
0.1767 -955.159
0.1768 -976.408
0.1769 -997.656
0.177 -1018.9
0.1771 -1040.15
0.1772 -1061.4
0.1773 -1082.64
0.1774 -1103.88
0.1775 -1125.13
0.1776 -1146.37
0.1777 -1167.61
0.1778 -1188.85
0.1779 -1210.09
0.178 -1231.33
0.1781 -1252.57
0.1782 -1273.8
0.1783 -1295.04
0.1784 -1316.27
0.1785 -1337.5
0.1786 -1358.74
0.1787 -1379.97
0.1788 -1401.2
0.1789 -1422.42
0.179 -1443.65
0.1791 -1464.88
0.1792 -1486.1
0.1793 -1507.33
0.1794 -1528.55
0.1795 -1549.77
0.1796 -1570.99
0.1797 -1592.21
0.1798 -1613.43
0.1799 -1634.64
0.18 -1655.86
0.1801 -1677.07
0.1802 -1698.28
0.1803 -1719.49
0.1804 -1740.7
0.1805 -1761.91
0.1806 -1783.12
0.1807 -1804.32
0.1808 -1825.53
0.1809 -1846.73
0.181 -1867.93
0.1811 -1889.13
0.1812 -1910.32
0.1813 -1931.52
0.1814 -1952.71
0.1815 -1973.91
0.1816 -1995.1
0.1817 -2016.29
0.1818 -2037.47
0.1819 -2058.66
0.182 -2079.85
0.1821 -2101.03
0.1822 -2122.21
0.1823 -2143.39
0.1824 -2164.57
0.1825 -2185.74
0.1826 -2206.92
0.1827 -2228.09
0.1828 -2249.26
0.1829 -2270.43
0.183 -2291.59
0.1831 -2312.76
0.1832 -2333.92
0.1833 -2355.08
0.1834 -2376.24
0.1835 -2397.4
0.1836 -2418.55
0.1837 -2439.71
0.1838 -2460.86
0.1839 -2482.01
0.184 -2503.15
0.1841 -2524.3
0.1842 -2545.44
0.1843 -2566.58
0.1844 -2587.72
0.1845 -2608.86
0.1846 -2629.99
0.1847 -2651.13
0.1848 -2672.26
0.1849 -2693.38
0.185 -2714.51
0.1851 -2735.63
0.1852 -2756.76
0.1853 -2777.87
0.1854 -2798.99
0.1855 -2820.11
0.1856 -2841.22
0.1857 -2862.33
0.1858 -2883.44
0.1859 -2904.54
0.186 -2925.64
0.1861 -2946.74
0.1862 -2967.84
0.1863 -2988.94
0.1864 -3010.03
0.1865 -3031.12
0.1866 -3052.21
0.1867 -3073.3
0.1868 -3094.38
0.1869 -3115.46
0.187 -3136.54
0.1871 -3157.62
0.1872 -3178.69
0.1873 -3199.76
0.1874 -3220.83
0.1875 -3241.89
0.1876 -3262.95
0.1877 -3284.01
0.1878 -3305.07
0.1879 -3326.13
0.188 -3347.18
0.1881 -3368.23
0.1882 -3389.27
0.1883 -3410.32
0.1884 -3431.36
0.1885 -3452.4
0.1886 -3473.43
0.1887 -3494.46
0.1888 -3515.49
0.1889 -3536.52
0.189 -3557.54
0.1891 -3578.57
0.1892 -3599.58
0.1893 -3620.6
0.1894 -3641.61
0.1895 -3662.62
0.1896 -3683.63
0.1897 -3704.63
0.1898 -3725.63
0.1899 -3746.63
0.19 -3767.62
0.1901 -3788.61
0.1902 -3809.6
0.1903 -3830.58
0.1904 -3851.56
0.1905 -3872.54
0.1906 -3893.52
0.1907 -3914.49
0.1908 -3935.46
0.1909 -3956.42
0.191 -3977.39
0.1911 -3998.35
0.1912 -4019.3
0.1913 -4040.25
0.1914 -4061.2
0.1915 -4082.15
0.1916 -4103.09
0.1917 -4124.03
0.1918 -4144.97
0.1919 -4165.9
0.192 -4186.83
0.1921 -4207.75
0.1922 -4228.68
0.1923 -4249.6
0.1924 -4270.51
0.1925 -4291.42
0.1926 -4312.33
0.1927 -4333.24
0.1928 -4354.14
0.1929 -4375.03
0.193 -4395.93
0.1931 -4416.82
0.1932 -4437.71
0.1933 -4458.59
0.1934 -4479.47
0.1935 -4500.35
0.1936 -4521.22
0.1937 -4542.09
0.1938 -4562.95
0.1939 -4583.81
0.194 -4604.67
0.1941 -4625.52
0.1942 -4646.37
0.1943 -4667.22
0.1944 -4688.06
0.1945 -4708.9
0.1946 -4729.74
0.1947 -4750.57
0.1948 -4771.39
0.1949 -4792.22
0.195 -4813.03
0.1951 -4833.85
0.1952 -4854.66
0.1953 -4875.47
0.1954 -4896.27
0.1955 -4917.07
0.1956 -4937.87
0.1957 -4958.66
0.1958 -4979.44
0.1959 -5000.23
0.196 -5021.01
0.1961 -5041.78
0.1962 -5062.55
0.1963 -5083.32
0.1964 -5104.08
0.1965 -5124.84
0.1966 -5145.59
0.1967 -5166.34
0.1968 -5187.09
0.1969 -5207.83
0.197 -5228.57
0.1971 -5249.3
0.1972 -5270.03
0.1973 -5290.75
0.1974 -5311.47
0.1975 -5332.19
0.1976 -5352.9
0.1977 -5373.61
0.1978 -5394.31
0.1979 -5415.01
0.198 -5435.7
0.1981 -5456.39
0.1982 -5477.08
0.1983 -5497.76
0.1984 -5518.43
0.1985 -5539.1
0.1986 -5559.77
0.1987 -5580.43
0.1988 -5601.09
0.1989 -5621.74
0.199 -5642.39
0.1991 -5663.04
0.1992 -5683.68
0.1993 -5704.31
0.1994 -5724.94
0.1995 -5745.57
0.1996 -5766.19
0.1997 -5786.8
0.1998 -5807.41
0.1999 -5828.02
0.2 -5848.62
0.2001 -5869.22
0.2002 -5889.81
0.2003 -5910.4
0.2004 -5930.98
0.2005 -5951.56
0.2006 -5972.13
0.2007 -5992.7
0.2008 -6013.26
0.2009 -6033.82
0.201 -6054.37
0.2011 -6074.92
0.2012 -6095.46
0.2013 -6116
0.2014 -6136.54
0.2015 -6157.06
0.2016 -6177.59
0.2017 -6198.11
0.2018 -6218.62
0.2019 -6239.13
0.202 -6259.63
0.2021 -6280.13
0.2022 -6300.62
0.2023 -6321.11
0.2024 -6341.59
0.2025 -6362.07
0.2026 -6382.54
0.2027 -6403.01
0.2028 -6423.47
0.2029 -6443.92
0.203 -6464.38
0.2031 -6484.82
0.2032 -6505.26
0.2033 -6525.7
0.2034 -6546.13
0.2035 -6566.55
0.2036 -6586.97
0.2037 -6607.38
0.2038 -6627.79
0.2039 -6648.2
0.204 -6668.59
0.2041 -6688.99
0.2042 -6709.37
0.2043 -6729.75
0.2044 -6750.13
0.2045 -6770.5
0.2046 -6790.86
0.2047 -6811.22
0.2048 -6831.58
0.2049 -6851.92
0.205 -6872.27
0.2051 -6892.6
0.2052 -6912.93
0.2053 -6933.26
0.2054 -6953.58
0.2055 -6973.89
0.2056 -6994.2
0.2057 -7014.5
0.2058 -7034.8
0.2059 -7055.09
0.206 -7075.38
0.2061 -7095.66
0.2062 -7115.93
0.2063 -7136.2
0.2064 -7156.46
0.2065 -7176.72
0.2066 -7196.97
0.2067 -7217.21
0.2068 -7237.45
0.2069 -7257.68
0.207 -7277.91
0.2071 -7298.13
0.2072 -7318.35
0.2073 -7338.55
0.2074 -7358.76
0.2075 -7378.95
0.2076 -7399.15
0.2077 -7419.33
0.2078 -7439.51
0.2079 -7459.68
0.208 -7479.85
0.2081 -7500.01
0.2082 -7520.16
0.2083 -7540.31
0.2084 -7560.45
0.2085 -7580.59
0.2086 -7600.72
0.2087 -7620.84
0.2088 -7640.96
0.2089 -7661.07
0.209 -7681.18
0.2091 -7701.27
0.2092 -7721.37
0.2093 -7741.45
0.2094 -7761.53
0.2095 -7781.61
0.2096 -7801.67
0.2097 -7821.73
0.2098 -7841.79
0.2099 -7861.83
0.21 -7881.88
0.2101 -7901.91
0.2102 -7921.94
0.2103 -7941.96
0.2104 -7961.98
0.2105 -7981.99
0.2106 -8001.99
0.2107 -8021.98
0.2108 -8041.97
0.2109 -8061.96
0.211 -8081.93
0.2111 -8101.9
0.2112 -8121.86
0.2113 -8141.82
0.2114 -8161.77
0.2115 -8181.71
0.2116 -8201.65
0.2117 -8221.58
0.2118 -8241.5
0.2119 -8261.42
0.212 -8281.33
0.2121 -8301.23
0.2122 -8321.13
0.2123 -8341.02
0.2124 -8360.9
0.2125 -8380.77
0.2126 -8400.64
0.2127 -8420.5
0.2128 -8440.36
0.2129 -8460.21
0.213 -8480.05
0.2131 -8499.88
0.2132 -8519.71
0.2133 -8539.53
0.2134 -8559.34
0.2135 -8579.15
0.2136 -8598.95
0.2137 -8618.74
0.2138 -8638.52
0.2139 -8658.3
0.214 -8678.07
0.2141 -8697.84
0.2142 -8717.59
0.2143 -8737.34
0.2144 -8757.09
0.2145 -8776.82
0.2146 -8796.55
0.2147 -8816.27
0.2148 -8835.99
0.2149 -8855.69
0.215 -8875.39
0.2151 -8895.08
0.2152 -8914.77
0.2153 -8934.45
0.2154 -8954.12
0.2155 -8973.78
0.2156 -8993.44
0.2157 -9013.08
0.2158 -9032.72
0.2159 -9052.36
0.216 -9071.98
0.2161 -9091.6
0.2162 -9111.21
0.2163 -9130.82
0.2164 -9150.41
0.2165 -9170
0.2166 -9189.59
0.2167 -9209.16
0.2168 -9228.73
0.2169 -9248.28
0.217 -9267.84
0.2171 -9287.38
0.2172 -9306.92
0.2173 -9326.44
0.2174 -9345.97
0.2175 -9365.48
0.2176 -9384.98
0.2177 -9404.48
0.2178 -9423.97
0.2179 -9443.46
0.218 -9462.93
0.2181 -9482.4
0.2182 -9501.86
0.2183 -9521.31
0.2184 -9540.75
0.2185 -9560.19
0.2186 -9579.62
0.2187 -9599.04
0.2188 -9618.45
0.2189 -9637.85
0.219 -9657.25
0.2191 -9676.64
0.2192 -9696.02
0.2193 -9715.39
0.2194 -9734.76
0.2195 -9754.12
0.2196 -9773.47
0.2197 -9792.81
0.2198 -9812.14
0.2199 -9831.47
0.22 -9850.78
0.2201 -9870.09
0.2202 -9889.39
0.2203 -9908.69
0.2204 -9927.97
0.2205 -9947.25
0.2206 -9966.52
0.2207 -9985.78
0.2208 -10005
0.2209 -10024.3
0.221 -10043.5
0.2211 -10062.7
0.2212 -10082
0.2213 -10101.2
0.2214 -10120.4
0.2215 -10139.6
0.2216 -10158.8
0.2217 -10177.9
0.2218 -10197.1
0.2219 -10216.3
0.222 -10235.4
0.2221 -10254.6
0.2222 -10273.7
0.2223 -10292.8
0.2224 -10311.9
0.2225 -10331.1
0.2226 -10350.2
0.2227 -10369.3
0.2228 -10388.3
0.2229 -10407.4
0.223 -10426.5
0.2231 -10445.6
0.2232 -10464.6
0.2233 -10483.6
0.2234 -10502.7
0.2235 -10521.7
0.2236 -10540.7
0.2237 -10559.7
0.2238 -10578.7
0.2239 -10597.7
0.224 -10616.7
0.2241 -10635.7
0.2242 -10654.6
0.2243 -10673.6
0.2244 -10692.6
0.2245 -10711.5
0.2246 -10730.4
0.2247 -10749.3
0.2248 -10768.3
0.2249 -10787.2
0.225 -10806.1
0.2251 -10824.9
0.2252 -10843.8
0.2253 -10862.7
0.2254 -10881.6
0.2255 -10900.4
0.2256 -10919.3
0.2257 -10938.1
0.2258 -10956.9
0.2259 -10975.7
0.226 -10994.5
0.2261 -11013.3
0.2262 -11032.1
0.2263 -11050.9
0.2264 -11069.7
0.2265 -11088.4
0.2266 -11107.2
0.2267 -11125.9
0.2268 -11144.7
0.2269 -11163.4
0.227 -11182.1
0.2271 -11200.8
0.2272 -11219.5
0.2273 -11238.2
0.2274 -11256.9
0.2275 -11275.5
0.2276 -11294.2
0.2277 -11312.9
0.2278 -11331.5
0.2279 -11350.1
0.228 -11368.8
0.2281 -11387.4
0.2282 -11406
0.2283 -11424.6
0.2284 -11443.2
0.2285 -11461.7
0.2286 -11480.3
0.2287 -11498.9
0.2288 -11517.4
0.2289 -11536
0.229 -11554.5
0.2291 -11573
0.2292 -11591.5
0.2293 -11610
0.2294 -11628.5
0.2295 -11647
0.2296 -11665.5
0.2297 -11683.9
0.2298 -11702.4
0.2299 -11720.8
0.23 -11739.3
0.2301 -11757.7
0.2302 -11776.1
0.2303 -11794.5
0.2304 -11812.9
0.2305 -11831.3
0.2306 -11849.7
0.2307 -11868.1
0.2308 -11886.4
0.2309 -11904.8
0.231 -11923.1
0.2311 -11941.4
0.2312 -11959.8
0.2313 -11978.1
0.2314 -11996.4
0.2315 -12014.7
0.2316 -12032.9
0.2317 -12051.2
0.2318 -12069.5
0.2319 -12087.7
0.232 -12106
0.2321 -12124.2
0.2322 -12142.4
0.2323 -12160.6
0.2324 -12178.8
0.2325 -12197
0.2326 -12215.2
0.2327 -12233.4
0.2328 -12251.5
0.2329 -12269.7
0.233 -12287.8
0.2331 -12305.9
0.2332 -12324.1
0.2333 -12342.2
0.2334 -12360.3
0.2335 -12378.4
0.2336 -12396.5
0.2337 -12414.5
0.2338 -12432.6
0.2339 -12450.6
0.234 -12468.7
0.2341 -12486.7
0.2342 -12504.7
0.2343 -12522.7
0.2344 -12540.7
0.2345 -12558.7
0.2346 -12576.7
0.2347 -12594.7
0.2348 -12612.6
0.2349 -12630.6
0.235 -12648.5
0.2351 -12666.4
0.2352 -12684.4
0.2353 -12702.3
0.2354 -12720.2
0.2355 -12738.1
0.2356 -12755.9
0.2357 -12773.8
0.2358 -12791.6
0.2359 -12809.5
0.236 -12827.3
0.2361 -12845.2
0.2362 -12863
0.2363 -12880.8
0.2364 -12898.6
0.2365 -12916.3
0.2366 -12934.1
0.2367 -12951.9
0.2368 -12969.6
0.2369 -12987.4
0.237 -13005.1
0.2371 -13022.8
0.2372 -13040.5
0.2373 -13058.2
0.2374 -13075.9
0.2375 -13093.6
0.2376 -13111.2
0.2377 -13128.9
0.2378 -13146.5
0.2379 -13164.2
0.238 -13181.8
0.2381 -13199.4
0.2382 -13217
0.2383 -13234.6
0.2384 -13252.2
0.2385 -13269.7
0.2386 -13287.3
0.2387 -13304.8
0.2388 -13322.4
0.2389 -13339.9
0.239 -13357.4
0.2391 -13374.9
0.2392 -13392.4
0.2393 -13409.9
0.2394 -13427.4
0.2395 -13444.8
0.2396 -13462.3
0.2397 -13479.7
0.2398 -13497.1
0.2399 -13514.5
0.24 -13531.9
0.2401 -13549.3
0.2402 -13566.7
0.2403 -13584.1
0.2404 -13601.4
0.2405 -13618.8
0.2406 -13636.1
0.2407 -13653.5
0.2408 -13670.8
0.2409 -13688.1
0.241 -13705.4
0.2411 -13722.6
0.2412 -13739.9
0.2413 -13757.2
0.2414 -13774.4
0.2415 -13791.7
0.2416 -13808.9
0.2417 -13826.1
0.2418 -13843.3
0.2419 -13860.5
0.242 -13877.7
0.2421 -13894.8
0.2422 -13912
0.2423 -13929.1
0.2424 -13946.3
0.2425 -13963.4
0.2426 -13980.5
0.2427 -13997.6
0.2428 -14014.7
0.2429 -14031.8
0.243 -14048.8
0.2431 -14065.9
0.2432 -14082.9
0.2433 -14100
0.2434 -14117
0.2435 -14134
0.2436 -14151
0.2437 -14168
0.2438 -14185
0.2439 -14201.9
0.244 -14218.9
0.2441 -14235.8
0.2442 -14252.7
0.2443 -14269.6
0.2444 -14286.5
0.2445 -14303.4
0.2446 -14320.3
0.2447 -14337.2
0.2448 -14354
0.2449 -14370.9
0.245 -14387.7
0.2451 -14404.5
0.2452 -14421.4
0.2453 -14438.2
0.2454 -14454.9
0.2455 -14471.7
0.2456 -14488.5
0.2457 -14505.2
0.2458 -14522
0.2459 -14538.7
0.246 -14555.4
0.2461 -14572.1
0.2462 -14588.8
0.2463 -14605.5
0.2464 -14622.2
0.2465 -14638.8
0.2466 -14655.5
0.2467 -14672.1
0.2468 -14688.7
0.2469 -14705.3
0.247 -14721.9
0.2471 -14738.5
0.2472 -14755.1
0.2473 -14771.6
0.2474 -14788.2
0.2475 -14804.7
0.2476 -14821.2
0.2477 -14837.7
0.2478 -14854.2
0.2479 -14870.7
0.248 -14887.2
0.2481 -14903.7
0.2482 -14920.1
0.2483 -14936.6
0.2484 -14953
0.2485 -14969.4
0.2486 -14985.8
0.2487 -15002.2
0.2488 -15018.6
0.2489 -15034.9
0.249 -15051.3
0.2491 -15067.6
0.2492 -15084
0.2493 -15100.3
0.2494 -15116.6
0.2495 -15132.9
0.2496 -15149.1
0.2497 -15165.4
0.2498 -15181.7
0.2499 -15197.9
0.25 -15214.1
0.2501 -15230.4
0.2502 -15246.6
0.2503 -15262.8
0.2504 -15278.9
0.2505 -15295.1
0.2506 -15311.3
0.2507 -15327.4
0.2508 -15343.5
0.2509 -15359.6
0.251 -15375.7
0.2511 -15391.8
0.2512 -15407.9
0.2513 -15424
0.2514 -15440
0.2515 -15456.1
0.2516 -15472.1
0.2517 -15488.1
0.2518 -15504.1
0.2519 -15520.1
0.252 -15536.1
0.2521 -15552.1
0.2522 -15568
0.2523 -15584
0.2524 -15599.9
0.2525 -15615.8
0.2526 -15631.7
0.2527 -15647.6
0.2528 -15663.5
0.2529 -15679.3
0.253 -15695.2
0.2531 -15711
0.2532 -15726.8
0.2533 -15742.7
0.2534 -15758.5
0.2535 -15774.2
0.2536 -15790
0.2537 -15805.8
0.2538 -15821.5
0.2539 -15837.3
0.254 -15853
0.2541 -15868.7
0.2542 -15884.4
0.2543 -15900.1
0.2544 -15915.7
0.2545 -15931.4
0.2546 -15947
0.2547 -15962.7
0.2548 -15978.3
0.2549 -15993.9
0.255 -16009.5
0.2551 -16025.1
0.2552 -16040.6
0.2553 -16056.2
0.2554 -16071.7
0.2555 -16087.3
0.2556 -16102.8
0.2557 -16118.3
0.2558 -16133.8
0.2559 -16149.2
0.256 -16164.7
0.2561 -16180.1
0.2562 -16195.6
0.2563 -16211
0.2564 -16226.4
0.2565 -16241.8
0.2566 -16257.2
0.2567 -16272.5
0.2568 -16287.9
0.2569 -16303.2
0.257 -16318.6
0.2571 -16333.9
0.2572 -16349.2
0.2573 -16364.5
0.2574 -16379.8
0.2575 -16395
0.2576 -16410.3
0.2577 -16425.5
0.2578 -16440.7
0.2579 -16455.9
0.258 -16471.1
0.2581 -16486.3
0.2582 -16501.5
0.2583 -16516.6
0.2584 -16531.8
0.2585 -16546.9
0.2586 -16562
0.2587 -16577.1
0.2588 -16592.2
0.2589 -16607.3
0.259 -16622.3
0.2591 -16637.4
0.2592 -16652.4
0.2593 -16667.4
0.2594 -16682.4
0.2595 -16697.4
0.2596 -16712.4
0.2597 -16727.4
0.2598 -16742.3
0.2599 -16757.2
0.26 -16772.2
0.2601 -16787.1
0.2602 -16802
0.2603 -16816.8
0.2604 -16831.7
0.2605 -16846.6
0.2606 -16861.4
0.2607 -16876.2
0.2608 -16891.1
0.2609 -16905.8
0.261 -16920.6
0.2611 -16935.4
0.2612 -16950.2
0.2613 -16964.9
0.2614 -16979.6
0.2615 -16994.4
0.2616 -17009.1
0.2617 -17023.7
0.2618 -17038.4
0.2619 -17053.1
0.262 -17067.7
0.2621 -17082.4
0.2622 -17097
0.2623 -17111.6
0.2624 -17126.2
0.2625 -17140.8
0.2626 -17155.3
0.2627 -17169.9
0.2628 -17184.4
0.2629 -17198.9
0.263 -17213.4
0.2631 -17227.9
0.2632 -17242.4
0.2633 -17256.9
0.2634 -17271.3
0.2635 -17285.7
0.2636 -17300.2
0.2637 -17314.6
0.2638 -17329
0.2639 -17343.3
0.264 -17357.7
0.2641 -17372.1
0.2642 -17386.4
0.2643 -17400.7
0.2644 -17415
0.2645 -17429.3
0.2646 -17443.6
0.2647 -17457.9
0.2648 -17472.1
0.2649 -17486.4
0.265 -17500.6
0.2651 -17514.8
0.2652 -17529
0.2653 -17543.2
0.2654 -17557.3
0.2655 -17571.5
0.2656 -17585.6
0.2657 -17599.8
0.2658 -17613.9
0.2659 -17628
0.266 -17642
0.2661 -17656.1
0.2662 -17670.2
0.2663 -17684.2
0.2664 -17698.2
0.2665 -17712.2
0.2666 -17726.2
0.2667 -17740.2
0.2668 -17754.2
0.2669 -17768.1
0.267 -17782
0.2671 -17796
0.2672 -17809.9
0.2673 -17823.8
0.2674 -17837.6
0.2675 -17851.5
0.2676 -17865.3
0.2677 -17879.2
0.2678 -17893
0.2679 -17906.8
0.268 -17920.6
0.2681 -17934.4
0.2682 -17948.1
0.2683 -17961.9
0.2684 -17975.6
0.2685 -17989.3
0.2686 -18003
0.2687 -18016.7
0.2688 -18030.4
0.2689 -18044
0.269 -18057.7
0.2691 -18071.3
0.2692 -18084.9
0.2693 -18098.5
0.2694 -18112.1
0.2695 -18125.7
0.2696 -18139.2
0.2697 -18152.8
0.2698 -18166.3
0.2699 -18179.8
0.27 -18193.3
0.2701 -18206.8
0.2702 -18220.2
0.2703 -18233.7
0.2704 -18247.1
0.2705 -18260.5
0.2706 -18273.9
0.2707 -18287.3
0.2708 -18300.7
0.2709 -18314.1
0.271 -18327.4
0.2711 -18340.7
0.2712 -18354.1
0.2713 -18367.4
0.2714 -18380.7
0.2715 -18393.9
0.2716 -18407.2
0.2717 -18420.4
0.2718 -18433.6
0.2719 -18446.9
0.272 -18460
0.2721 -18473.2
0.2722 -18486.4
0.2723 -18499.5
0.2724 -18512.7
0.2725 -18525.8
0.2726 -18538.9
0.2727 -18552
0.2728 -18565.1
0.2729 -18578.1
0.273 -18591.2
0.2731 -18604.2
0.2732 -18617.2
0.2733 -18630.2
0.2734 -18643.2
0.2735 -18656.2
0.2736 -18669.1
0.2737 -18682.1
0.2738 -18695
0.2739 -18707.9
0.274 -18720.8
0.2741 -18733.7
0.2742 -18746.5
0.2743 -18759.4
0.2744 -18772.2
0.2745 -18785
0.2746 -18797.8
0.2747 -18810.6
0.2748 -18823.4
0.2749 -18836.1
0.275 -18848.9
0.2751 -18861.6
0.2752 -18874.3
0.2753 -18887
0.2754 -18899.7
0.2755 -18912.3
0.2756 -18925
0.2757 -18937.6
0.2758 -18950.2
0.2759 -18962.8
0.276 -18975.4
0.2761 -18988
0.2762 -19000.5
0.2763 -19013
0.2764 -19025.6
0.2765 -19038.1
0.2766 -19050.6
0.2767 -19063
0.2768 -19075.5
0.2769 -19087.9
0.277 -19100.4
0.2771 -19112.8
0.2772 -19125.2
0.2773 -19137.6
0.2774 -19149.9
0.2775 -19162.3
0.2776 -19174.6
0.2777 -19186.9
0.2778 -19199.2
0.2779 -19211.5
0.278 -19223.8
0.2781 -19236.1
0.2782 -19248.3
0.2783 -19260.5
0.2784 -19272.7
0.2785 -19284.9
0.2786 -19297.1
0.2787 -19309.3
0.2788 -19321.4
0.2789 -19333.5
0.279 -19345.7
0.2791 -19357.8
0.2792 -19369.8
0.2793 -19381.9
0.2794 -19394
0.2795 -19406
0.2796 -19418
0.2797 -19430
0.2798 -19442
0.2799 -19454
0.28 -19465.9
0.2801 -19477.9
0.2802 -19489.8
0.2803 -19501.7
0.2804 -19513.6
0.2805 -19525.5
0.2806 -19537.3
0.2807 -19549.2
0.2808 -19561
0.2809 -19572.8
0.281 -19584.6
0.2811 -19596.4
0.2812 -19608.2
0.2813 -19619.9
0.2814 -19631.7
0.2815 -19643.4
0.2816 -19655.1
0.2817 -19666.8
0.2818 -19678.4
0.2819 -19690.1
0.282 -19701.7
0.2821 -19713.3
0.2822 -19724.9
0.2823 -19736.5
0.2824 -19748.1
0.2825 -19759.7
0.2826 -19771.2
0.2827 -19782.7
0.2828 -19794.2
0.2829 -19805.7
0.283 -19817.2
0.2831 -19828.6
0.2832 -19840.1
0.2833 -19851.5
0.2834 -19862.9
0.2835 -19874.3
0.2836 -19885.7
0.2837 -19897.1
0.2838 -19908.4
0.2839 -19919.7
0.284 -19931.1
0.2841 -19942.3
0.2842 -19953.6
0.2843 -19964.9
0.2844 -19976.1
0.2845 -19987.4
0.2846 -19998.6
0.2847 -20009.8
0.2848 -20021
0.2849 -20032.1
0.285 -20043.3
0.2851 -20054.4
0.2852 -20065.5
0.2853 -20076.6
0.2854 -20087.7
0.2855 -20098.8
0.2856 -20109.8
0.2857 -20120.9
0.2858 -20131.9
0.2859 -20142.9
0.286 -20153.9
0.2861 -20164.8
0.2862 -20175.8
0.2863 -20186.7
0.2864 -20197.7
0.2865 -20208.6
0.2866 -20219.4
0.2867 -20230.3
0.2868 -20241.2
0.2869 -20252
0.287 -20262.8
0.2871 -20273.6
0.2872 -20284.4
0.2873 -20295.2
0.2874 -20305.9
0.2875 -20316.7
0.2876 -20327.4
0.2877 -20338.1
0.2878 -20348.8
0.2879 -20359.5
0.288 -20370.1
0.2881 -20380.8
0.2882 -20391.4
0.2883 -20402
0.2884 -20412.6
0.2885 -20423.2
0.2886 -20433.7
0.2887 -20444.2
0.2888 -20454.8
0.2889 -20465.3
0.289 -20475.8
0.2891 -20486.2
0.2892 -20496.7
0.2893 -20507.1
0.2894 -20517.5
0.2895 -20527.9
0.2896 -20538.3
0.2897 -20548.7
0.2898 -20559.1
0.2899 -20569.4
0.29 -20579.7
0.2901 -20590
0.2902 -20600.3
0.2903 -20610.6
0.2904 -20620.8
0.2905 -20631.1
0.2906 -20641.3
0.2907 -20651.5
0.2908 -20661.7
0.2909 -20671.8
0.291 -20682
0.2911 -20692.1
0.2912 -20702.3
0.2913 -20712.4
0.2914 -20722.4
0.2915 -20732.5
0.2916 -20742.6
0.2917 -20752.6
0.2918 -20762.6
0.2919 -20772.6
0.292 -20782.6
0.2921 -20792.6
0.2922 -20802.5
0.2923 -20812.4
0.2924 -20822.4
0.2925 -20832.2
0.2926 -20842.1
0.2927 -20852
0.2928 -20861.8
0.2929 -20871.7
0.293 -20881.5
0.2931 -20891.3
0.2932 -20901.1
0.2933 -20910.8
0.2934 -20920.6
0.2935 -20930.3
0.2936 -20940
0.2937 -20949.7
0.2938 -20959.4
0.2939 -20969
0.294 -20978.7
0.2941 -20988.3
0.2942 -20997.9
0.2943 -21007.5
0.2944 -21017.1
0.2945 -21026.6
0.2946 -21036.2
0.2947 -21045.7
0.2948 -21055.2
0.2949 -21064.7
0.295 -21074.1
0.2951 -21083.6
0.2952 -21093
0.2953 -21102.5
0.2954 -21111.9
0.2955 -21121.2
0.2956 -21130.6
0.2957 -21140
0.2958 -21149.3
0.2959 -21158.6
0.296 -21167.9
0.2961 -21177.2
0.2962 -21186.4
0.2963 -21195.7
0.2964 -21204.9
0.2965 -21214.1
0.2966 -21223.3
0.2967 -21232.5
0.2968 -21241.7
0.2969 -21250.8
0.297 -21259.9
0.2971 -21269
0.2972 -21278.1
0.2973 -21287.2
0.2974 -21296.3
0.2975 -21305.3
0.2976 -21314.3
0.2977 -21323.3
0.2978 -21332.3
0.2979 -21341.3
0.298 -21350.2
0.2981 -21359.2
0.2982 -21368.1
0.2983 -21377
0.2984 -21385.8
0.2985 -21394.7
0.2986 -21403.6
0.2987 -21412.4
0.2988 -21421.2
0.2989 -21430
0.299 -21438.8
0.2991 -21447.5
0.2992 -21456.3
0.2993 -21465
0.2994 -21473.7
0.2995 -21482.4
0.2996 -21491.1
0.2997 -21499.7
0.2998 -21508.3
0.2999 -21517
0.3 -21525.6
0.3001 -21534.1
0.3002 -21542.7
0.3003 -21551.3
0.3004 -21559.8
0.3005 -21568.3
0.3006 -21576.8
0.3007 -21585.3
0.3008 -21593.7
0.3009 -21602.2
0.301 -21610.6
0.3011 -21619
0.3012 -21627.4
0.3013 -21635.8
0.3014 -21644.1
0.3015 -21652.5
0.3016 -21660.8
0.3017 -21669.1
0.3018 -21677.4
0.3019 -21685.6
0.302 -21693.9
0.3021 -21702.1
0.3022 -21710.3
0.3023 -21718.5
0.3024 -21726.7
0.3025 -21734.8
0.3026 -21743
0.3027 -21751.1
0.3028 -21759.2
0.3029 -21767.3
0.303 -21775.4
0.3031 -21783.4
0.3032 -21791.5
0.3033 -21799.5
0.3034 -21807.5
0.3035 -21815.5
0.3036 -21823.4
0.3037 -21831.4
0.3038 -21839.3
0.3039 -21847.2
0.304 -21855.1
0.3041 -21863
0.3042 -21870.8
0.3043 -21878.7
0.3044 -21886.5
0.3045 -21894.3
0.3046 -21902.1
0.3047 -21909.8
0.3048 -21917.6
0.3049 -21925.3
0.305 -21933
0.3051 -21940.7
0.3052 -21948.4
0.3053 -21956.1
0.3054 -21963.7
0.3055 -21971.3
0.3056 -21978.9
0.3057 -21986.5
0.3058 -21994.1
0.3059 -22001.6
0.306 -22009.2
0.3061 -22016.7
0.3062 -22024.2
0.3063 -22031.7
0.3064 -22039.1
0.3065 -22046.6
0.3066 -22054
0.3067 -22061.4
0.3068 -22068.8
0.3069 -22076.2
0.307 -22083.5
0.3071 -22090.9
0.3072 -22098.2
0.3073 -22105.5
0.3074 -22112.8
0.3075 -22120
0.3076 -22127.3
0.3077 -22134.5
0.3078 -22141.7
0.3079 -22148.9
0.308 -22156.1
0.3081 -22163.2
0.3082 -22170.4
0.3083 -22177.5
0.3084 -22184.6
0.3085 -22191.7
0.3086 -22198.7
0.3087 -22205.8
0.3088 -22212.8
0.3089 -22219.8
0.309 -22226.8
0.3091 -22233.8
0.3092 -22240.8
0.3093 -22247.7
0.3094 -22254.6
0.3095 -22261.5
0.3096 -22268.4
0.3097 -22275.3
0.3098 -22282.1
0.3099 -22288.9
0.31 -22295.7
0.3101 -22302.5
0.3102 -22309.3
0.3103 -22316.1
0.3104 -22322.8
0.3105 -22329.5
0.3106 -22336.2
0.3107 -22342.9
0.3108 -22349.6
0.3109 -22356.2
0.311 -22362.8
0.3111 -22369.5
0.3112 -22376
0.3113 -22382.6
0.3114 -22389.2
0.3115 -22395.7
0.3116 -22402.2
0.3117 -22408.7
0.3118 -22415.2
0.3119 -22421.7
0.312 -22428.1
0.3121 -22434.6
0.3122 -22441
0.3123 -22447.4
0.3124 -22453.7
0.3125 -22460.1
0.3126 -22466.4
0.3127 -22472.7
0.3128 -22479
0.3129 -22485.3
0.313 -22491.6
0.3131 -22497.8
0.3132 -22504
0.3133 -22510.2
0.3134 -22516.4
0.3135 -22522.6
0.3136 -22528.8
0.3137 -22534.9
0.3138 -22541
0.3139 -22547.1
0.314 -22553.2
0.3141 -22559.2
0.3142 -22565.3
0.3143 -22571.3
0.3144 -22577.3
0.3145 -22583.3
0.3146 -22589.3
0.3147 -22595.2
0.3148 -22601.1
0.3149 -22607.1
0.315 -22612.9
0.3151 -22618.8
0.3152 -22624.7
0.3153 -22630.5
0.3154 -22636.3
0.3155 -22642.1
0.3156 -22647.9
0.3157 -22653.7
0.3158 -22659.4
0.3159 -22665.2
0.316 -22670.9
0.3161 -22676.6
0.3162 -22682.2
0.3163 -22687.9
0.3164 -22693.5
0.3165 -22699.1
0.3166 -22704.7
0.3167 -22710.3
0.3168 -22715.9
0.3169 -22721.4
0.317 -22726.9
0.3171 -22732.4
0.3172 -22737.9
0.3173 -22743.4
0.3174 -22748.8
0.3175 -22754.3
0.3176 -22759.7
0.3177 -22765.1
0.3178 -22770.5
0.3179 -22775.8
0.318 -22781.2
0.3181 -22786.5
0.3182 -22791.8
0.3183 -22797.1
0.3184 -22802.3
0.3185 -22807.6
0.3186 -22812.8
0.3187 -22818
0.3188 -22823.2
0.3189 -22828.4
0.319 -22833.5
0.3191 -22838.6
0.3192 -22843.8
0.3193 -22848.8
0.3194 -22853.9
0.3195 -22859
0.3196 -22864
0.3197 -22869
0.3198 -22874
0.3199 -22879
0.32 -22884
0.3201 -22888.9
0.3202 -22893.9
0.3203 -22898.8
0.3204 -22903.7
0.3205 -22908.5
0.3206 -22913.4
0.3207 -22918.2
0.3208 -22923
0.3209 -22927.8
0.321 -22932.6
0.3211 -22937.4
0.3212 -22942.1
0.3213 -22946.8
0.3214 -22951.5
0.3215 -22956.2
0.3216 -22960.9
0.3217 -22965.5
0.3218 -22970.2
0.3219 -22974.8
0.322 -22979.4
0.3221 -22983.9
0.3222 -22988.5
0.3223 -22993
0.3224 -22997.5
0.3225 -23002
0.3226 -23006.5
0.3227 -23011
0.3228 -23015.4
0.3229 -23019.8
0.323 -23024.2
0.3231 -23028.6
0.3232 -23033
0.3233 -23037.3
0.3234 -23041.7
0.3235 -23046
0.3236 -23050.3
0.3237 -23054.5
0.3238 -23058.8
0.3239 -23063
0.324 -23067.2
0.3241 -23071.4
0.3242 -23075.6
0.3243 -23079.8
0.3244 -23083.9
0.3245 -23088
0.3246 -23092.1
0.3247 -23096.2
0.3248 -23100.3
0.3249 -23104.3
0.325 -23108.3
0.3251 -23112.3
0.3252 -23116.3
0.3253 -23120.3
0.3254 -23124.3
0.3255 -23128.2
0.3256 -23132.1
0.3257 -23136
0.3258 -23139.9
0.3259 -23143.7
0.326 -23147.6
0.3261 -23151.4
0.3262 -23155.2
0.3263 -23159
0.3264 -23162.7
0.3265 -23166.5
0.3266 -23170.2
0.3267 -23173.9
0.3268 -23177.6
0.3269 -23181.2
0.327 -23184.9
0.3271 -23188.5
0.3272 -23192.1
0.3273 -23195.7
0.3274 -23199.3
0.3275 -23202.9
0.3276 -23206.4
0.3277 -23209.9
0.3278 -23213.4
0.3279 -23216.9
0.328 -23220.3
0.3281 -23223.8
0.3282 -23227.2
0.3283 -23230.6
0.3284 -23234
0.3285 -23237.3
0.3286 -23240.7
0.3287 -23244
0.3288 -23247.3
0.3289 -23250.6
0.329 -23253.9
0.3291 -23257.1
0.3292 -23260.4
0.3293 -23263.6
0.3294 -23266.8
0.3295 -23269.9
0.3296 -23273.1
0.3297 -23276.2
0.3298 -23279.3
0.3299 -23282.4
0.33 -23285.5
0.3301 -23288.6
0.3302 -23291.6
0.3303 -23294.6
0.3304 -23297.6
0.3305 -23300.6
0.3306 -23303.6
0.3307 -23306.5
0.3308 -23309.5
0.3309 -23312.4
0.331 -23315.3
0.3311 -23318.1
0.3312 -23321
0.3313 -23323.8
0.3314 -23326.6
0.3315 -23329.4
0.3316 -23332.2
0.3317 -23335
0.3318 -23337.7
0.3319 -23340.4
0.332 -23343.1
0.3321 -23345.8
0.3322 -23348.4
0.3323 -23351.1
0.3324 -23353.7
0.3325 -23356.3
0.3326 -23358.9
0.3327 -23361.5
0.3328 -23364
0.3329 -23366.5
0.333 -23369
0.3331 -23371.5
0.3332 -23374
0.3333 -23376.4
0.3334 -23378.9
0.3335 -23381.3
0.3336 -23383.7
0.3337 -23386.1
0.3338 -23388.4
0.3339 -23390.7
0.334 -23393.1
0.3341 -23395.4
0.3342 -23397.6
0.3343 -23399.9
0.3344 -23402.1
0.3345 -23404.4
0.3346 -23406.6
0.3347 -23408.7
0.3348 -23410.9
0.3349 -23413.1
0.335 -23415.2
0.3351 -23417.3
0.3352 -23419.4
0.3353 -23421.4
0.3354 -23423.5
0.3355 -23425.5
0.3356 -23427.5
0.3357 -23429.5
0.3358 -23431.5
0.3359 -23433.4
0.336 -23435.4
0.3361 -23437.3
0.3362 -23439.2
0.3363 -23441.1
0.3364 -23442.9
0.3365 -23444.8
0.3366 -23446.6
0.3367 -23448.4
0.3368 -23450.2
0.3369 -23451.9
0.337 -23453.7
0.3371 -23455.4
0.3372 -23457.1
0.3373 -23458.8
0.3374 -23460.5
0.3375 -23462.1
0.3376 -23463.7
0.3377 -23465.3
0.3378 -23466.9
0.3379 -23468.5
0.338 -23470
0.3381 -23471.6
0.3382 -23473.1
0.3383 -23474.6
0.3384 -23476.1
0.3385 -23477.5
0.3386 -23479
0.3387 -23480.4
0.3388 -23481.8
0.3389 -23483.1
0.339 -23484.5
0.3391 -23485.8
0.3392 -23487.2
0.3393 -23488.5
0.3394 -23489.8
0.3395 -23491
0.3396 -23492.3
0.3397 -23493.5
0.3398 -23494.7
0.3399 -23495.9
0.34 -23497
0.3401 -23498.2
0.3402 -23499.3
0.3403 -23500.4
0.3404 -23501.5
0.3405 -23502.6
0.3406 -23503.6
0.3407 -23504.7
0.3408 -23505.7
0.3409 -23506.7
0.341 -23507.7
0.3411 -23508.6
0.3412 -23509.6
0.3413 -23510.5
0.3414 -23511.4
0.3415 -23512.3
0.3416 -23513.1
0.3417 -23514
0.3418 -23514.8
0.3419 -23515.6
0.342 -23516.4
0.3421 -23517.1
0.3422 -23517.9
0.3423 -23518.6
0.3424 -23519.3
0.3425 -23520
0.3426 -23520.7
0.3427 -23521.3
0.3428 -23522
0.3429 -23522.6
0.343 -23523.2
0.3431 -23523.7
0.3432 -23524.3
0.3433 -23524.8
0.3434 -23525.3
0.3435 -23525.8
0.3436 -23526.3
0.3437 -23526.8
0.3438 -23527.2
0.3439 -23527.6
0.344 -23528
0.3441 -23528.4
0.3442 -23528.8
0.3443 -23529.1
0.3444 -23529.4
0.3445 -23529.7
0.3446 -23530
0.3447 -23530.3
0.3448 -23530.5
0.3449 -23530.8
0.345 -23531
0.3451 -23531.1
0.3452 -23531.3
0.3453 -23531.5
0.3454 -23531.6
0.3455 -23531.7
0.3456 -23531.8
0.3457 -23531.9
0.3458 -23531.9
0.3459 -23532
0.346 -23532
0.3461 -23532
0.3462 -23532
0.3463 -23531.9
0.3464 -23531.8
0.3465 -23531.8
0.3466 -23531.7
0.3467 -23531.5
0.3468 -23531.4
0.3469 -23531.3
0.347 -23531.1
0.3471 -23530.9
0.3472 -23530.7
0.3473 -23530.4
0.3474 -23530.2
0.3475 -23529.9
0.3476 -23529.6
0.3477 -23529.3
0.3478 -23529
0.3479 -23528.6
0.348 -23528.3
0.3481 -23527.9
0.3482 -23527.5
0.3483 -23527
0.3484 -23526.6
0.3485 -23526.1
0.3486 -23525.6
0.3487 -23525.1
0.3488 -23524.6
0.3489 -23524.1
0.349 -23523.5
0.3491 -23522.9
0.3492 -23522.3
0.3493 -23521.7
0.3494 -23521.1
0.3495 -23520.4
0.3496 -23519.7
0.3497 -23519
0.3498 -23518.3
0.3499 -23517.6
0.35 -23516.8
0.3501 -23516.1
0.3502 -23515.3
0.3503 -23514.5
0.3504 -23513.6
0.3505 -23512.8
0.3506 -23511.9
0.3507 -23511
0.3508 -23510.1
0.3509 -23509.2
0.351 -23508.3
0.3511 -23507.3
0.3512 -23506.3
0.3513 -23505.3
0.3514 -23504.3
0.3515 -23503.2
0.3516 -23502.2
0.3517 -23501.1
0.3518 -23500
0.3519 -23498.9
0.352 -23497.8
0.3521 -23496.6
0.3522 -23495.4
0.3523 -23494.2
0.3524 -23493
0.3525 -23491.8
0.3526 -23490.5
0.3527 -23489.3
0.3528 -23488
0.3529 -23486.7
0.353 -23485.3
0.3531 -23484
0.3532 -23482.6
0.3533 -23481.2
0.3534 -23479.8
0.3535 -23478.4
0.3536 -23477
0.3537 -23475.5
0.3538 -23474
0.3539 -23472.5
0.354 -23471
0.3541 -23469.5
0.3542 -23467.9
0.3543 -23466.3
0.3544 -23464.7
0.3545 -23463.1
0.3546 -23461.5
0.3547 -23459.8
0.3548 -23458.1
0.3549 -23456.5
0.355 -23454.7
0.3551 -23453
0.3552 -23451.3
0.3553 -23449.5
0.3554 -23447.7
0.3555 -23445.9
0.3556 -23444.1
0.3557 -23442.2
0.3558 -23440.4
0.3559 -23438.5
0.356 -23436.6
0.3561 -23434.6
0.3562 -23432.7
0.3563 -23430.7
0.3564 -23428.8
0.3565 -23426.8
0.3566 -23424.7
0.3567 -23422.7
0.3568 -23420.7
0.3569 -23418.6
0.357 -23416.5
0.3571 -23414.4
0.3572 -23412.2
0.3573 -23410.1
0.3574 -23407.9
0.3575 -23405.7
0.3576 -23403.5
0.3577 -23401.3
0.3578 -23399
0.3579 -23396.8
0.358 -23394.5
0.3581 -23392.2
0.3582 -23389.9
0.3583 -23387.5
0.3584 -23385.2
0.3585 -23382.8
0.3586 -23380.4
0.3587 -23377.9
0.3588 -23375.5
0.3589 -23373.1
0.359 -23370.6
0.3591 -23368.1
0.3592 -23365.6
0.3593 -23363
0.3594 -23360.5
0.3595 -23357.9
0.3596 -23355.3
0.3597 -23352.7
0.3598 -23350.1
0.3599 -23347.4
0.36 -23344.8
0.3601 -23342.1
0.3602 -23339.4
0.3603 -23336.6
0.3604 -23333.9
0.3605 -23331.1
0.3606 -23328.4
0.3607 -23325.6
0.3608 -23322.7
0.3609 -23319.9
0.361 -23317
0.3611 -23314.2
0.3612 -23311.3
0.3613 -23308.4
0.3614 -23305.4
0.3615 -23302.5
0.3616 -23299.5
0.3617 -23296.5
0.3618 -23293.5
0.3619 -23290.5
0.362 -23287.4
0.3621 -23284.3
0.3622 -23281.3
0.3623 -23278.2
0.3624 -23275
0.3625 -23271.9
0.3626 -23268.7
0.3627 -23265.5
0.3628 -23262.3
0.3629 -23259.1
0.363 -23255.9
0.3631 -23252.6
0.3632 -23249.4
0.3633 -23246.1
0.3634 -23242.7
0.3635 -23239.4
0.3636 -23236.1
0.3637 -23232.7
0.3638 -23229.3
0.3639 -23225.9
0.364 -23222.5
0.3641 -23219
0.3642 -23215.5
0.3643 -23212.1
0.3644 -23208.6
0.3645 -23205
0.3646 -23201.5
0.3647 -23197.9
0.3648 -23194.4
0.3649 -23190.8
0.365 -23187.1
0.3651 -23183.5
0.3652 -23179.8
0.3653 -23176.2
0.3654 -23172.5
0.3655 -23168.8
0.3656 -23165
0.3657 -23161.3
0.3658 -23157.5
0.3659 -23153.7
0.366 -23149.9
0.3661 -23146.1
0.3662 -23142.3
0.3663 -23138.4
0.3664 -23134.5
0.3665 -23130.6
0.3666 -23126.7
0.3667 -23122.7
0.3668 -23118.8
0.3669 -23114.8
0.367 -23110.8
0.3671 -23106.8
0.3672 -23102.8
0.3673 -23098.7
0.3674 -23094.6
0.3675 -23090.6
0.3676 -23086.4
0.3677 -23082.3
0.3678 -23078.2
0.3679 -23074
0.368 -23069.8
0.3681 -23065.6
0.3682 -23061.4
0.3683 -23057.2
0.3684 -23052.9
0.3685 -23048.6
0.3686 -23044.3
0.3687 -23040
0.3688 -23035.7
0.3689 -23031.3
0.369 -23026.9
0.3691 -23022.6
0.3692 -23018.1
0.3693 -23013.7
0.3694 -23009.3
0.3695 -23004.8
0.3696 -23000.3
0.3697 -22995.8
0.3698 -22991.3
0.3699 -22986.8
0.37 -22982.2
0.3701 -22977.6
0.3702 -22973
0.3703 -22968.4
0.3704 -22963.8
0.3705 -22959.1
0.3706 -22954.4
0.3707 -22949.7
0.3708 -22945
0.3709 -22940.3
0.371 -22935.6
0.3711 -22930.8
0.3712 -22926
0.3713 -22921.2
0.3714 -22916.4
0.3715 -22911.5
0.3716 -22906.7
0.3717 -22901.8
0.3718 -22896.9
0.3719 -22892
0.372 -22887.1
0.3721 -22882.1
0.3722 -22877.1
0.3723 -22872.1
0.3724 -22867.1
0.3725 -22862.1
0.3726 -22857.1
0.3727 -22852
0.3728 -22846.9
0.3729 -22841.8
0.373 -22836.7
0.3731 -22831.5
0.3732 -22826.4
0.3733 -22821.2
0.3734 -22816
0.3735 -22810.8
0.3736 -22805.6
0.3737 -22800.3
0.3738 -22795
0.3739 -22789.7
0.374 -22784.4
0.3741 -22779.1
0.3742 -22773.8
0.3743 -22768.4
0.3744 -22763
0.3745 -22757.6
0.3746 -22752.2
0.3747 -22746.8
0.3748 -22741.3
0.3749 -22735.8
0.375 -22730.3
0.3751 -22724.8
0.3752 -22719.3
0.3753 -22713.7
0.3754 -22708.2
0.3755 -22702.6
0.3756 -22697
0.3757 -22691.4
0.3758 -22685.7
0.3759 -22680.1
0.376 -22674.4
0.3761 -22668.7
0.3762 -22663
0.3763 -22657.2
0.3764 -22651.5
0.3765 -22645.7
0.3766 -22639.9
0.3767 -22634.1
0.3768 -22628.3
0.3769 -22622.4
0.377 -22616.6
0.3771 -22610.7
0.3772 -22604.8
0.3773 -22598.9
0.3774 -22592.9
0.3775 -22587
0.3776 -22581
0.3777 -22575
0.3778 -22569
0.3779 -22563
0.378 -22556.9
0.3781 -22550.9
0.3782 -22544.8
0.3783 -22538.7
0.3784 -22532.5
0.3785 -22526.4
0.3786 -22520.2
0.3787 -22514.1
0.3788 -22507.9
0.3789 -22501.7
0.379 -22495.4
0.3791 -22489.2
0.3792 -22482.9
0.3793 -22476.6
0.3794 -22470.3
0.3795 -22464
0.3796 -22457.7
0.3797 -22451.3
0.3798 -22444.9
0.3799 -22438.5
0.38 -22432.1
0.3801 -22425.7
0.3802 -22419.2
0.3803 -22412.7
0.3804 -22406.3
0.3805 -22399.7
0.3806 -22393.2
0.3807 -22386.7
0.3808 -22380.1
0.3809 -22373.5
0.381 -22366.9
0.3811 -22360.3
0.3812 -22353.7
0.3813 -22347
0.3814 -22340.4
0.3815 -22333.7
0.3816 -22327
0.3817 -22320.2
0.3818 -22313.5
0.3819 -22306.7
0.382 -22299.9
0.3821 -22293.1
0.3822 -22286.3
0.3823 -22279.5
0.3824 -22272.6
0.3825 -22265.8
0.3826 -22258.9
0.3827 -22252
0.3828 -22245
0.3829 -22238.1
0.383 -22231.1
0.3831 -22224.2
0.3832 -22217.2
0.3833 -22210.1
0.3834 -22203.1
0.3835 -22196
0.3836 -22189
0.3837 -22181.9
0.3838 -22174.8
0.3839 -22167.6
0.384 -22160.5
0.3841 -22153.3
0.3842 -22146.2
0.3843 -22139
0.3844 -22131.7
0.3845 -22124.5
0.3846 -22117.3
0.3847 -22110
0.3848 -22102.7
0.3849 -22095.4
0.385 -22088.1
0.3851 -22080.7
0.3852 -22073.4
0.3853 -22066
0.3854 -22058.6
0.3855 -22051.2
0.3856 -22043.7
0.3857 -22036.3
0.3858 -22028.8
0.3859 -22021.3
0.386 -22013.8
0.3861 -22006.3
0.3862 -21998.8
0.3863 -21991.2
0.3864 -21983.6
0.3865 -21976
0.3866 -21968.4
0.3867 -21960.8
0.3868 -21953.1
0.3869 -21945.5
0.387 -21937.8
0.3871 -21930.1
0.3872 -21922.4
0.3873 -21914.6
0.3874 -21906.9
0.3875 -21899.1
0.3876 -21891.3
0.3877 -21883.5
0.3878 -21875.7
0.3879 -21867.8
0.388 -21860
0.3881 -21852.1
0.3882 -21844.2
0.3883 -21836.3
0.3884 -21828.3
0.3885 -21820.4
0.3886 -21812.4
0.3887 -21804.4
0.3888 -21796.4
0.3889 -21788.4
0.389 -21780.3
0.3891 -21772.3
0.3892 -21764.2
0.3893 -21756.1
0.3894 -21748
0.3895 -21739.9
0.3896 -21731.7
0.3897 -21723.6
0.3898 -21715.4
0.3899 -21707.2
0.39 -21699
0.3901 -21690.7
0.3902 -21682.5
0.3903 -21674.2
0.3904 -21665.9
0.3905 -21657.6
0.3906 -21649.3
0.3907 -21640.9
0.3908 -21632.6
0.3909 -21624.2
0.391 -21615.8
0.3911 -21607.4
0.3912 -21598.9
0.3913 -21590.5
0.3914 -21582
0.3915 -21573.5
0.3916 -21565
0.3917 -21556.5
0.3918 -21548
0.3919 -21539.4
0.392 -21530.9
0.3921 -21522.3
0.3922 -21513.7
0.3923 -21505
0.3924 -21496.4
0.3925 -21487.7
0.3926 -21479.1
0.3927 -21470.4
0.3928 -21461.7
0.3929 -21452.9
0.393 -21444.2
0.3931 -21435.4
0.3932 -21426.6
0.3933 -21417.8
0.3934 -21409
0.3935 -21400.2
0.3936 -21391.3
0.3937 -21382.5
0.3938 -21373.6
0.3939 -21364.7
0.394 -21355.7
0.3941 -21346.8
0.3942 -21337.8
0.3943 -21328.9
0.3944 -21319.9
0.3945 -21310.9
0.3946 -21301.8
0.3947 -21292.8
0.3948 -21283.7
0.3949 -21274.7
0.395 -21265.6
0.3951 -21256.4
0.3952 -21247.3
0.3953 -21238.2
0.3954 -21229
0.3955 -21219.8
0.3956 -21210.6
0.3957 -21201.4
0.3958 -21192.2
0.3959 -21182.9
0.396 -21173.6
0.3961 -21164.3
0.3962 -21155
0.3963 -21145.7
0.3964 -21136.4
0.3965 -21127
0.3966 -21117.7
0.3967 -21108.3
0.3968 -21098.9
0.3969 -21089.4
0.397 -21080
0.3971 -21070.5
0.3972 -21061.1
0.3973 -21051.6
0.3974 -21042
0.3975 -21032.5
0.3976 -21023
0.3977 -21013.4
0.3978 -21003.8
0.3979 -20994.2
0.398 -20984.6
0.3981 -20975
0.3982 -20965.3
0.3983 -20955.7
0.3984 -20946
0.3985 -20936.3
0.3986 -20926.6
0.3987 -20916.8
0.3988 -20907.1
0.3989 -20897.3
0.399 -20887.5
0.3991 -20877.7
0.3992 -20867.9
0.3993 -20858.1
0.3994 -20848.2
0.3995 -20838.4
0.3996 -20828.5
0.3997 -20818.6
0.3998 -20808.6
0.3999 -20798.7
0.4 -20788.7
0.4001 -20778.8
0.4002 -20768.8
0.4003 -20758.8
0.4004 -20748.8
0.4005 -20738.7
0.4006 -20728.7
0.4007 -20718.6
0.4008 -20708.5
0.4009 -20698.4
0.401 -20688.3
0.4011 -20678.1
0.4012 -20668
0.4013 -20657.8
0.4014 -20647.6
0.4015 -20637.4
0.4016 -20627.2
0.4017 -20616.9
0.4018 -20606.7
0.4019 -20596.4
0.402 -20586.1
0.4021 -20575.8
0.4022 -20565.4
0.4023 -20555.1
0.4024 -20544.7
0.4025 -20534.4
0.4026 -20524
0.4027 -20513.6
0.4028 -20503.1
0.4029 -20492.7
0.403 -20482.2
0.4031 -20471.8
0.4032 -20461.3
0.4033 -20450.7
0.4034 -20440.2
0.4035 -20429.7
0.4036 -20419.1
0.4037 -20408.5
0.4038 -20397.9
0.4039 -20387.3
0.404 -20376.7
0.4041 -20366.1
0.4042 -20355.4
0.4043 -20344.7
0.4044 -20334
0.4045 -20323.3
0.4046 -20312.6
0.4047 -20301.8
0.4048 -20291.1
0.4049 -20280.3
0.405 -20269.5
0.4051 -20258.7
0.4052 -20247.9
0.4053 -20237
0.4054 -20226.2
0.4055 -20215.3
0.4056 -20204.4
0.4057 -20193.5
0.4058 -20182.6
0.4059 -20171.6
0.406 -20160.7
0.4061 -20149.7
0.4062 -20138.7
0.4063 -20127.7
0.4064 -20116.7
0.4065 -20105.6
0.4066 -20094.6
0.4067 -20083.5
0.4068 -20072.4
0.4069 -20061.3
0.407 -20050.2
0.4071 -20039
0.4072 -20027.9
0.4073 -20016.7
0.4074 -20005.5
0.4075 -19994.3
0.4076 -19983.1
0.4077 -19971.8
0.4078 -19960.6
0.4079 -19949.3
0.408 -19938
0.4081 -19926.7
0.4082 -19915.4
0.4083 -19904.1
0.4084 -19892.7
0.4085 -19881.4
0.4086 -19870
0.4087 -19858.6
0.4088 -19847.2
0.4089 -19835.7
0.409 -19824.3
0.4091 -19812.8
0.4092 -19801.3
0.4093 -19789.8
0.4094 -19778.3
0.4095 -19766.8
0.4096 -19755.2
0.4097 -19743.7
0.4098 -19732.1
0.4099 -19720.5
0.41 -19708.9
0.4101 -19697.3
0.4102 -19685.6
0.4103 -19674
0.4104 -19662.3
0.4105 -19650.6
0.4106 -19638.9
0.4107 -19627.2
0.4108 -19615.4
0.4109 -19603.7
0.411 -19591.9
0.4111 -19580.1
0.4112 -19568.3
0.4113 -19556.5
0.4114 -19544.7
0.4115 -19532.8
0.4116 -19520.9
0.4117 -19509.1
0.4118 -19497.2
0.4119 -19485.2
0.412 -19473.3
0.4121 -19461.4
0.4122 -19449.4
0.4123 -19437.4
0.4124 -19425.4
0.4125 -19413.4
0.4126 -19401.4
0.4127 -19389.4
0.4128 -19377.3
0.4129 -19365.2
0.413 -19353.1
0.4131 -19341
0.4132 -19328.9
0.4133 -19316.8
0.4134 -19304.6
0.4135 -19292.5
0.4136 -19280.3
0.4137 -19268.1
0.4138 -19255.9
0.4139 -19243.6
0.414 -19231.4
0.4141 -19219.1
0.4142 -19206.8
0.4143 -19194.5
0.4144 -19182.2
0.4145 -19169.9
0.4146 -19157.6
0.4147 -19145.2
0.4148 -19132.8
0.4149 -19120.4
0.415 -19108
0.4151 -19095.6
0.4152 -19083.2
0.4153 -19070.7
0.4154 -19058.3
0.4155 -19045.8
0.4156 -19033.3
0.4157 -19020.8
0.4158 -19008.3
0.4159 -18995.7
0.416 -18983.2
0.4161 -18970.6
0.4162 -18958
0.4163 -18945.4
0.4164 -18932.8
0.4165 -18920.1
0.4166 -18907.5
0.4167 -18894.8
0.4168 -18882.1
0.4169 -18869.4
0.417 -18856.7
0.4171 -18844
0.4172 -18831.2
0.4173 -18818.5
0.4174 -18805.7
0.4175 -18792.9
0.4176 -18780.1
0.4177 -18767.3
0.4178 -18754.5
0.4179 -18741.6
0.418 -18728.7
0.4181 -18715.9
0.4182 -18703
0.4183 -18690
0.4184 -18677.1
0.4185 -18664.2
0.4186 -18651.2
0.4187 -18638.2
0.4188 -18625.2
0.4189 -18612.2
0.419 -18599.2
0.4191 -18586.2
0.4192 -18573.1
0.4193 -18560.1
0.4194 -18547
0.4195 -18533.9
0.4196 -18520.8
0.4197 -18507.7
0.4198 -18494.5
0.4199 -18481.4
0.42 -18468.2
0.4201 -18455
0.4202 -18441.8
0.4203 -18428.6
0.4204 -18415.4
0.4205 -18402.1
0.4206 -18388.9
0.4207 -18375.6
0.4208 -18362.3
0.4209 -18349
0.421 -18335.7
0.4211 -18322.3
0.4212 -18309
0.4213 -18295.6
0.4214 -18282.2
0.4215 -18268.8
0.4216 -18255.4
0.4217 -18242
0.4218 -18228.5
0.4219 -18215.1
0.422 -18201.6
0.4221 -18188.1
0.4222 -18174.6
0.4223 -18161.1
0.4224 -18147.6
0.4225 -18134
0.4226 -18120.5
0.4227 -18106.9
0.4228 -18093.3
0.4229 -18079.7
0.423 -18066.1
0.4231 -18052.5
0.4232 -18038.8
0.4233 -18025.2
0.4234 -18011.5
0.4235 -17997.8
0.4236 -17984.1
0.4237 -17970.4
0.4238 -17956.6
0.4239 -17942.9
0.424 -17929.1
0.4241 -17915.3
0.4242 -17901.5
0.4243 -17887.7
0.4244 -17873.9
0.4245 -17860.1
0.4246 -17846.2
0.4247 -17832.3
0.4248 -17818.4
0.4249 -17804.6
0.425 -17790.6
0.4251 -17776.7
0.4252 -17762.8
0.4253 -17748.8
0.4254 -17734.8
0.4255 -17720.9
0.4256 -17706.9
0.4257 -17692.9
0.4258 -17678.8
0.4259 -17664.8
0.426 -17650.7
0.4261 -17636.7
0.4262 -17622.6
0.4263 -17608.5
0.4264 -17594.4
0.4265 -17580.2
0.4266 -17566.1
0.4267 -17551.9
0.4268 -17537.8
0.4269 -17523.6
0.427 -17509.4
0.4271 -17495.2
0.4272 -17480.9
0.4273 -17466.7
0.4274 -17452.4
0.4275 -17438.2
0.4276 -17423.9
0.4277 -17409.6
0.4278 -17395.3
0.4279 -17380.9
0.428 -17366.6
0.4281 -17352.2
0.4282 -17337.9
0.4283 -17323.5
0.4284 -17309.1
0.4285 -17294.7
0.4286 -17280.2
0.4287 -17265.8
0.4288 -17251.3
0.4289 -17236.9
0.429 -17222.4
0.4291 -17207.9
0.4292 -17193.4
0.4293 -17178.8
0.4294 -17164.3
0.4295 -17149.7
0.4296 -17135.2
0.4297 -17120.6
0.4298 -17106
0.4299 -17091.4
0.43 -17076.8
0.4301 -17062.1
0.4302 -17047.5
0.4303 -17032.8
0.4304 -17018.1
0.4305 -17003.4
0.4306 -16988.7
0.4307 -16974
0.4308 -16959.3
0.4309 -16944.5
0.431 -16929.8
0.4311 -16915
0.4312 -16900.2
0.4313 -16885.4
0.4314 -16870.6
0.4315 -16855.7
0.4316 -16840.9
0.4317 -16826
0.4318 -16811.2
0.4319 -16796.3
0.432 -16781.4
0.4321 -16766.5
0.4322 -16751.5
0.4323 -16736.6
0.4324 -16721.6
0.4325 -16706.7
0.4326 -16691.7
0.4327 -16676.7
0.4328 -16661.7
0.4329 -16646.7
0.433 -16631.6
0.4331 -16616.6
0.4332 -16601.5
0.4333 -16586.4
0.4334 -16571.3
0.4335 -16556.2
0.4336 -16541.1
0.4337 -16526
0.4338 -16510.8
0.4339 -16495.7
0.434 -16480.5
0.4341 -16465.3
0.4342 -16450.1
0.4343 -16434.9
0.4344 -16419.7
0.4345 -16404.4
0.4346 -16389.2
0.4347 -16373.9
0.4348 -16358.6
0.4349 -16343.3
0.435 -16328
0.4351 -16312.7
0.4352 -16297.4
0.4353 -16282
0.4354 -16266.7
0.4355 -16251.3
0.4356 -16235.9
0.4357 -16220.5
0.4358 -16205.1
0.4359 -16189.7
0.436 -16174.2
0.4361 -16158.8
0.4362 -16143.3
0.4363 -16127.8
0.4364 -16112.3
0.4365 -16096.8
0.4366 -16081.3
0.4367 -16065.8
0.4368 -16050.2
0.4369 -16034.7
0.437 -16019.1
0.4371 -16003.5
0.4372 -15987.9
0.4373 -15972.3
0.4374 -15956.7
0.4375 -15941.1
0.4376 -15925.4
0.4377 -15909.8
0.4378 -15894.1
0.4379 -15878.4
0.438 -15862.7
0.4381 -15847
0.4382 -15831.3
0.4383 -15815.5
0.4384 -15799.8
0.4385 -15784
0.4386 -15768.2
0.4387 -15752.4
0.4388 -15736.6
0.4389 -15720.8
0.439 -15705
0.4391 -15689.1
0.4392 -15673.3
0.4393 -15657.4
0.4394 -15641.5
0.4395 -15625.6
0.4396 -15609.7
0.4397 -15593.8
0.4398 -15577.9
0.4399 -15561.9
0.44 -15546
0.4401 -15530
0.4402 -15514
0.4403 -15498
0.4404 -15482
0.4405 -15466
0.4406 -15450
0.4407 -15433.9
0.4408 -15417.8
0.4409 -15401.8
0.441 -15385.7
0.4411 -15369.6
0.4412 -15353.5
0.4413 -15337.4
0.4414 -15321.2
0.4415 -15305.1
0.4416 -15288.9
0.4417 -15272.8
0.4418 -15256.6
0.4419 -15240.4
0.442 -15224.2
0.4421 -15207.9
0.4422 -15191.7
0.4423 -15175.5
0.4424 -15159.2
0.4425 -15142.9
0.4426 -15126.6
0.4427 -15110.3
0.4428 -15094
0.4429 -15077.7
0.443 -15061.4
0.4431 -15045
0.4432 -15028.7
0.4433 -15012.3
0.4434 -14995.9
0.4435 -14979.5
0.4436 -14963.1
0.4437 -14946.7
0.4438 -14930.3
0.4439 -14913.8
0.444 -14897.4
0.4441 -14880.9
0.4442 -14864.4
0.4443 -14847.9
0.4444 -14831.4
0.4445 -14814.9
0.4446 -14798.4
0.4447 -14781.9
0.4448 -14765.3
0.4449 -14748.7
0.445 -14732.2
0.4451 -14715.6
0.4452 -14699
0.4453 -14682.4
0.4454 -14665.7
0.4455 -14649.1
0.4456 -14632.4
0.4457 -14615.8
0.4458 -14599.1
0.4459 -14582.4
0.446 -14565.7
0.4461 -14549
0.4462 -14532.3
0.4463 -14515.6
0.4464 -14498.8
0.4465 -14482.1
0.4466 -14465.3
0.4467 -14448.5
0.4468 -14431.7
0.4469 -14414.9
0.447 -14398.1
0.4471 -14381.3
0.4472 -14364.5
0.4473 -14347.6
0.4474 -14330.7
0.4475 -14313.9
0.4476 -14297
0.4477 -14280.1
0.4478 -14263.2
0.4479 -14246.3
0.448 -14229.3
0.4481 -14212.4
0.4482 -14195.4
0.4483 -14178.5
0.4484 -14161.5
0.4485 -14144.5
0.4486 -14127.5
0.4487 -14110.5
0.4488 -14093.5
0.4489 -14076.4
0.449 -14059.4
0.4491 -14042.3
0.4492 -14025.2
0.4493 -14008.2
0.4494 -13991.1
0.4495 -13974
0.4496 -13956.9
0.4497 -13939.7
0.4498 -13922.6
0.4499 -13905.4
0.45 -13888.3
0.4501 -13871.1
0.4502 -13853.9
0.4503 -13836.7
0.4504 -13819.5
0.4505 -13802.3
0.4506 -13785.1
0.4507 -13767.8
0.4508 -13750.6
0.4509 -13733.3
0.451 -13716
0.4511 -13698.8
0.4512 -13681.5
0.4513 -13664.1
0.4514 -13646.8
0.4515 -13629.5
0.4516 -13612.2
0.4517 -13594.8
0.4518 -13577.4
0.4519 -13560.1
0.452 -13542.7
0.4521 -13525.3
0.4522 -13507.9
0.4523 -13490.5
0.4524 -13473
0.4525 -13455.6
0.4526 -13438.1
0.4527 -13420.7
0.4528 -13403.2
0.4529 -13385.7
0.453 -13368.2
0.4531 -13350.7
0.4532 -13333.2
0.4533 -13315.7
0.4534 -13298.1
0.4535 -13280.6
0.4536 -13263
0.4537 -13245.4
0.4538 -13227.9
0.4539 -13210.3
0.454 -13192.7
0.4541 -13175.1
0.4542 -13157.4
0.4543 -13139.8
0.4544 -13122.1
0.4545 -13104.5
0.4546 -13086.8
0.4547 -13069.1
0.4548 -13051.4
0.4549 -13033.7
0.455 -13016
0.4551 -12998.3
0.4552 -12980.6
0.4553 -12962.8
0.4554 -12945.1
0.4555 -12927.3
0.4556 -12909.5
0.4557 -12891.8
0.4558 -12874
0.4559 -12856.2
0.456 -12838.3
0.4561 -12820.5
0.4562 -12802.7
0.4563 -12784.8
0.4564 -12767
0.4565 -12749.1
0.4566 -12731.2
0.4567 -12713.3
0.4568 -12695.4
0.4569 -12677.5
0.457 -12659.6
0.4571 -12641.7
0.4572 -12623.7
0.4573 -12605.8
0.4574 -12587.8
0.4575 -12569.8
0.4576 -12551.9
0.4577 -12533.9
0.4578 -12515.9
0.4579 -12497.8
0.458 -12479.8
0.4581 -12461.8
0.4582 -12443.7
0.4583 -12425.7
0.4584 -12407.6
0.4585 -12389.5
0.4586 -12371.5
0.4587 -12353.4
0.4588 -12335.3
0.4589 -12317.1
0.459 -12299
0.4591 -12280.9
0.4592 -12262.7
0.4593 -12244.6
0.4594 -12226.4
0.4595 -12208.2
0.4596 -12190.1
0.4597 -12171.9
0.4598 -12153.7
0.4599 -12135.4
0.46 -12117.2
0.4601 -12099
0.4602 -12080.7
0.4603 -12062.5
0.4604 -12044.2
0.4605 -12025.9
0.4606 -12007.7
0.4607 -11989.4
0.4608 -11971.1
0.4609 -11952.7
0.461 -11934.4
0.4611 -11916.1
0.4612 -11897.8
0.4613 -11879.4
0.4614 -11861
0.4615 -11842.7
0.4616 -11824.3
0.4617 -11805.9
0.4618 -11787.5
0.4619 -11769.1
0.462 -11750.7
0.4621 -11732.2
0.4622 -11713.8
0.4623 -11695.3
0.4624 -11676.9
0.4625 -11658.4
0.4626 -11639.9
0.4627 -11621.5
0.4628 -11603
0.4629 -11584.4
0.463 -11565.9
0.4631 -11547.4
0.4632 -11528.9
0.4633 -11510.3
0.4634 -11491.8
0.4635 -11473.2
0.4636 -11454.6
0.4637 -11436.1
0.4638 -11417.5
0.4639 -11398.9
0.464 -11380.3
0.4641 -11361.6
0.4642 -11343
0.4643 -11324.4
0.4644 -11305.7
0.4645 -11287.1
0.4646 -11268.4
0.4647 -11249.7
0.4648 -11231.1
0.4649 -11212.4
0.465 -11193.7
0.4651 -11175
0.4652 -11156.2
0.4653 -11137.5
0.4654 -11118.8
0.4655 -11100
0.4656 -11081.3
0.4657 -11062.5
0.4658 -11043.7
0.4659 -11024.9
0.466 -11006.1
0.4661 -10987.3
0.4662 -10968.5
0.4663 -10949.7
0.4664 -10930.9
0.4665 -10912
0.4666 -10893.2
0.4667 -10874.3
0.4668 -10855.5
0.4669 -10836.6
0.467 -10817.7
0.4671 -10798.8
0.4672 -10779.9
0.4673 -10761
0.4674 -10742.1
0.4675 -10723.2
0.4676 -10704.3
0.4677 -10685.3
0.4678 -10666.4
0.4679 -10647.4
0.468 -10628.4
0.4681 -10609.5
0.4682 -10590.5
0.4683 -10571.5
0.4684 -10552.5
0.4685 -10533.5
0.4686 -10514.4
0.4687 -10495.4
0.4688 -10476.4
0.4689 -10457.3
0.469 -10438.3
0.4691 -10419.2
0.4692 -10400.1
0.4693 -10381
0.4694 -10362
0.4695 -10342.9
0.4696 -10323.8
0.4697 -10304.6
0.4698 -10285.5
0.4699 -10266.4
0.47 -10247.2
0.4701 -10228.1
0.4702 -10208.9
0.4703 -10189.8
0.4704 -10170.6
0.4705 -10151.4
0.4706 -10132.2
0.4707 -10113
0.4708 -10093.8
0.4709 -10074.6
0.471 -10055.4
0.4711 -10036.2
0.4712 -10016.9
0.4713 -9997.67
0.4714 -9978.42
0.4715 -9959.15
0.4716 -9939.88
0.4717 -9920.6
0.4718 -9901.31
0.4719 -9882.02
0.472 -9862.71
0.4721 -9843.4
0.4722 -9824.08
0.4723 -9804.75
0.4724 -9785.42
0.4725 -9766.07
0.4726 -9746.72
0.4727 -9727.36
0.4728 -9707.99
0.4729 -9688.62
0.473 -9669.23
0.4731 -9649.84
0.4732 -9630.44
0.4733 -9611.03
0.4734 -9591.62
0.4735 -9572.19
0.4736 -9552.76
0.4737 -9533.32
0.4738 -9513.87
0.4739 -9494.42
0.474 -9474.96
0.4741 -9455.49
0.4742 -9436.01
0.4743 -9416.52
0.4744 -9397.03
0.4745 -9377.53
0.4746 -9358.02
0.4747 -9338.51
0.4748 -9318.98
0.4749 -9299.45
0.475 -9279.91
0.4751 -9260.36
0.4752 -9240.81
0.4753 -9221.25
0.4754 -9201.68
0.4755 -9182.1
0.4756 -9162.52
0.4757 -9142.93
0.4758 -9123.33
0.4759 -9103.72
0.476 -9084.11
0.4761 -9064.48
0.4762 -9044.86
0.4763 -9025.22
0.4764 -9005.57
0.4765 -8985.92
0.4766 -8966.27
0.4767 -8946.6
0.4768 -8926.93
0.4769 -8907.25
0.477 -8887.56
0.4771 -8867.86
0.4772 -8848.16
0.4773 -8828.45
0.4774 -8808.74
0.4775 -8789.01
0.4776 -8769.28
0.4777 -8749.54
0.4778 -8729.8
0.4779 -8710.04
0.478 -8690.28
0.4781 -8670.52
0.4782 -8650.74
0.4783 -8630.96
0.4784 -8611.18
0.4785 -8591.38
0.4786 -8571.58
0.4787 -8551.77
0.4788 -8531.95
0.4789 -8512.13
0.479 -8492.3
0.4791 -8472.46
0.4792 -8452.62
0.4793 -8432.77
0.4794 -8412.91
0.4795 -8393.05
0.4796 -8373.18
0.4797 -8353.3
0.4798 -8333.41
0.4799 -8313.52
0.48 -8293.62
0.4801 -8273.72
0.4802 -8253.81
0.4803 -8233.89
0.4804 -8213.96
0.4805 -8194.03
0.4806 -8174.09
0.4807 -8154.15
0.4808 -8134.19
0.4809 -8114.24
0.481 -8094.27
0.4811 -8074.3
0.4812 -8054.32
0.4813 -8034.33
0.4814 -8014.34
0.4815 -7994.34
0.4816 -7974.34
0.4817 -7954.33
0.4818 -7934.31
0.4819 -7914.29
0.482 -7894.25
0.4821 -7874.22
0.4822 -7854.17
0.4823 -7834.12
0.4824 -7814.07
0.4825 -7794
0.4826 -7773.93
0.4827 -7753.86
0.4828 -7733.78
0.4829 -7713.69
0.483 -7693.59
0.4831 -7673.49
0.4832 -7653.39
0.4833 -7633.27
0.4834 -7613.15
0.4835 -7593.03
0.4836 -7572.89
0.4837 -7552.76
0.4838 -7532.61
0.4839 -7512.46
0.484 -7492.3
0.4841 -7472.14
0.4842 -7451.97
0.4843 -7431.8
0.4844 -7411.62
0.4845 -7391.43
0.4846 -7371.24
0.4847 -7351.04
0.4848 -7330.83
0.4849 -7310.62
0.485 -7290.4
0.4851 -7270.18
0.4852 -7249.95
0.4853 -7229.72
0.4854 -7209.47
0.4855 -7189.23
0.4856 -7168.98
0.4857 -7148.72
0.4858 -7128.45
0.4859 -7108.18
0.486 -7087.91
0.4861 -7067.62
0.4862 -7047.34
0.4863 -7027.04
0.4864 -7006.74
0.4865 -6986.44
0.4866 -6966.13
0.4867 -6945.81
0.4868 -6925.49
0.4869 -6905.16
0.487 -6884.83
0.4871 -6864.49
0.4872 -6844.15
0.4873 -6823.8
0.4874 -6803.44
0.4875 -6783.08
0.4876 -6762.71
0.4877 -6742.34
0.4878 -6721.96
0.4879 -6701.58
0.488 -6681.19
0.4881 -6660.8
0.4882 -6640.4
0.4883 -6619.99
0.4884 -6599.58
0.4885 -6579.17
0.4886 -6558.75
0.4887 -6538.32
0.4888 -6517.89
0.4889 -6497.45
0.489 -6477.01
0.4891 -6456.56
0.4892 -6436.11
0.4893 -6415.65
0.4894 -6395.19
0.4895 -6374.72
0.4896 -6354.24
0.4897 -6333.76
0.4898 -6313.28
0.4899 -6292.79
0.49 -6272.29
0.4901 -6251.79
0.4902 -6231.29
0.4903 -6210.78
0.4904 -6190.26
0.4905 -6169.74
0.4906 -6149.22
0.4907 -6128.69
0.4908 -6108.15
0.4909 -6087.61
0.491 -6067.07
0.4911 -6046.52
0.4912 -6025.96
0.4913 -6005.4
0.4914 -5984.84
0.4915 -5964.27
0.4916 -5943.69
0.4917 -5923.11
0.4918 -5902.53
0.4919 -5881.94
0.492 -5861.35
0.4921 -5840.75
0.4922 -5820.15
0.4923 -5799.54
0.4924 -5778.92
0.4925 -5758.31
0.4926 -5737.68
0.4927 -5717.06
0.4928 -5696.42
0.4929 -5675.79
0.493 -5655.15
0.4931 -5634.5
0.4932 -5613.85
0.4933 -5593.2
0.4934 -5572.54
0.4935 -5551.87
0.4936 -5531.2
0.4937 -5510.53
0.4938 -5489.85
0.4939 -5469.17
0.494 -5448.48
0.4941 -5427.79
0.4942 -5407.1
0.4943 -5386.4
0.4944 -5365.69
0.4945 -5344.99
0.4946 -5324.27
0.4947 -5303.56
0.4948 -5282.83
0.4949 -5262.11
0.495 -5241.38
0.4951 -5220.64
0.4952 -5199.9
0.4953 -5179.16
0.4954 -5158.41
0.4955 -5137.66
0.4956 -5116.91
0.4957 -5096.15
0.4958 -5075.38
0.4959 -5054.61
0.496 -5033.84
0.4961 -5013.07
0.4962 -4992.28
0.4963 -4971.5
0.4964 -4950.71
0.4965 -4929.92
0.4966 -4909.12
0.4967 -4888.32
0.4968 -4867.52
0.4969 -4846.71
0.497 -4825.9
0.4971 -4805.08
0.4972 -4784.26
0.4973 -4763.43
0.4974 -4742.61
0.4975 -4721.77
0.4976 -4700.94
0.4977 -4680.1
0.4978 -4659.25
0.4979 -4638.41
0.498 -4617.55
0.4981 -4596.7
0.4982 -4575.84
0.4983 -4554.98
0.4984 -4534.11
0.4985 -4513.24
0.4986 -4492.37
0.4987 -4471.49
0.4988 -4450.61
0.4989 -4429.72
0.499 -4408.84
0.4991 -4387.94
0.4992 -4367.05
0.4993 -4346.15
0.4994 -4325.25
0.4995 -4304.34
0.4996 -4283.43
0.4997 -4262.52
0.4998 -4241.6
0.4999 -4220.68
0.5 -4199.76
0.5001 -4178.83
0.5002 -4157.9
0.5003 -4136.97
0.5004 -4116.03
0.5005 -4095.09
0.5006 -4074.14
0.5007 -4053.2
0.5008 -4032.25
0.5009 -4011.29
0.501 -3990.34
0.5011 -3969.38
0.5012 -3948.41
0.5013 -3927.44
0.5014 -3906.47
0.5015 -3885.5
0.5016 -3864.53
0.5017 -3843.55
0.5018 -3822.56
0.5019 -3801.58
0.502 -3780.59
0.5021 -3759.6
0.5022 -3738.6
0.5023 -3717.6
0.5024 -3696.6
0.5025 -3675.6
0.5026 -3654.59
0.5027 -3633.58
0.5028 -3612.57
0.5029 -3591.55
0.503 -3570.53
0.5031 -3549.51
0.5032 -3528.48
0.5033 -3507.46
0.5034 -3486.43
0.5035 -3465.39
0.5036 -3444.36
0.5037 -3423.32
0.5038 -3402.28
0.5039 -3381.23
0.504 -3360.18
0.5041 -3339.13
0.5042 -3318.08
0.5043 -3297.02
0.5044 -3275.97
0.5045 -3254.91
0.5046 -3233.84
0.5047 -3212.78
0.5048 -3191.71
0.5049 -3170.63
0.505 -3149.56
0.5051 -3128.48
0.5052 -3107.4
0.5053 -3086.32
0.5054 -3065.24
0.5055 -3044.15
0.5056 -3023.06
0.5057 -3001.97
0.5058 -2980.88
0.5059 -2959.78
0.506 -2938.68
0.5061 -2917.58
0.5062 -2896.48
0.5063 -2875.37
0.5064 -2854.26
0.5065 -2833.15
0.5066 -2812.04
0.5067 -2790.92
0.5068 -2769.8
0.5069 -2748.68
0.507 -2727.56
0.5071 -2706.44
0.5072 -2685.31
0.5073 -2664.18
0.5074 -2643.05
0.5075 -2621.92
0.5076 -2600.78
0.5077 -2579.64
0.5078 -2558.5
0.5079 -2537.36
0.508 -2516.22
0.5081 -2495.07
0.5082 -2473.92
0.5083 -2452.77
0.5084 -2431.62
0.5085 -2410.47
0.5086 -2389.31
0.5087 -2368.15
0.5088 -2346.99
0.5089 -2325.83
0.509 -2304.67
0.5091 -2283.5
0.5092 -2262.34
0.5093 -2241.17
0.5094 -2220
0.5095 -2198.82
0.5096 -2177.65
0.5097 -2156.47
0.5098 -2135.29
0.5099 -2114.11
0.51 -2092.93
0.5101 -2071.75
0.5102 -2050.56
0.5103 -2029.38
0.5104 -2008.19
0.5105 -1987
0.5106 -1965.81
0.5107 -1944.61
0.5108 -1923.42
0.5109 -1902.22
0.511 -1881.02
0.5111 -1859.82
0.5112 -1838.62
0.5113 -1817.42
0.5114 -1796.22
0.5115 -1775.01
0.5116 -1753.8
0.5117 -1732.6
0.5118 -1711.39
0.5119 -1690.18
0.512 -1668.96
0.5121 -1647.75
0.5122 -1626.53
0.5123 -1605.32
0.5124 -1584.1
0.5125 -1562.88
0.5126 -1541.66
0.5127 -1520.44
0.5128 -1499.21
0.5129 -1477.99
0.513 -1456.77
0.5131 -1435.54
0.5132 -1414.31
0.5133 -1393.08
0.5134 -1371.85
0.5135 -1350.62
0.5136 -1329.39
0.5137 -1308.15
0.5138 -1286.92
0.5139 -1265.68
0.514 -1244.45
0.5141 -1223.21
0.5142 -1201.97
0.5143 -1180.73
0.5144 -1159.49
0.5145 -1138.25
0.5146 -1117.01
0.5147 -1095.77
0.5148 -1074.52
0.5149 -1053.28
0.515 -1032.03
0.5151 -1010.78
0.5152 -989.536
0.5153 -968.287
0.5154 -947.038
0.5155 -925.788
0.5156 -904.537
0.5157 -883.286
0.5158 -862.034
0.5159 -840.781
0.516 -819.527
0.5161 -798.273
0.5162 -777.018
0.5163 -755.762
0.5164 -734.506
0.5165 -713.249
0.5166 -691.992
0.5167 -670.734
0.5168 -649.476
0.5169 -628.217
0.517 -606.957
0.5171 -585.697
0.5172 -564.437
0.5173 -543.176
0.5174 -521.915
0.5175 -500.653
0.5176 -479.391
0.5177 -458.128
0.5178 -436.865
0.5179 -415.602
0.518 -394.338
0.5181 -373.074
0.5182 -351.81
0.5183 -330.545
0.5184 -309.28
0.5185 -288.015
0.5186 -266.75
0.5187 -245.484
0.5188 -224.218
0.5189 -202.952
0.519 -181.686
0.5191 -160.42
0.5192 -139.154
0.5193 -117.887
0.5194 -96.6206
0.5195 -75.3539
0.5196 -54.0872
0.5197 -32.8204
0.5198 -11.5536
0.5199 9.71322
0.52 30.98
0.5201 52.2468
0.5202 73.5136
0.5203 94.7803
0.5204 116.047
0.5205 137.313
0.5206 158.58
0.5207 179.846
0.5208 201.112
0.5209 222.378
0.521 243.644
0.5211 264.909
0.5212 286.175
0.5213 307.44
0.5214 328.705
0.5215 349.969
0.5216 371.234
0.5217 392.498
0.5218 413.762
0.5219 435.025
0.522 456.288
0.5221 477.551
0.5222 498.813
0.5223 520.075
0.5224 541.336
0.5225 562.597
0.5226 3.30416e+006
0.5227 1.0445e+007
0.5228 1.51658e+007
0.5229 1.37558e+007
0.523 7.34164e+006
0.5231 925132
0.5232 558.232
0.5233 538.256
0.5234 518.278
0.5235 498.301
0.5236 478.323
0.5237 458.344
0.5238 438.366
0.5239 418.386
0.524 398.407
0.5241 378.427
0.5242 -3.80631e+007
0.5243 -1.44645e+008
0.5244 -1.46541e+008
0.5245 -4.09192e+007
0.5246 2.8633e+007
0.5247 1.15931e+008
0.5248 1.27121e+008
0.5249 4.55133e+007
0.525 1505.1
0.5251 1526.34
0.5252 1547.59
0.5253 1568.83
0.5254 1590.08
0.5255 1611.32
0.5256 1632.56
0.5257 1653.8
0.5258 1675.04
0.5259 1696.27
0.526 1717.51
0.5261 1738.74
0.5262 1759.97
0.5263 1781.2
0.5264 1802.43
0.5265 1823.66
0.5266 1844.89
0.5267 1866.11
0.5268 1887.34
0.5269 1908.56
0.527 1929.78
0.5271 1951
0.5272 1972.21
0.5273 1993.43
0.5274 2014.64
0.5275 2035.86
0.5276 2057.07
0.5277 2078.28
0.5278 2099.48
0.5279 2120.69
0.528 2141.89
0.5281 2163.09
0.5282 2184.29
0.5283 2205.49
0.5284 2226.69
0.5285 2247.88
0.5286 2269.08
0.5287 2290.27
0.5288 2311.46
0.5289 2332.65
0.529 2353.83
0.5291 2375.01
0.5292 2396.2
0.5293 2417.38
0.5294 2438.55
0.5295 2459.73
0.5296 2480.9
0.5297 2502.07
0.5298 2523.24
0.5299 2544.41
0.53 2565.58
0.5301 2586.74
0.5302 2607.9
0.5303 2629.06
0.5304 2650.22
0.5305 2671.37
0.5306 2692.53
0.5307 2713.68
0.5308 2734.82
0.5309 2755.97
0.531 2777.11
0.5311 2798.26
0.5312 2819.39
0.5313 2840.53
0.5314 2861.67
0.5315 2882.8
0.5316 2903.93
0.5317 2925.06
0.5318 2946.18
0.5319 2967.3
0.532 2988.42
0.5321 3009.54
0.5322 3030.66
0.5323 3051.77
0.5324 3072.88
0.5325 3093.99
0.5326 3115.09
0.5327 3136.2
0.5328 3157.3
0.5329 3178.39
0.533 3199.49
0.5331 3220.58
0.5332 3241.67
0.5333 3262.76
0.5334 3283.84
0.5335 3304.93
0.5336 3326
0.5337 3347.08
0.5338 3368.15
0.5339 3389.23
0.534 3410.29
0.5341 3431.36
0.5342 3452.42
0.5343 3473.48
0.5344 3494.54
0.5345 3515.59
0.5346 3536.64
0.5347 3557.69
0.5348 3578.74
0.5349 3599.78
0.535 3620.82
0.5351 3641.86
0.5352 3662.89
0.5353 3683.92
0.5354 3704.95
0.5355 3725.97
0.5356 3746.99
0.5357 3768.01
0.5358 3789.03
0.5359 3810.04
0.536 3831.05
0.5361 3852.05
0.5362 3873.06
0.5363 3894.06
0.5364 3915.05
0.5365 3936.05
0.5366 3957.04
0.5367 3978.02
0.5368 3999.01
0.5369 4019.99
0.537 4040.97
0.5371 4061.94
0.5372 4082.91
0.5373 4103.88
0.5374 4124.84
0.5375 4145.8
0.5376 4166.76
0.5377 4187.71
0.5378 4208.66
0.5379 4229.61
0.538 4250.55
0.5381 4271.49
0.5382 4292.43
0.5383 4313.36
0.5384 4334.29
0.5385 4355.22
0.5386 4376.14
0.5387 4397.06
0.5388 4417.97
0.5389 4438.88
0.539 4459.79
0.5391 4480.7
0.5392 4501.6
0.5393 4522.49
0.5394 4543.39
0.5395 4564.28
0.5396 4585.16
0.5397 4606.04
0.5398 4626.92
0.5399 4647.8
0.54 4668.67
0.5401 4689.53
0.5402 4710.4
0.5403 4731.26
0.5404 4752.11
0.5405 4772.96
0.5406 4793.81
0.5407 4814.65
0.5408 4835.49
0.5409 4856.33
0.541 4877.16
0.5411 4897.99
0.5412 4918.81
0.5413 4939.63
0.5414 4960.45
0.5415 4981.26
0.5416 5002.07
0.5417 5022.87
0.5418 5043.67
0.5419 5064.46
0.542 5085.26
0.5421 5106.04
0.5422 5126.83
0.5423 5147.6
0.5424 5168.38
0.5425 5189.15
0.5426 5209.91
0.5427 5230.68
0.5428 5251.43
0.5429 5272.19
0.543 5292.94
0.5431 5313.68
0.5432 5334.42
0.5433 5355.16
0.5434 5375.89
0.5435 5396.61
0.5436 5417.34
0.5437 5438.06
0.5438 5458.77
0.5439 5479.48
0.544 5500.18
0.5441 5520.88
0.5442 5541.58
0.5443 5562.27
0.5444 5582.96
0.5445 5603.64
0.5446 5624.32
0.5447 5644.99
0.5448 5665.66
0.5449 5686.32
0.545 5706.98
0.5451 5727.64
0.5452 5748.28
0.5453 5768.93
0.5454 5789.57
0.5455 5810.21
0.5456 5830.84
0.5457 5851.46
0.5458 5872.08
0.5459 5892.7
0.546 5913.31
0.5461 5933.92
0.5462 5954.52
0.5463 5975.12
0.5464 5995.71
0.5465 6016.3
0.5466 6036.88
0.5467 6057.46
0.5468 6078.03
0.5469 6098.6
0.547 6119.16
0.5471 6139.72
0.5472 6160.27
0.5473 6180.82
0.5474 6201.36
0.5475 6221.9
0.5476 6242.43
0.5477 6262.96
0.5478 6283.48
0.5479 6304
0.548 6324.51
0.5481 6345.02
0.5482 6365.52
0.5483 6386.01
0.5484 6406.51
0.5485 6426.99
0.5486 6447.47
0.5487 6467.95
0.5488 6488.42
0.5489 6508.88
0.549 6529.34
0.5491 6549.8
0.5492 6570.24
0.5493 6590.69
0.5494 6611.13
0.5495 6631.56
0.5496 6651.99
0.5497 6672.41
0.5498 6692.82
0.5499 6713.24
0.55 6733.64
0.5501 6754.04
0.5502 6774.43
0.5503 6794.82
0.5504 6815.21
0.5505 6835.58
0.5506 6855.96
0.5507 6876.32
0.5508 6896.68
0.5509 6917.04
0.551 6937.39
0.5511 6957.73
0.5512 6978.07
0.5513 6998.4
0.5514 7018.73
0.5515 7039.05
0.5516 7059.37
0.5517 7079.68
0.5518 7099.98
0.5519 7120.28
0.552 7140.57
0.5521 7160.86
0.5522 7181.14
0.5523 7201.41
0.5524 7221.68
0.5525 7241.94
0.5526 7262.2
0.5527 7282.45
0.5528 7302.7
0.5529 7322.94
0.553 7343.17
0.5531 7363.4
0.5532 7383.62
0.5533 7403.83
0.5534 7424.04
0.5535 7444.24
0.5536 7464.44
0.5537 7484.63
0.5538 7504.82
0.5539 7525
0.554 7545.17
0.5541 7565.33
0.5542 7585.49
0.5543 7605.65
0.5544 7625.8
0.5545 7645.94
0.5546 7666.07
0.5547 7686.2
0.5548 7706.32
0.5549 7726.44
0.555 7746.55
0.5551 7766.65
0.5552 7786.75
0.5553 7806.84
0.5554 7826.93
0.5555 7847.01
0.5556 7867.08
0.5557 7887.14
0.5558 7907.2
0.5559 7927.25
0.556 7947.3
0.5561 7967.34
0.5562 7987.37
0.5563 8007.4
0.5564 8027.42
0.5565 8047.43
0.5566 8067.44
0.5567 8087.44
0.5568 8107.43
0.5569 8127.42
0.557 8147.4
0.5571 8167.37
0.5572 8187.34
0.5573 8207.3
0.5574 8227.25
0.5575 8247.2
0.5576 8267.14
0.5577 8287.07
0.5578 8307
0.5579 8326.92
0.558 8346.83
0.5581 8366.74
0.5582 8386.64
0.5583 8406.53
0.5584 8426.42
0.5585 8446.3
0.5586 8466.17
0.5587 8486.03
0.5588 8505.89
0.5589 8525.74
0.559 8545.59
0.5591 8565.42
0.5592 8585.25
0.5593 8605.08
0.5594 8624.89
0.5595 8644.7
0.5596 8664.5
0.5597 8684.3
0.5598 8704.09
0.5599 8723.87
0.56 8743.64
0.5601 8763.41
0.5602 8783.17
0.5603 8802.92
0.5604 8822.66
0.5605 8842.4
0.5606 8862.13
0.5607 8881.86
0.5608 8901.57
0.5609 8921.28
0.561 8940.98
0.5611 8960.68
0.5612 8980.36
0.5613 9000.04
0.5614 9019.71
0.5615 9039.38
0.5616 9059.04
0.5617 9078.69
0.5618 9098.33
0.5619 9117.96
0.562 9137.59
0.5621 9157.21
0.5622 9176.82
0.5623 9196.43
0.5624 9216.03
0.5625 9235.62
0.5626 9255.2
0.5627 9274.78
0.5628 9294.34
0.5629 9313.9
0.563 9333.45
0.5631 9353
0.5632 9372.54
0.5633 9392.07
0.5634 9411.59
0.5635 9431.1
0.5636 9450.61
0.5637 9470.11
0.5638 9489.6
0.5639 9509.08
0.564 9528.56
0.5641 9548.02
0.5642 9567.48
0.5643 9586.93
0.5644 9606.38
0.5645 9625.82
0.5646 9645.24
0.5647 9664.66
0.5648 9684.08
0.5649 9703.48
0.565 9722.88
0.5651 9742.27
0.5652 9761.65
0.5653 9781.02
0.5654 9800.39
0.5655 9819.74
0.5656 9839.09
0.5657 9858.43
0.5658 9877.76
0.5659 9897.09
0.566 9916.41
0.5661 9935.71
0.5662 9955.02
0.5663 9974.31
0.5664 9993.59
0.5665 10012.9
0.5666 10032.1
0.5667 10051.4
0.5668 10070.6
0.5669 10089.9
0.567 10109.1
0.5671 10128.4
0.5672 10147.6
0.5673 10166.8
0.5674 10186
0.5675 10205.2
0.5676 10224.4
0.5677 10243.5
0.5678 10262.7
0.5679 10281.9
0.568 10301
0.5681 10320.2
0.5682 10339.3
0.5683 10358.4
0.5684 10377.5
0.5685 10396.6
0.5686 10415.7
0.5687 10434.8
0.5688 10453.9
0.5689 10473
0.569 10492.1
0.5691 10511.1
0.5692 10530.2
0.5693 10549.2
0.5694 10568.2
0.5695 10587.3
0.5696 10606.3
0.5697 10625.3
0.5698 10644.3
0.5699 10663.3
0.57 10682.3
0.5701 10701.2
0.5702 10720.2
0.5703 10739.2
0.5704 10758.1
0.5705 10777
0.5706 10796
0.5707 10814.9
0.5708 10833.8
0.5709 10852.7
0.571 10871.6
0.5711 10890.5
0.5712 10909.3
0.5713 10928.2
0.5714 10947.1
0.5715 10965.9
0.5716 10984.8
0.5717 11003.6
0.5718 11022.4
0.5719 11041.2
0.572 11060
0.5721 11078.8
0.5722 11097.6
0.5723 11116.4
0.5724 11135.1
0.5725 11153.9
0.5726 11172.6
0.5727 11191.4
0.5728 11210.1
0.5729 11228.8
0.573 11247.5
0.5731 11266.2
0.5732 11284.9
0.5733 11303.6
0.5734 11322.3
0.5735 11341
0.5736 11359.6
0.5737 11378.3
0.5738 11396.9
0.5739 11415.5
0.574 11434.2
0.5741 11452.8
0.5742 11471.4
0.5743 11490
0.5744 11508.5
0.5745 11527.1
0.5746 11545.7
0.5747 11564.2
0.5748 11582.8
0.5749 11601.3
0.575 11619.8
0.5751 11638.3
0.5752 11656.9
0.5753 11675.4
0.5754 11693.8
0.5755 11712.3
0.5756 11730.8
0.5757 11749.2
0.5758 11767.7
0.5759 11786.1
0.576 11804.6
0.5761 11823
0.5762 11841.4
0.5763 11859.8
0.5764 11878.2
0.5765 11896.6
0.5766 11914.9
0.5767 11933.3
0.5768 11951.6
0.5769 11970
0.577 11988.3
0.5771 12006.6
0.5772 12025
0.5773 12043.3
0.5774 12061.6
0.5775 12079.8
0.5776 12098.1
0.5777 12116.4
0.5778 12134.6
0.5779 12152.9
0.578 12171.1
0.5781 12189.3
0.5782 12207.5
0.5783 12225.7
0.5784 12243.9
0.5785 12262.1
0.5786 12280.3
0.5787 12298.5
0.5788 12316.6
0.5789 12334.8
0.579 12352.9
0.5791 12371
0.5792 12389.1
0.5793 12407.2
0.5794 12425.3
0.5795 12443.4
0.5796 12461.5
0.5797 12479.6
0.5798 12497.6
0.5799 12515.6
0.58 12533.7
0.5801 12551.7
0.5802 12569.7
0.5803 12587.7
0.5804 12605.7
0.5805 12623.7
0.5806 12641.7
0.5807 12659.6
0.5808 12677.6
0.5809 12695.5
0.581 12713.4
0.5811 12731.4
0.5812 12749.3
0.5813 12767.2
0.5814 12785
0.5815 12802.9
0.5816 12820.8
0.5817 12838.6
0.5818 12856.5
0.5819 12874.3
0.582 12892.2
0.5821 12910
0.5822 12927.8
0.5823 12945.6
0.5824 12963.3
0.5825 12981.1
0.5826 12998.9
0.5827 13016.6
0.5828 13034.4
0.5829 13052.1
0.583 13069.8
0.5831 13087.5
0.5832 13105.2
0.5833 13122.9
0.5834 13140.6
0.5835 13158.3
0.5836 13175.9
0.5837 13193.6
0.5838 13211.2
0.5839 13228.8
0.584 13246.4
0.5841 13264
0.5842 13281.6
0.5843 13299.2
0.5844 13316.8
0.5845 13334.3
0.5846 13351.9
0.5847 13369.4
0.5848 13386.9
0.5849 13404.4
0.585 13421.9
0.5851 13439.4
0.5852 13456.9
0.5853 13474.4
0.5854 13491.8
0.5855 13509.3
0.5856 13526.7
0.5857 13544.1
0.5858 13561.6
0.5859 13579
0.586 13596.4
0.5861 13613.7
0.5862 13631.1
0.5863 13648.5
0.5864 13665.8
0.5865 13683.1
0.5866 13700.5
0.5867 13717.8
0.5868 13735.1
0.5869 13752.4
0.587 13769.7
0.5871 13786.9
0.5872 13804.2
0.5873 13821.4
0.5874 13838.7
0.5875 13855.9
0.5876 13873.1
0.5877 13890.3
0.5878 13907.5
0.5879 13924.7
0.588 13941.8
0.5881 13959
0.5882 13976.1
0.5883 13993.3
0.5884 14010.4
0.5885 14027.5
0.5886 14044.6
0.5887 14061.7
0.5888 14078.8
0.5889 14095.8
0.589 14112.9
0.5891 14129.9
0.5892 14147
0.5893 14164
0.5894 14181
0.5895 14198
0.5896 14215
0.5897 14231.9
0.5898 14248.9
0.5899 14265.8
0.59 14282.8
0.5901 14299.7
0.5902 14316.6
0.5903 14333.5
0.5904 14350.4
0.5905 14367.3
0.5906 14384.2
0.5907 14401
0.5908 14417.9
0.5909 14434.7
0.591 14451.5
0.5911 14468.3
0.5912 14485.1
0.5913 14501.9
0.5914 14518.7
0.5915 14535.4
0.5916 14552.2
0.5917 14568.9
0.5918 14585.6
0.5919 14602.4
0.592 14619.1
0.5921 14635.7
0.5922 14652.4
0.5923 14669.1
0.5924 14685.7
0.5925 14702.4
0.5926 14719
0.5927 14735.6
0.5928 14752.2
0.5929 14768.8
0.593 14785.4
0.5931 14802
0.5932 14818.5
0.5933 14835.1
0.5934 14851.6
0.5935 14868.1
0.5936 14884.6
0.5937 14901.1
0.5938 14917.6
0.5939 14934.1
0.594 14950.6
0.5941 14967
0.5942 14983.4
0.5943 14999.9
0.5944 15016.3
0.5945 15032.7
0.5946 15049.1
0.5947 15065.4
0.5948 15081.8
0.5949 15098.1
0.595 15114.5
0.5951 15130.8
0.5952 15147.1
0.5953 15163.4
0.5954 15179.7
0.5955 15196
0.5956 15212.2
0.5957 15228.5
0.5958 15244.7
0.5959 15260.9
0.596 15277.2
0.5961 15293.4
0.5962 15309.5
0.5963 15325.7
0.5964 15341.9
0.5965 15358
0.5966 15374.2
0.5967 15390.3
0.5968 15406.4
0.5969 15422.5
0.597 15438.6
0.5971 15454.7
0.5972 15470.7
0.5973 15486.8
0.5974 15502.8
0.5975 15518.8
0.5976 15534.9
0.5977 15550.9
0.5978 15566.8
0.5979 15582.8
0.598 15598.8
0.5981 15614.7
0.5982 15630.7
0.5983 15646.6
0.5984 15662.5
0.5985 15678.4
0.5986 15694.3
0.5987 15710.1
0.5988 15726
0.5989 15741.9
0.599 15757.7
0.5991 15773.5
0.5992 15789.3
0.5993 15805.1
0.5994 15820.9
0.5995 15836.7
0.5996 15852.4
0.5997 15868.2
0.5998 15883.9
0.5999 15899.6
0.6 15915.3
0.6001 15931
0.6002 15946.7
0.6003 15962.3
0.6004 15978
0.6005 15993.6
0.6006 16009.3
0.6007 16024.9
0.6008 16040.5
0.6009 16056
0.601 16071.6
0.6011 16087.2
0.6012 16102.7
0.6013 16118.3
0.6014 16133.8
0.6015 16149.3
0.6016 16164.8
0.6017 16180.3
0.6018 16195.7
0.6019 16211.2
0.602 16226.6
0.6021 16242.1
0.6022 16257.5
0.6023 16272.9
0.6024 16288.3
0.6025 16303.6
0.6026 16319
0.6027 16334.3
0.6028 16349.7
0.6029 16365
0.603 16380.3
0.6031 16395.6
0.6032 16410.9
0.6033 16426.2
0.6034 16441.4
0.6035 16456.6
0.6036 16471.9
0.6037 16487.1
0.6038 16502.3
0.6039 16517.5
0.604 16532.7
0.6041 16547.8
0.6042 16563
0.6043 16578.1
0.6044 16593.2
0.6045 16608.3
0.6046 16623.4
0.6047 16638.5
0.6048 16653.6
0.6049 16668.6
0.605 16683.6
0.6051 16698.7
0.6052 16713.7
0.6053 16728.7
0.6054 16743.7
0.6055 16758.6
0.6056 16773.6
0.6057 16788.5
0.6058 16803.5
0.6059 16818.4
0.606 16833.3
0.6061 16848.2
0.6062 16863
0.6063 16877.9
0.6064 16892.7
0.6065 16907.6
0.6066 16922.4
0.6067 16937.2
0.6068 16952
0.6069 16966.8
0.607 16981.5
0.6071 16996.3
0.6072 17011
0.6073 17025.7
0.6074 17040.4
0.6075 17055.1
0.6076 17069.8
0.6077 17084.5
0.6078 17099.1
0.6079 17113.8
0.608 17128.4
0.6081 17143
0.6082 17157.6
0.6083 17172.2
0.6084 17186.8
0.6085 17201.3
0.6086 17215.8
0.6087 17230.4
0.6088 17244.9
0.6089 17259.4
0.609 17273.9
0.6091 17288.3
0.6092 17302.8
0.6093 17317.2
0.6094 17331.7
0.6095 17346.1
0.6096 17360.5
0.6097 17374.9
0.6098 17389.2
0.6099 17403.6
0.61 17417.9
0.6101 17432.2
0.6102 17446.6
0.6103 17460.9
0.6104 17475.1
0.6105 17489.4
0.6106 17503.7
0.6107 17517.9
0.6108 17532.1
0.6109 17546.4
0.611 17560.6
0.6111 17574.7
0.6112 17588.9
0.6113 17603.1
0.6114 17617.2
0.6115 17631.3
0.6116 17645.5
0.6117 17659.5
0.6118 17673.6
0.6119 17687.7
0.612 17701.8
0.6121 17715.8
0.6122 17729.8
0.6123 17743.8
0.6124 17757.8
0.6125 17771.8
0.6126 17785.8
0.6127 17799.7
0.6128 17813.7
0.6129 17827.6
0.613 17841.5
0.6131 17855.4
0.6132 17869.3
0.6133 17883.2
0.6134 17897
0.6135 17910.8
0.6136 17924.7
0.6137 17938.5
0.6138 17952.3
0.6139 17966
0.614 17979.8
0.6141 17993.6
0.6142 18007.3
0.6143 18021
0.6144 18034.7
0.6145 18048.4
0.6146 18062.1
0.6147 18075.7
0.6148 18089.4
0.6149 18103
0.615 18116.6
0.6151 18130.2
0.6152 18143.8
0.6153 18157.4
0.6154 18171
0.6155 18184.5
0.6156 18198
0.6157 18211.5
0.6158 18225
0.6159 18238.5
0.616 18252
0.6161 18265.4
0.6162 18278.9
0.6163 18292.3
0.6164 18305.7
0.6165 18319.1
0.6166 18332.5
0.6167 18345.9
0.6168 18359.2
0.6169 18372.5
0.617 18385.9
0.6171 18399.2
0.6172 18412.4
0.6173 18425.7
0.6174 18439
0.6175 18452.2
0.6176 18465.4
0.6177 18478.7
0.6178 18491.9
0.6179 18505
0.618 18518.2
0.6181 18531.4
0.6182 18544.5
0.6183 18557.6
0.6184 18570.7
0.6185 18583.8
0.6186 18596.9
0.6187 18610
0.6188 18623
0.6189 18636
0.619 18649.1
0.6191 18662.1
0.6192 18675
0.6193 18688
0.6194 18701
0.6195 18713.9
0.6196 18726.8
0.6197 18739.7
0.6198 18752.6
0.6199 18765.5
0.62 18778.4
0.6201 18791.2
0.6202 18804.1
0.6203 18816.9
0.6204 18829.7
0.6205 18842.5
0.6206 18855.2
0.6207 18868
0.6208 18880.7
0.6209 18893.5
0.621 18906.2
0.6211 18918.9
0.6212 18931.5
0.6213 18944.2
0.6214 18956.9
0.6215 18969.5
0.6216 18982.1
0.6217 18994.7
0.6218 19007.3
0.6219 19019.9
0.622 19032.4
0.6221 19045
0.6222 19057.5
0.6223 19070
0.6224 19082.5
0.6225 19095
0.6226 19107.4
0.6227 19119.9
0.6228 19132.3
0.6229 19144.7
0.623 19157.1
0.6231 19169.5
0.6232 19181.9
0.6233 19194.2
0.6234 19206.5
0.6235 19218.9
0.6236 19231.2
0.6237 19243.5
0.6238 19255.7
0.6239 19268
0.624 19280.2
0.6241 19292.5
0.6242 19304.7
0.6243 19316.9
0.6244 19329
0.6245 19341.2
0.6246 19353.4
0.6247 19365.5
0.6248 19377.6
0.6249 19389.7
0.625 19401.8
0.6251 19413.9
0.6252 19425.9
0.6253 19437.9
0.6254 19450
0.6255 19462
0.6256 19474
0.6257 19485.9
0.6258 19497.9
0.6259 19509.8
0.626 19521.8
0.6261 19533.7
0.6262 19545.6
0.6263 19557.4
0.6264 19569.3
0.6265 19581.1
0.6266 19593
0.6267 19604.8
0.6268 19616.6
0.6269 19628.4
0.627 19640.1
0.6271 19651.9
0.6272 19663.6
0.6273 19675.3
0.6274 19687
0.6275 19698.7
0.6276 19710.4
0.6277 19722
0.6278 19733.7
0.6279 19745.3
0.628 19756.9
0.6281 19768.5
0.6282 19780.1
0.6283 19791.6
0.6284 19803.2
0.6285 19814.7
0.6286 19826.2
0.6287 19837.7
0.6288 19849.1
0.6289 19860.6
0.629 19872
0.6291 19883.5
0.6292 19894.9
0.6293 19906.3
0.6294 19917.7
0.6295 19929
0.6296 19940.4
0.6297 19951.7
0.6298 19963
0.6299 19974.3
0.63 19985.6
0.6301 19996.8
0.6302 20008.1
0.6303 20019.3
0.6304 20030.5
0.6305 20041.7
0.6306 20052.9
0.6307 20064.1
0.6308 20075.2
0.6309 20086.4
0.631 20097.5
0.6311 20108.6
0.6312 20119.7
0.6313 20130.7
0.6314 20141.8
0.6315 20152.8
0.6316 20163.8
0.6317 20174.8
0.6318 20185.8
0.6319 20196.8
0.632 20207.7
0.6321 20218.7
0.6322 20229.6
0.6323 20240.5
0.6324 20251.4
0.6325 20262.3
0.6326 20273.1
0.6327 20283.9
0.6328 20294.8
0.6329 20305.6
0.633 20316.4
0.6331 20327.1
0.6332 20337.9
0.6333 20348.6
0.6334 20359.3
0.6335 20370
0.6336 20380.7
0.6337 20391.4
0.6338 20402
0.6339 20412.7
0.634 20423.3
0.6341 20433.9
0.6342 20444.5
0.6343 20455.1
0.6344 20465.6
0.6345 20476.2
0.6346 20486.7
0.6347 20497.2
0.6348 20507.7
0.6349 20518.1
0.635 20528.6
0.6351 20539
0.6352 20549.4
0.6353 20559.8
0.6354 20570.2
0.6355 20580.6
0.6356 20591
0.6357 20601.3
0.6358 20611.6
0.6359 20621.9
0.636 20632.2
0.6361 20642.5
0.6362 20652.7
0.6363 20662.9
0.6364 20673.2
0.6365 20683.4
0.6366 20693.5
0.6367 20703.7
0.6368 20713.9
0.6369 20724
0.637 20734.1
0.6371 20744.2
0.6372 20754.3
0.6373 20764.4
0.6374 20774.4
0.6375 20784.4
0.6376 20794.5
0.6377 20804.5
0.6378 20814.4
0.6379 20824.4
0.638 20834.3
0.6381 20844.3
0.6382 20854.2
0.6383 20864.1
0.6384 20874
0.6385 20883.8
0.6386 20893.7
0.6387 20903.5
0.6388 20913.3
0.6389 20923.1
0.639 20932.9
0.6391 20942.6
0.6392 20952.4
0.6393 20962.1
0.6394 20971.8
0.6395 20981.5
0.6396 20991.2
0.6397 21000.8
0.6398 21010.5
0.6399 21020.1
0.64 21029.7
0.6401 21039.3
0.6402 21048.8
0.6403 21058.4
0.6404 21067.9
0.6405 21077.5
0.6406 21087
0.6407 21096.4
0.6408 21105.9
0.6409 21115.4
0.641 21124.8
0.6411 21134.2
0.6412 21143.6
0.6413 21153
0.6414 21162.3
0.6415 21171.7
0.6416 21181
0.6417 21190.3
0.6418 21199.6
0.6419 21208.9
0.642 21218.2
0.6421 21227.4
0.6422 21236.6
0.6423 21245.8
0.6424 21255
0.6425 21264.2
0.6426 21273.4
0.6427 21282.5
0.6428 21291.6
0.6429 21300.7
0.643 21309.8
0.6431 21318.9
0.6432 21327.9
0.6433 21337
0.6434 21346
0.6435 21355
0.6436 21364
0.6437 21372.9
0.6438 21381.9
0.6439 21390.8
0.644 21399.7
0.6441 21408.6
0.6442 21417.5
0.6443 21426.3
0.6444 21435.2
0.6445 21444
0.6446 21452.8
0.6447 21461.6
0.6448 21470.4
0.6449 21479.1
0.645 21487.9
0.6451 21496.6
0.6452 21505.3
0.6453 21514
0.6454 21522.6
0.6455 21531.3
0.6456 21539.9
0.6457 21548.5
0.6458 21557.1
0.6459 21565.7
0.646 21574.3
0.6461 21582.8
0.6462 21591.3
0.6463 21599.8
0.6464 21608.3
0.6465 21616.8
0.6466 21625.3
0.6467 21633.7
0.6468 21642.1
0.6469 21650.5
0.647 21658.9
0.6471 21667.3
0.6472 21675.6
0.6473 21683.9
0.6474 21692.3
0.6475 21700.6
0.6476 21708.8
0.6477 21717.1
0.6478 21725.3
0.6479 21733.6
0.648 21741.8
0.6481 21750
0.6482 21758.1
0.6483 21766.3
0.6484 21774.4
0.6485 21782.5
0.6486 21790.6
0.6487 21798.7
0.6488 21806.8
0.6489 21814.8
0.649 21822.9
0.6491 21830.9
0.6492 21838.9
0.6493 21846.8
0.6494 21854.8
0.6495 21862.7
0.6496 21870.7
0.6497 21878.6
0.6498 21886.5
0.6499 21894.3
0.65 21902.2
0.6501 21910
0.6502 21917.8
0.6503 21925.6
0.6504 21933.4
0.6505 21941.2
0.6506 21948.9
0.6507 21956.6
0.6508 21964.3
0.6509 21972
0.651 21979.7
0.6511 21987.4
0.6512 21995
0.6513 22002.6
0.6514 22010.2
0.6515 22017.8
0.6516 22025.4
0.6517 22032.9
0.6518 22040.4
0.6519 22047.9
0.652 22055.4
0.6521 22062.9
0.6522 22070.4
0.6523 22077.8
0.6524 22085.2
0.6525 22092.6
0.6526 22100
0.6527 22107.4
0.6528 22114.7
0.6529 22122
0.653 22129.4
0.6531 22136.7
0.6532 22143.9
0.6533 22151.2
0.6534 22158.4
0.6535 22165.6
0.6536 22172.8
0.6537 22180
0.6538 22187.2
0.6539 22194.4
0.654 22201.5
0.6541 22208.6
0.6542 22215.7
0.6543 22222.8
0.6544 22229.8
0.6545 22236.9
0.6546 22243.9
0.6547 22250.9
0.6548 22257.9
0.6549 22264.8
0.655 22271.8
0.6551 22278.7
0.6552 22285.6
0.6553 22292.5
0.6554 22299.4
0.6555 22306.3
0.6556 22313.1
0.6557 22319.9
0.6558 22326.7
0.6559 22333.5
0.656 22340.3
0.6561 22347
0.6562 22353.8
0.6563 22360.5
0.6564 22367.2
0.6565 22373.8
0.6566 22380.5
0.6567 22387.1
0.6568 22393.8
0.6569 22400.4
0.657 22406.9
0.6571 22413.5
0.6572 22420.1
0.6573 22426.6
0.6574 22433.1
0.6575 22439.6
0.6576 22446.1
0.6577 22452.5
0.6578 22459
0.6579 22465.4
0.658 22471.8
0.6581 22478.2
0.6582 22484.5
0.6583 22490.9
0.6584 22497.2
0.6585 22503.5
0.6586 22509.8
0.6587 22516.1
0.6588 22522.3
0.6589 22528.6
0.659 22534.8
0.6591 22541
0.6592 22547.2
0.6593 22553.3
0.6594 22559.5
0.6595 22565.6
0.6596 22571.7
0.6597 22577.8
0.6598 22583.9
0.6599 22589.9
0.66 22595.9
0.6601 22602
0.6602 22608
0.6603 22613.9
0.6604 22619.9
0.6605 22625.8
0.6606 22631.8
0.6607 22637.7
0.6608 22643.5
0.6609 22649.4
0.661 22655.3
0.6611 22661.1
0.6612 22666.9
0.6613 22672.7
0.6614 22678.5
0.6615 22684.2
0.6616 22690
0.6617 22695.7
0.6618 22701.4
0.6619 22707.1
0.662 22712.7
0.6621 22718.4
0.6622 22724
0.6623 22729.6
0.6624 22735.2
0.6625 22740.8
0.6626 22746.3
0.6627 22751.8
0.6628 22757.4
0.6629 22762.9
0.663 22768.3
0.6631 22773.8
0.6632 22779.2
0.6633 22784.7
0.6634 22790.1
0.6635 22795.4
0.6636 22800.8
0.6637 22806.2
0.6638 22811.5
0.6639 22816.8
0.664 22822.1
0.6641 22827.4
0.6642 22832.6
0.6643 22837.9
0.6644 22843.1
0.6645 22848.3
0.6646 22853.4
0.6647 22858.6
0.6648 22863.8
0.6649 22868.9
0.665 22874
0.6651 22879.1
0.6652 22884.1
0.6653 22889.2
0.6654 22894.2
0.6655 22899.2
0.6656 22904.2
0.6657 22909.2
0.6658 22914.1
0.6659 22919.1
0.666 22924
0.6661 22928.9
0.6662 22933.8
0.6663 22938.6
0.6664 22943.5
0.6665 22948.3
0.6666 22953.1
0.6667 22957.9
0.6668 22962.7
0.6669 22967.4
0.667 22972.2
0.6671 22976.9
0.6672 22981.6
0.6673 22986.2
0.6674 22990.9
0.6675 22995.5
0.6676 23000.1
0.6677 23004.7
0.6678 23009.3
0.6679 23013.9
0.668 23018.4
0.6681 23022.9
0.6682 23027.5
0.6683 23031.9
0.6684 23036.4
0.6685 23040.9
0.6686 23045.3
0.6687 23049.7
0.6688 23054.1
0.6689 23058.5
0.669 23062.8
0.6691 23067.2
0.6692 23071.5
0.6693 23075.8
0.6694 23080
0.6695 23084.3
0.6696 23088.6
0.6697 23092.8
0.6698 23097
0.6699 23101.2
0.67 23105.3
0.6701 23109.5
0.6702 23113.6
0.6703 23117.7
0.6704 23121.8
0.6705 23125.9
0.6706 23129.9
0.6707 23134
0.6708 23138
0.6709 23142
0.671 23146
0.6711 23149.9
0.6712 23153.9
0.6713 23157.8
0.6714 23161.7
0.6715 23165.6
0.6716 23169.4
0.6717 23173.3
0.6718 23177.1
0.6719 23180.9
0.672 23184.7
0.6721 23188.5
0.6722 23192.2
0.6723 23195.9
0.6724 23199.7
0.6725 23203.3
0.6726 23207
0.6727 23210.7
0.6728 23214.3
0.6729 23217.9
0.673 23221.5
0.6731 23225.1
0.6732 23228.7
0.6733 23232.2
0.6734 23235.7
0.6735 23239.2
0.6736 23242.7
0.6737 23246.2
0.6738 23249.6
0.6739 23253.1
0.674 23256.5
0.6741 23259.9
0.6742 23263.2
0.6743 23266.6
0.6744 23269.9
0.6745 23273.2
0.6746 23276.5
0.6747 23279.8
0.6748 23283.1
0.6749 23286.3
0.675 23289.5
0.6751 23292.7
0.6752 23295.9
0.6753 23299.1
0.6754 23302.2
0.6755 23305.3
0.6756 23308.4
0.6757 23311.5
0.6758 23314.6
0.6759 23317.6
0.676 23320.7
0.6761 23323.7
0.6762 23326.7
0.6763 23329.6
0.6764 23332.6
0.6765 23335.5
0.6766 23338.4
0.6767 23341.3
0.6768 23344.2
0.6769 23347.1
0.677 23349.9
0.6771 23352.7
0.6772 23355.5
0.6773 23358.3
0.6774 23361.1
0.6775 23363.8
0.6776 23366.5
0.6777 23369.2
0.6778 23371.9
0.6779 23374.6
0.678 23377.2
0.6781 23379.9
0.6782 23382.5
0.6783 23385.1
0.6784 23387.6
0.6785 23390.2
0.6786 23392.7
0.6787 23395.2
0.6788 23397.7
0.6789 23400.2
0.679 23402.7
0.6791 23405.1
0.6792 23407.5
0.6793 23409.9
0.6794 23412.3
0.6795 23414.7
0.6796 23417
0.6797 23419.3
0.6798 23421.6
0.6799 23423.9
0.68 23426.2
0.6801 23428.4
0.6802 23430.7
0.6803 23432.9
0.6804 23435.1
0.6805 23437.2
0.6806 23439.4
0.6807 23441.5
0.6808 23443.6
0.6809 23445.7
0.681 23447.8
0.6811 23449.8
0.6812 23451.9
0.6813 23453.9
0.6814 23455.9
0.6815 23457.9
0.6816 23459.8
0.6817 23461.8
0.6818 23463.7
0.6819 23465.6
0.682 23467.5
0.6821 23469.3
0.6822 23471.2
0.6823 23473
0.6824 23474.8
0.6825 23476.6
0.6826 23478.4
0.6827 23480.1
0.6828 23481.8
0.6829 23483.6
0.683 23485.2
0.6831 23486.9
0.6832 23488.6
0.6833 23490.2
0.6834 23491.8
0.6835 23493.4
0.6836 23495
0.6837 23496.5
0.6838 23498.1
0.6839 23499.6
0.684 23501.1
0.6841 23502.6
0.6842 23504
0.6843 23505.5
0.6844 23506.9
0.6845 23508.3
0.6846 23509.7
0.6847 23511.1
0.6848 23512.4
0.6849 23513.7
0.685 23515
0.6851 23516.3
0.6852 23517.6
0.6853 23518.8
0.6854 23520.1
0.6855 23521.3
0.6856 23522.5
0.6857 23523.6
0.6858 23524.8
0.6859 23525.9
0.686 23527
0.6861 23528.1
0.6862 23529.2
0.6863 23530.3
0.6864 23531.3
0.6865 23532.3
0.6866 23533.3
0.6867 23534.3
0.6868 23535.3
0.6869 23536.2
0.687 23537.1
0.6871 23538
0.6872 23538.9
0.6873 23539.8
0.6874 23540.6
0.6875 23541.5
0.6876 23542.3
0.6877 23543.1
0.6878 23543.8
0.6879 23544.6
0.688 23545.3
0.6881 23546
0.6882 23546.7
0.6883 23547.4
0.6884 23548
0.6885 23548.7
0.6886 23549.3
0.6887 23549.9
0.6888 23550.5
0.6889 23551
0.689 23551.6
0.6891 23552.1
0.6892 23552.6
0.6893 23553.1
0.6894 23553.5
0.6895 23554
0.6896 23554.4
0.6897 23554.8
0.6898 23555.2
0.6899 23555.5
0.69 23555.9
0.6901 23556.2
0.6902 23556.5
0.6903 23556.8
0.6904 23557.1
0.6905 23557.3
0.6906 23557.6
0.6907 23557.8
0.6908 23558
0.6909 23558.1
0.691 23558.3
0.6911 23558.4
0.6912 23558.5
0.6913 23558.6
0.6914 23558.7
0.6915 23558.8
0.6916 23558.8
0.6917 23558.8
0.6918 23558.8
0.6919 23558.8
0.692 23558.8
0.6921 23558.7
0.6922 23558.6
0.6923 23558.5
0.6924 23558.4
0.6925 23558.3
0.6926 23558.1
0.6927 23558
0.6928 23557.8
0.6929 23557.6
0.693 23557.3
0.6931 23557.1
0.6932 23556.8
0.6933 23556.5
0.6934 23556.2
0.6935 23555.9
0.6936 23555.5
0.6937 23555.2
0.6938 23554.8
0.6939 23554.4
0.694 23554
0.6941 23553.5
0.6942 23553.1
0.6943 23552.6
0.6944 23552.1
0.6945 23551.6
0.6946 23551
0.6947 23550.5
0.6948 23549.9
0.6949 23549.3
0.695 23548.7
0.6951 23548
0.6952 23547.4
