0 0
0.0001 0
0.0002 0
0.0003 0
0.0004 0
0.0005 0
0.0006 0
0.0007 0
0.0008 0
0.0009 0
0.001 0
0.0011 0
0.0012 0
0.0013 0
0.0014 0
0.0015 0
0.0016 0
0.0017 0
0.0018 0
0.0019 0
0.002 0
0.0021 0
0.0022 0
0.0023 0
0.0024 0
0.0025 0
0.0026 0
0.0027 0
0.0028 0
0.0029 0
0.003 0
0.0031 0
0.0032 0
0.0033 0
0.0034 0
0.0035 0
0.0036 0
0.0037 0
0.0038 0
0.0039 0
0.004 0
0.0041 0
0.0042 0
0.0043 0
0.0044 0
0.0045 0
0.0046 0
0.0047 0
0.0048 0
0.0049 0
0.005 0
0.0051 0
0.0052 0
0.0053 0
0.0054 0
0.0055 0
0.0056 0
0.0057 0
0.0058 0
0.0059 0
0.006 0
0.0061 0
0.0062 0
0.0063 0
0.0064 0
0.0065 0
0.0066 0
0.0067 0
0.0068 0
0.0069 0
0.007 0
0.0071 0
0.0072 0
0.0073 0
0.0074 0
0.0075 0
0.0076 0
0.0077 0
0.0078 0
0.0079 0
0.008 0
0.0081 0
0.0082 0
0.0083 0
0.0084 0
0.0085 0
0.0086 0
0.0087 0
0.0088 0
0.0089 0
0.009 0
0.0091 0
0.0092 0
0.0093 0
0.0094 0
0.0095 0
0.0096 0
0.0097 0
0.0098 0
0.0099 0
0.01 0
0.0101 0
0.0102 0
0.0103 0
0.0104 0
0.0105 0
0.0106 0
0.0107 0
0.0108 0
0.0109 0
0.011 0
0.0111 0
0.0112 0
0.0113 0
0.0114 0
0.0115 0
0.0116 0
0.0117 0
0.0118 0
0.0119 0
0.012 0
0.0121 0
0.0122 0
0.0123 0
0.0124 0
0.0125 0
0.0126 0
0.0127 0
0.0128 0
0.0129 0
0.013 0
0.0131 0
0.0132 0
0.0133 0
0.0134 0
0.0135 0
0.0136 0
0.0137 0
0.0138 0
0.0139 0
0.014 0
0.0141 0
0.0142 0
0.0143 0
0.0144 0
0.0145 0
0.0146 0
0.0147 0
0.0148 0
0.0149 0
0.015 0
0.0151 0
0.0152 0
0.0153 0
0.0154 0
0.0155 0
0.0156 0
0.0157 0
0.0158 0
0.0159 0
0.016 0
0.0161 0
0.0162 0
0.0163 0
0.0164 0
0.0165 0
0.0166 0
0.0167 0
0.0168 0
0.0169 0
0.017 0
0.0171 0
0.0172 0
0.0173 0
0.0174 0
0.0175 0
0.0176 0
0.0177 0
0.0178 0
0.0179 0
0.018 0
0.0181 0
0.0182 0
0.0183 0
0.0184 0
0.0185 0
0.0186 0
0.0187 0
0.0188 0
0.0189 0
0.019 0
0.0191 0
0.0192 0
0.0193 0
0.0194 0
0.0195 0
0.0196 0
0.0197 0
0.0198 0
0.0199 0
0.02 0
0.0201 0
0.0202 0
0.0203 0
0.0204 0
0.0205 0
0.0206 0
0.0207 0
0.0208 0
0.0209 0
0.021 0
0.0211 0
0.0212 0
0.0213 0
0.0214 0
0.0215 0
0.0216 0
0.0217 0
0.0218 0
0.0219 0
0.022 0
0.0221 0
0.0222 0
0.0223 0
0.0224 0
0.0225 0
0.0226 0
0.0227 0
0.0228 0
0.0229 0
0.023 0
0.0231 0
0.0232 0
0.0233 0
0.0234 0
0.0235 0
0.0236 0
0.0237 0
0.0238 0
0.0239 0
0.024 0
0.0241 0
0.0242 0
0.0243 0
0.0244 0
0.0245 0
0.0246 0
0.0247 0
0.0248 0
0.0249 0
0.025 0
0.0251 0
0.0252 0
0.0253 0
0.0254 0
0.0255 0
0.0256 0
0.0257 0
0.0258 0
0.0259 0
0.026 0
0.0261 0
0.0262 0
0.0263 0
0.0264 0
0.0265 0
0.0266 0
0.0267 0
0.0268 0
0.0269 0
0.027 0
0.0271 0
0.0272 0
0.0273 0
0.0274 0
0.0275 0
0.0276 0
0.0277 0
0.0278 0
0.0279 0
0.028 0
0.0281 0
0.0282 0
0.0283 0
0.0284 0
0.0285 0
0.0286 0
0.0287 0
0.0288 0
0.0289 0
0.029 0
0.0291 0
0.0292 0
0.0293 0
0.0294 0
0.0295 0
0.0296 0
0.0297 0
0.0298 0
0.0299 0
0.03 0
0.0301 0
0.0302 0
0.0303 0
0.0304 0
0.0305 0
0.0306 0
0.0307 0
0.0308 0
0.0309 0
0.031 0
0.0311 0
0.0312 0
0.0313 0
0.0314 0
0.0315 0
0.0316 0
0.0317 0
0.0318 0
0.0319 0
0.032 0
0.0321 0
0.0322 0
0.0323 0
0.0324 0
0.0325 0
0.0326 0
0.0327 0
0.0328 0
0.0329 0
0.033 0
0.0331 0
0.0332 0
0.0333 0
0.0334 0
0.0335 0
0.0336 0
0.0337 0
0.0338 0
0.0339 0
0.034 0
0.0341 0
0.0342 0
0.0343 0
0.0344 0
0.0345 0
0.0346 0
0.0347 0
0.0348 0
0.0349 0
0.035 0
0.0351 0
0.0352 0
0.0353 0
0.0354 0
0.0355 0
0.0356 0
0.0357 0
0.0358 0
0.0359 0
0.036 0
0.0361 0
0.0362 0
0.0363 0
0.0364 0
0.0365 0
0.0366 0
0.0367 0
0.0368 0
0.0369 0
0.037 0
0.0371 0
0.0372 0
0.0373 0
0.0374 0
0.0375 0
0.0376 0
0.0377 0
0.0378 0
0.0379 0
0.038 0
0.0381 0
0.0382 0
0.0383 0
0.0384 0
0.0385 0
0.0386 0
0.0387 0
0.0388 0
0.0389 0
0.039 0
0.0391 0
0.0392 0
0.0393 0
0.0394 0
0.0395 0
0.0396 0
0.0397 0
0.0398 0
0.0399 0
0.04 0
0.0401 0
0.0402 0
0.0403 0
0.0404 0
0.0405 0
0.0406 0
0.0407 0
0.0408 0
0.0409 0
0.041 0
0.0411 0
0.0412 0
0.0413 0
0.0414 0
0.0415 0
0.0416 0
0.0417 0
0.0418 0
0.0419 0
0.042 0
0.0421 0
0.0422 0
0.0423 0
0.0424 0
0.0425 0
0.0426 0
0.0427 0
0.0428 0
0.0429 0
0.043 0
0.0431 0
0.0432 0
0.0433 0
0.0434 0
0.0435 0
0.0436 0
0.0437 0
0.0438 0
0.0439 0
0.044 0
0.0441 0
0.0442 0
0.0443 0
0.0444 0
0.0445 0
0.0446 0
0.0447 0
0.0448 0
0.0449 0
0.045 0
0.0451 0
0.0452 0
0.0453 0
0.0454 0
0.0455 0
0.0456 0
0.0457 0
0.0458 0
0.0459 0
0.046 0
0.0461 0
0.0462 0
0.0463 0
0.0464 0
0.0465 0
0.0466 0
0.0467 0
0.0468 0
0.0469 0
0.047 0
0.0471 0
0.0472 0
0.0473 0
0.0474 0
0.0475 0
0.0476 0
0.0477 0
0.0478 0
0.0479 0
0.048 0
0.0481 0
0.0482 0
0.0483 0
0.0484 0
0.0485 0
0.0486 0
0.0487 0
0.0488 0
0.0489 0
0.049 0
0.0491 0
0.0492 0
0.0493 0
0.0494 0
0.0495 0
0.0496 0
0.0497 0
0.0498 0
0.0499 0
0.05 0
0.0501 0
0.0502 0
0.0503 0
0.0504 0
0.0505 0
0.0506 0
0.0507 0
0.0508 0
0.0509 0
0.051 0
0.0511 0
0.0512 0
0.0513 0
0.0514 0
0.0515 0
0.0516 0
0.0517 0
0.0518 0
0.0519 0
0.052 0
0.0521 0
0.0522 0
0.0523 0
0.0524 0
0.0525 0
0.0526 0
0.0527 0
0.0528 0
0.0529 0
0.053 0
0.0531 0
0.0532 0
0.0533 0
0.0534 0
0.0535 0
0.0536 0
0.0537 0
0.0538 0
0.0539 0
0.054 0
0.0541 0
0.0542 0
0.0543 0
0.0544 0
0.0545 0
0.0546 0
0.0547 0
0.0548 0
0.0549 0
0.055 0
0.0551 0
0.0552 0
0.0553 0
0.0554 0
0.0555 0
0.0556 0
0.0557 0
0.0558 0
0.0559 0
0.056 0
0.0561 0
0.0562 0
0.0563 0
0.0564 0
0.0565 0
0.0566 0
0.0567 0
0.0568 0
0.0569 0
0.057 0
0.0571 0
0.0572 0
0.0573 0
0.0574 0
0.0575 0
0.0576 0
0.0577 0
0.0578 0
0.0579 0
0.058 0
0.0581 0
0.0582 0
0.0583 0
0.0584 0
0.0585 0
0.0586 0
0.0587 0
0.0588 0
0.0589 0
0.059 0
0.0591 0
0.0592 0
0.0593 0
0.0594 0
0.0595 0
0.0596 0
0.0597 0
0.0598 0
0.0599 0
0.06 0
0.0601 0
0.0602 0
0.0603 0
0.0604 0
0.0605 0
0.0606 0
0.0607 0
0.0608 0
0.0609 0
0.061 0
0.0611 0
0.0612 0
0.0613 0
0.0614 0
0.0615 0
0.0616 0
0.0617 0
0.0618 0
0.0619 0
0.062 0
0.0621 0
0.0622 0
0.0623 0
0.0624 0
0.0625 0
0.0626 0
0.0627 0
0.0628 0
0.0629 0
0.063 0
0.0631 0
0.0632 0
0.0633 0
0.0634 0
0.0635 0
0.0636 0
0.0637 0
0.0638 0
0.0639 0
0.064 0
0.0641 0
0.0642 0
0.0643 0
0.0644 0
0.0645 0
0.0646 0
0.0647 0
0.0648 0
0.0649 0
0.065 0
0.0651 0
0.0652 0
0.0653 0
0.0654 0
0.0655 0
0.0656 0
0.0657 0
0.0658 0
0.0659 0
0.066 0
0.0661 0
0.0662 0
0.0663 0
0.0664 0
0.0665 0
0.0666 0
0.0667 0
0.0668 0
0.0669 0
0.067 0
0.0671 0
0.0672 0
0.0673 0
0.0674 0
0.0675 0
0.0676 0
0.0677 0
0.0678 0
0.0679 0
0.068 0
0.0681 0
0.0682 0
0.0683 0
0.0684 0
0.0685 0
0.0686 0
0.0687 0
0.0688 0
0.0689 0
0.069 0
0.0691 0
0.0692 0
0.0693 0
0.0694 0
0.0695 0
0.0696 0
0.0697 0
0.0698 0
0.0699 0
0.07 0
0.0701 0
0.0702 0
0.0703 0
0.0704 0
0.0705 0
0.0706 0
0.0707 0
0.0708 0
0.0709 0
0.071 0
0.0711 0
0.0712 0
0.0713 0
0.0714 0
0.0715 0
0.0716 0
0.0717 0
0.0718 0
0.0719 0
0.072 0
0.0721 0
0.0722 0
0.0723 0
0.0724 0
0.0725 0
0.0726 0
0.0727 0
0.0728 0
0.0729 0
0.073 0
0.0731 0
0.0732 0
0.0733 0
0.0734 0
0.0735 0
0.0736 0
0.0737 0
0.0738 0
0.0739 0
0.074 0
0.0741 0
0.0742 0
0.0743 0
0.0744 0
0.0745 0
0.0746 0
0.0747 0
0.0748 0
0.0749 0
0.075 0
0.0751 0
0.0752 0
0.0753 0
0.0754 0
0.0755 0
0.0756 0
0.0757 0
0.0758 0
0.0759 0
0.076 0
0.0761 0
0.0762 0
0.0763 0
0.0764 0
0.0765 0
0.0766 0
0.0767 0
0.0768 0
0.0769 0
0.077 0
0.0771 0
0.0772 0
0.0773 0
0.0774 0
0.0775 0
0.0776 0
0.0777 0
0.0778 0
0.0779 0
0.078 0
0.0781 0
0.0782 0
0.0783 0
0.0784 0
0.0785 0
0.0786 0
0.0787 0
0.0788 0
0.0789 0
0.079 0
0.0791 0
0.0792 0
0.0793 0
0.0794 0
0.0795 0
0.0796 0
0.0797 0
0.0798 0
0.0799 0
0.08 0
0.0801 0
0.0802 0
0.0803 0
0.0804 0
0.0805 0
0.0806 0
0.0807 0
0.0808 0
0.0809 0
0.081 0
0.0811 0
0.0812 0
0.0813 0
0.0814 0
0.0815 0
0.0816 0
0.0817 0
0.0818 0
0.0819 0
0.082 0
0.0821 0
0.0822 0
0.0823 0
0.0824 0
0.0825 0
0.0826 0
0.0827 0
0.0828 0
0.0829 0
0.083 0
0.0831 0
0.0832 0
0.0833 0
0.0834 0
0.0835 0
0.0836 0
0.0837 0
0.0838 0
0.0839 0
0.084 0
0.0841 0
0.0842 0
0.0843 0
0.0844 0
0.0845 0
0.0846 0
0.0847 0
0.0848 0
0.0849 0
0.085 0
0.0851 0
0.0852 0
0.0853 0
0.0854 0
0.0855 0
0.0856 0
0.0857 0
0.0858 0
0.0859 0
0.086 0
0.0861 0
0.0862 0
0.0863 0
0.0864 0
0.0865 0
0.0866 0
0.0867 0
0.0868 0
0.0869 0
0.087 0
0.0871 0
0.0872 0
0.0873 0
0.0874 0
0.0875 0
0.0876 0
0.0877 0
0.0878 0
0.0879 0
0.088 0
0.0881 0
0.0882 0
0.0883 0
0.0884 0
0.0885 0
0.0886 0
0.0887 0
0.0888 0
0.0889 0
0.089 0
0.0891 0
0.0892 0
0.0893 0
0.0894 0
0.0895 0
0.0896 0
0.0897 0
0.0898 0
0.0899 0
0.09 0
0.0901 0
0.0902 0
0.0903 0
0.0904 0
0.0905 0
0.0906 0
0.0907 0
0.0908 0
0.0909 0
0.091 0
0.0911 0
0.0912 0
0.0913 0
0.0914 0
0.0915 0
0.0916 0
0.0917 0
0.0918 0
0.0919 0
0.092 0
0.0921 0
0.0922 0
0.0923 0
0.0924 0
0.0925 0
0.0926 0
0.0927 0
0.0928 0
0.0929 0
0.093 0
0.0931 0
0.0932 0
0.0933 0
0.0934 0
0.0935 0
0.0936 0
0.0937 0
0.0938 0
0.0939 0
0.094 0
0.0941 0
0.0942 0
0.0943 0
0.0944 0
0.0945 0
0.0946 0
0.0947 0
0.0948 0
0.0949 0
0.095 0
0.0951 0
0.0952 0
0.0953 0
0.0954 0
0.0955 0
0.0956 0
0.0957 0
0.0958 0
0.0959 0
0.096 0
0.0961 0
0.0962 0
0.0963 0
0.0964 0
0.0965 0
0.0966 0
0.0967 0
0.0968 0
0.0969 0
0.097 0
0.0971 0
0.0972 0
0.0973 0
0.0974 0
0.0975 0
0.0976 0
0.0977 0
0.0978 0
0.0979 0
0.098 0
0.0981 0
0.0982 0
0.0983 0
0.0984 0
0.0985 0
0.0986 0
0.0987 0
0.0988 0
0.0989 0
0.099 0
0.0991 0
0.0992 0
0.0993 0
0.0994 0
0.0995 0
0.0996 0
0.0997 0
0.0998 0
0.0999 0
0.1 0
0.1001 0
0.1002 0
0.1003 0
0.1004 0
0.1005 0
0.1006 0
0.1007 0
0.1008 0
0.1009 0
0.101 0
0.1011 0
0.1012 0
0.1013 0
0.1014 0
0.1015 0
0.1016 0
0.1017 0
0.1018 0
0.1019 0
0.102 0
0.1021 0
0.1022 0
0.1023 0
0.1024 0
0.1025 0
0.1026 0
0.1027 0
0.1028 0
0.1029 0
0.103 0
0.1031 0
0.1032 0
0.1033 0
0.1034 0
0.1035 0
0.1036 0
0.1037 0
0.1038 0
0.1039 0
0.104 0
0.1041 0
0.1042 0
0.1043 0
0.1044 0
0.1045 0
0.1046 0
0.1047 0
0.1048 0
0.1049 0
0.105 0
0.1051 0
0.1052 0
0.1053 0
0.1054 0
0.1055 0
0.1056 0
0.1057 0
0.1058 0
0.1059 0
0.106 0
0.1061 0
0.1062 0
0.1063 0
0.1064 0
0.1065 0
0.1066 0
0.1067 0
0.1068 0
0.1069 0
0.107 0
0.1071 0
0.1072 0
0.1073 0
0.1074 0
0.1075 0
0.1076 0
0.1077 0
0.1078 0
0.1079 0
0.108 0
0.1081 0
0.1082 0
0.1083 0
0.1084 0
0.1085 0
0.1086 0
0.1087 0
0.1088 0
0.1089 0
0.109 0
0.1091 0
0.1092 0
0.1093 0
0.1094 0
0.1095 0
0.1096 0
0.1097 0
0.1098 0
0.1099 0
0.11 0
0.1101 0
0.1102 0
0.1103 0
0.1104 0
0.1105 0
0.1106 0
0.1107 0
0.1108 0
0.1109 0
0.111 0
0.1111 0
0.1112 0
0.1113 0
0.1114 0
0.1115 0
0.1116 0
0.1117 0
0.1118 0
0.1119 0
0.112 0
0.1121 0
0.1122 0
0.1123 0
0.1124 0
0.1125 0
0.1126 0
0.1127 0
0.1128 0
0.1129 0
0.113 0
0.1131 0
0.1132 0
0.1133 0
0.1134 0
0.1135 0
0.1136 0
0.1137 0
0.1138 0
0.1139 0
0.114 0
0.1141 0
0.1142 0
0.1143 0
0.1144 0
0.1145 0
0.1146 0
0.1147 0
0.1148 0
0.1149 0
0.115 0
0.1151 0
0.1152 0
0.1153 0
0.1154 0
0.1155 0
0.1156 0
0.1157 0
0.1158 0
0.1159 0
0.116 0
0.1161 0
0.1162 0
0.1163 0
0.1164 0
0.1165 0
0.1166 0
0.1167 0
0.1168 0
0.1169 0
0.117 0
0.1171 0
0.1172 0
0.1173 0
0.1174 0
0.1175 0
0.1176 0
0.1177 0
0.1178 0
0.1179 0
0.118 0
0.1181 0
0.1182 0
0.1183 0
0.1184 0
0.1185 0
0.1186 0
0.1187 0
0.1188 0
0.1189 0
0.119 0
0.1191 0
0.1192 0
0.1193 0
0.1194 0
0.1195 0
0.1196 0
0.1197 0
0.1198 0
0.1199 0
0.12 0
0.1201 0
0.1202 0
0.1203 0
0.1204 0
0.1205 0
0.1206 0
0.1207 0
0.1208 0
0.1209 0
0.121 0
0.1211 0
0.1212 0
0.1213 0
0.1214 0
0.1215 0
0.1216 0
0.1217 0
0.1218 0
0.1219 0
0.122 0
0.1221 0
0.1222 0
0.1223 0
0.1224 0
0.1225 0
0.1226 0
0.1227 0
0.1228 0
0.1229 0
0.123 0
0.1231 0
0.1232 0
0.1233 0
0.1234 0
0.1235 0
0.1236 0
0.1237 0
0.1238 0
0.1239 0
0.124 0
0.1241 0
0.1242 0
0.1243 0
0.1244 0
0.1245 0
0.1246 0
0.1247 0
0.1248 0
0.1249 0
0.125 0
0.1251 0
0.1252 0
0.1253 0
0.1254 0
0.1255 0
0.1256 0
0.1257 0
0.1258 0
0.1259 0
0.126 0
0.1261 0
0.1262 0
0.1263 0
0.1264 0
0.1265 0
0.1266 0
0.1267 0
0.1268 0
0.1269 0
0.127 0
0.1271 0
0.1272 0
0.1273 0
0.1274 0
0.1275 0
0.1276 0
0.1277 0
0.1278 0
0.1279 0
0.128 0
0.1281 0
0.1282 0
0.1283 0
0.1284 0
0.1285 0
0.1286 0
0.1287 0
0.1288 0
0.1289 0
0.129 0
0.1291 0
0.1292 0
0.1293 0
0.1294 0
0.1295 0
0.1296 0
0.1297 0
0.1298 0
0.1299 0
0.13 0
0.1301 0
0.1302 0
0.1303 0
0.1304 0
0.1305 0
0.1306 0
0.1307 0
0.1308 0
0.1309 0
0.131 0
0.1311 0
0.1312 0
0.1313 0
0.1314 0
0.1315 0
0.1316 0
0.1317 0
0.1318 0
0.1319 0
0.132 0
0.1321 0
0.1322 0
0.1323 0
0.1324 0
0.1325 0
0.1326 0
0.1327 0
0.1328 0
0.1329 0
0.133 0
0.1331 0
0.1332 0
0.1333 0
0.1334 0
0.1335 0
0.1336 0
0.1337 0
0.1338 0
0.1339 0
0.134 0
0.1341 0
0.1342 0
0.1343 0
0.1344 0
0.1345 0
0.1346 0
0.1347 0
0.1348 0
0.1349 0
0.135 0
0.1351 0
0.1352 0
0.1353 0
0.1354 0
0.1355 0
0.1356 0
0.1357 0
0.1358 0
0.1359 0
0.136 0
0.1361 0
0.1362 0
0.1363 0
0.1364 0
0.1365 0
0.1366 0
0.1367 0
0.1368 0
0.1369 0
0.137 0
0.1371 0
0.1372 0
0.1373 0
0.1374 0
0.1375 0
0.1376 0
0.1377 0
0.1378 0
0.1379 0
0.138 0
0.1381 0
0.1382 0
0.1383 0
0.1384 0
0.1385 0
0.1386 0
0.1387 0
0.1388 0
0.1389 0
0.139 0
0.1391 0
0.1392 0
0.1393 0
0.1394 0
0.1395 0
0.1396 0
0.1397 0
0.1398 0
0.1399 0
0.14 0
0.1401 0
0.1402 0
0.1403 0
0.1404 0
0.1405 0
0.1406 0
0.1407 0
0.1408 0
0.1409 0
0.141 0
0.1411 0
0.1412 0
0.1413 0
0.1414 0
0.1415 0
0.1416 0
0.1417 0
0.1418 0
0.1419 0
0.142 0
0.1421 0
0.1422 0
0.1423 0
0.1424 0
0.1425 0
0.1426 0
0.1427 0
0.1428 0
0.1429 0
0.143 0
0.1431 0
0.1432 0
0.1433 0
0.1434 0
0.1435 0
0.1436 0
0.1437 0
0.1438 0
0.1439 0
0.144 0
0.1441 0
0.1442 0
0.1443 0
0.1444 0
0.1445 0
0.1446 0
0.1447 0
0.1448 0
0.1449 0
0.145 0
0.1451 0
0.1452 0
0.1453 0
0.1454 0
0.1455 0
0.1456 0
0.1457 0
0.1458 0
0.1459 0
0.146 0
0.1461 0
0.1462 0
0.1463 0
0.1464 0
0.1465 0
0.1466 0
0.1467 0
0.1468 0
0.1469 0
0.147 0
0.1471 0
0.1472 0
0.1473 0
0.1474 0
0.1475 0
0.1476 0
0.1477 0
0.1478 0
0.1479 0
0.148 0
0.1481 0
0.1482 0
0.1483 0
0.1484 0
0.1485 0
0.1486 0
0.1487 0
0.1488 0
0.1489 0
0.149 0
0.1491 0
0.1492 0
0.1493 0
0.1494 0
0.1495 0
0.1496 0
0.1497 0
0.1498 0
0.1499 0
0.15 0
0.1501 0
0.1502 0
0.1503 0
0.1504 0
0.1505 0
0.1506 0
0.1507 0
0.1508 0
0.1509 0
0.151 0
0.1511 0
0.1512 0
0.1513 0
0.1514 0
0.1515 0
0.1516 0
0.1517 0
0.1518 0
0.1519 0
0.152 0
0.1521 0
0.1522 0
0.1523 0
0.1524 0
0.1525 0
0.1526 0
0.1527 0
0.1528 0
0.1529 0
0.153 0
0.1531 0
0.1532 0
0.1533 0
0.1534 0
0.1535 0
0.1536 0
0.1537 0
0.1538 0
0.1539 0
0.154 0
0.1541 0
0.1542 0
0.1543 0
0.1544 0
0.1545 0
0.1546 0
0.1547 0
0.1548 0
0.1549 0
0.155 0
0.1551 0
0.1552 0
0.1553 0
0.1554 0
0.1555 0
0.1556 0
0.1557 0
0.1558 0
0.1559 0
0.156 0
0.1561 0
0.1562 0
0.1563 0
0.1564 0
0.1565 0
0.1566 0
0.1567 0
0.1568 0
0.1569 0
0.157 0
0.1571 0
0.1572 0
0.1573 0
0.1574 0
0.1575 0
0.1576 0
0.1577 0
0.1578 0
0.1579 0
0.158 0
0.1581 0
0.1582 0
0.1583 0
0.1584 0
0.1585 0
0.1586 0
0.1587 0
0.1588 0
0.1589 0
0.159 0
0.1591 0
0.1592 0
0.1593 0
0.1594 0
0.1595 0
0.1596 0
0.1597 0
0.1598 0
0.1599 0
0.16 0
0.1601 0
0.1602 0
0.1603 0
0.1604 0
0.1605 0
0.1606 0
0.1607 0
0.1608 0
0.1609 0
0.161 0
0.1611 0
0.1612 0
0.1613 0
0.1614 0
0.1615 0
0.1616 0
0.1617 0
0.1618 0
0.1619 0
0.162 0
0.1621 0
0.1622 0
0.1623 0
0.1624 0
0.1625 0
0.1626 0
0.1627 0
0.1628 0
0.1629 0
0.163 0
0.1631 0
0.1632 0
0.1633 0
0.1634 0
0.1635 0
0.1636 0
0.1637 0
0.1638 0
0.1639 0
0.164 0
0.1641 0
0.1642 0
0.1643 0
0.1644 0
0.1645 0
0.1646 0
0.1647 0
0.1648 0
0.1649 0
0.165 0
0.1651 0
0.1652 0
0.1653 0
0.1654 0
0.1655 0
0.1656 0
0.1657 0
0.1658 0
0.1659 0
0.166 0
0.1661 0
0.1662 0
0.1663 0
0.1664 0
0.1665 0
0.1666 0
0.1667 0
0.1668 0
0.1669 0
0.167 0
0.1671 0
0.1672 0
0.1673 0
0.1674 0
0.1675 0
0.1676 0
0.1677 0
0.1678 0
0.1679 0
0.168 0
0.1681 0
0.1682 0
0.1683 0
0.1684 0
0.1685 0
0.1686 0
0.1687 0
0.1688 0
0.1689 0
0.169 0
0.1691 0
0.1692 0
0.1693 0
0.1694 0
0.1695 0
0.1696 0
0.1697 0
0.1698 0
0.1699 0
0.17 0
0.1701 0
0.1702 0
0.1703 0
0.1704 0
0.1705 0
0.1706 0
0.1707 0
0.1708 0
0.1709 0
0.171 0
0.1711 0
0.1712 0
0.1713 0
0.1714 0
0.1715 0
0.1716 0
0.1717 0
0.1718 0
0.1719 0
0.172 0
0.1721 0
0.1722 0
0.1723 0
0.1724 0
0.1725 0
0.1726 0
0.1727 0
0.1728 0
0.1729 0
0.173 0
0.1731 0
0.1732 0
0.1733 0
0.1734 0
0.1735 0
0.1736 0
0.1737 0
0.1738 0
0.1739 0
0.174 0
0.1741 0
0.1742 0
0.1743 0
0.1744 0
0.1745 1.10446e+006
0.1746 2.19237e+007
0.1747 5.02596e+007
0.1748 7.04498e+007
0.1749 6.88808e+007
0.175 4.11664e+007
0.1751 -3.14941e+006
0.1752 -4.48742e+007
0.1753 -6.64835e+007
0.1754 -6.13797e+007
0.1755 -3.85306e+007
0.1756 -1.36251e+007
0.1757 -1179.8
0.1758 -1200.9
0.1759 -1222.01
0.176 -1243.11
0.1761 -1264.22
0.1762 -1285.32
0.1763 -1306.42
0.1764 -1327.53
0.1765 -1348.63
0.1766 -1369.72
0.1767 -1390.82
0.1768 -1411.92
0.1769 -1433.01
0.177 -1454.11
0.1771 -1475.2
0.1772 -1496.29
0.1773 -1517.38
0.1774 -1538.47
0.1775 -1559.56
0.1776 -1580.65
0.1777 -1601.73
0.1778 -1622.82
0.1779 -1643.9
0.178 -1664.98
0.1781 -1686.06
0.1782 -1707.14
0.1783 -1728.22
0.1784 -1749.3
0.1785 -1770.37
0.1786 -1791.44
0.1787 -1812.52
0.1788 -1833.59
0.1789 -1854.66
0.179 -1875.72
0.1791 -1896.79
0.1792 -1917.85
0.1793 -1938.92
0.1794 -1959.98
0.1795 -1981.04
0.1796 -2002.09
0.1797 -2023.15
0.1798 -2044.2
0.1799 -2065.26
0.18 -2086.31
0.1801 -2107.36
0.1802 -2128.41
0.1803 -2149.45
0.1804 -2170.5
0.1805 -2191.54
0.1806 -2212.58
0.1807 -2233.62
0.1808 -2254.66
0.1809 -2275.69
0.181 -2296.72
0.1811 -2317.76
0.1812 -2338.79
0.1813 -2359.81
0.1814 -2380.84
0.1815 -2401.86
0.1816 -2422.88
0.1817 -2443.9
0.1818 -2464.92
0.1819 -2485.94
0.182 -2506.95
0.1821 -2527.96
0.1822 -2548.97
0.1823 -2569.98
0.1824 -2590.99
0.1825 -2611.99
0.1826 -2632.99
0.1827 -2653.99
0.1828 -2674.99
0.1829 -2695.98
0.183 -2716.97
0.1831 -2737.97
0.1832 -2758.95
0.1833 -2779.94
0.1834 -2800.92
0.1835 -2821.9
0.1836 -2842.88
0.1837 -2863.86
0.1838 -2884.83
0.1839 -2905.81
0.184 -2926.78
0.1841 -2947.74
0.1842 -2968.71
0.1843 -2989.67
0.1844 -3010.63
0.1845 -3031.59
0.1846 -3052.54
0.1847 -3073.5
0.1848 -3094.45
0.1849 -3115.39
0.185 -3136.34
0.1851 -3157.28
0.1852 -3178.22
0.1853 -3199.16
0.1854 -3220.09
0.1855 -3241.02
0.1856 -3261.95
0.1857 -3282.88
0.1858 -3303.8
0.1859 -3324.72
0.186 -3345.64
0.1861 -3366.56
0.1862 -3387.47
0.1863 -3408.38
0.1864 -3429.29
0.1865 -3450.19
0.1866 -3471.1
0.1867 -3492
0.1868 -3512.89
0.1869 -3533.78
0.187 -3554.68
0.1871 -3575.56
0.1872 -3596.45
0.1873 -3617.33
0.1874 -3638.21
0.1875 -3659.08
0.1876 -3679.96
0.1877 -3700.83
0.1878 -3721.69
0.1879 -3742.56
0.188 -3763.42
0.1881 -3784.27
0.1882 -3805.13
0.1883 -3825.98
0.1884 -3846.83
0.1885 -3867.67
0.1886 -3888.52
0.1887 -3909.35
0.1888 -3930.19
0.1889 -3951.02
0.189 -3971.85
0.1891 -3992.68
0.1892 -4013.5
0.1893 -4034.32
0.1894 -4055.14
0.1895 -4075.95
0.1896 -4096.76
0.1897 -4117.56
0.1898 -4138.37
0.1899 -4159.17
0.19 -4179.96
0.1901 -4200.75
0.1902 -4221.54
0.1903 -4242.33
0.1904 -4263.11
0.1905 -4283.89
0.1906 -4304.66
0.1907 -4325.44
0.1908 -4346.2
0.1909 -4366.97
0.191 -4387.73
0.1911 -4408.49
0.1912 -4429.24
0.1913 -4449.99
0.1914 -4470.74
0.1915 -4491.48
0.1916 -4512.22
0.1917 -4532.96
0.1918 -4553.69
0.1919 -4574.42
0.192 -4595.14
0.1921 -4615.86
0.1922 -4636.58
0.1923 -4657.29
0.1924 -4678
0.1925 -4698.71
0.1926 -4719.41
0.1927 -4740.1
0.1928 -4760.8
0.1929 -4781.49
0.193 -4802.17
0.1931 -4822.86
0.1932 -4843.53
0.1933 -4864.21
0.1934 -4884.88
0.1935 -4905.55
0.1936 -4926.21
0.1937 -4946.87
0.1938 -4967.52
0.1939 -4988.17
0.194 -5008.82
0.1941 -5029.46
0.1942 -5050.1
0.1943 -5070.73
0.1944 -5091.36
0.1945 -5111.99
0.1946 -5132.61
0.1947 -5153.22
0.1948 -5173.84
0.1949 -5194.45
0.195 -5215.05
0.1951 -5235.65
0.1952 -5256.25
0.1953 -5276.84
0.1954 -5297.42
0.1955 -5318.01
0.1956 -5338.59
0.1957 -5359.16
0.1958 -5379.73
0.1959 -5400.3
0.196 -5420.86
0.1961 -5441.41
0.1962 -5461.97
0.1963 -5482.51
0.1964 -5503.06
0.1965 -5523.6
0.1966 -5544.13
0.1967 -5564.66
0.1968 -5585.18
0.1969 -5605.7
0.197 -5626.22
0.1971 -5646.73
0.1972 -5667.24
0.1973 -5687.74
0.1974 -5708.24
0.1975 -5728.73
0.1976 -5749.22
0.1977 -5769.7
0.1978 -5790.18
0.1979 -5810.66
0.198 -5831.13
0.1981 -5851.59
0.1982 -5872.05
0.1983 -5892.5
0.1984 -5912.95
0.1985 -5933.4
0.1986 -5953.84
0.1987 -5974.28
0.1988 -5994.71
0.1989 -6015.13
0.199 -6035.55
0.1991 -6055.97
0.1992 -6076.38
0.1993 -6096.79
0.1994 -6117.19
0.1995 -6137.58
0.1996 -6157.97
0.1997 -6178.36
0.1998 -6198.74
0.1999 -6219.12
0.2 -6239.49
0.2001 -6259.85
0.2002 -6280.21
0.2003 -6300.57
0.2004 -6320.92
0.2005 -6341.27
0.2006 -6361.61
0.2007 -6381.94
0.2008 -6402.27
0.2009 -6422.59
0.201 -6442.91
0.2011 -6463.23
0.2012 -6483.54
0.2013 -6503.84
0.2014 -6524.14
0.2015 -6544.43
0.2016 -6564.72
0.2017 -6585
0.2018 -6605.28
0.2019 -6625.55
0.202 -6645.81
0.2021 -6666.07
0.2022 -6686.33
0.2023 -6706.58
0.2024 -6726.82
0.2025 -6747.06
0.2026 -6767.29
0.2027 -6787.52
0.2028 -6807.74
0.2029 -6827.96
0.203 -6848.17
0.2031 -6868.37
0.2032 -6888.57
0.2033 -6908.77
0.2034 -6928.96
0.2035 -6949.14
0.2036 -6969.31
0.2037 -6989.49
0.2038 -7009.65
0.2039 -7029.81
0.204 -7049.97
0.2041 -7070.11
0.2042 -7090.26
0.2043 -7110.39
0.2044 -7130.52
0.2045 -7150.65
0.2046 -7170.77
0.2047 -7190.88
0.2048 -7210.99
0.2049 -7231.09
0.205 -7251.19
0.2051 -7271.28
0.2052 -7291.36
0.2053 -7311.44
0.2054 -7331.51
0.2055 -7351.57
0.2056 -7371.63
0.2057 -7391.69
0.2058 -7411.74
0.2059 -7431.78
0.206 -7451.81
0.2061 -7471.84
0.2062 -7491.87
0.2063 -7511.88
0.2064 -7531.9
0.2065 -7551.9
0.2066 -7571.9
0.2067 -7591.89
0.2068 -7611.88
0.2069 -7631.86
0.207 -7651.83
0.2071 -7671.8
0.2072 -7691.76
0.2073 -7711.72
0.2074 -7731.67
0.2075 -7751.61
0.2076 -7771.55
0.2077 -7791.48
0.2078 -7811.4
0.2079 -7831.32
0.208 -7851.23
0.2081 -7871.13
0.2082 -7891.03
0.2083 -7910.92
0.2084 -7930.81
0.2085 -7950.69
0.2086 -7970.56
0.2087 -7990.42
0.2088 -8010.28
0.2089 -8030.13
0.209 -8049.98
0.2091 -8069.82
0.2092 -8089.65
0.2093 -8109.48
0.2094 -8129.3
0.2095 -8149.11
0.2096 -8168.92
0.2097 -8188.72
0.2098 -8208.51
0.2099 -8228.3
0.21 -8248.08
0.2101 -8267.85
0.2102 -8287.61
0.2103 -8307.37
0.2104 -8327.13
0.2105 -8346.87
0.2106 -8366.61
0.2107 -8386.34
0.2108 -8406.07
0.2109 -8425.79
0.211 -8445.5
0.2111 -8465.2
0.2112 -8484.9
0.2113 -8504.59
0.2114 -8524.27
0.2115 -8543.95
0.2116 -8563.62
0.2117 -8583.28
0.2118 -8602.94
0.2119 -8622.59
0.212 -8642.23
0.2121 -8661.86
0.2122 -8681.49
0.2123 -8701.11
0.2124 -8720.73
0.2125 -8740.33
0.2126 -8759.93
0.2127 -8779.52
0.2128 -8799.11
0.2129 -8818.68
0.213 -8838.25
0.2131 -8857.82
0.2132 -8877.37
0.2133 -8896.92
0.2134 -8916.46
0.2135 -8936
0.2136 -8955.52
0.2137 -8975.04
0.2138 -8994.56
0.2139 -9014.06
0.214 -9033.56
0.2141 -9053.05
0.2142 -9072.53
0.2143 -9092.01
0.2144 -9111.47
0.2145 -9130.93
0.2146 -9150.39
0.2147 -9169.83
0.2148 -9189.27
0.2149 -9208.7
0.215 -9228.12
0.2151 -9247.54
0.2152 -9266.95
0.2153 -9286.35
0.2154 -9305.74
0.2155 -9325.13
0.2156 -9344.5
0.2157 -9363.87
0.2158 -9383.23
0.2159 -9402.59
0.216 -9421.94
0.2161 -9441.28
0.2162 -9460.61
0.2163 -9479.93
0.2164 -9499.25
0.2165 -9518.55
0.2166 -9537.85
0.2167 -9557.15
0.2168 -9576.43
0.2169 -9595.71
0.217 -9614.98
0.2171 -9634.24
0.2172 -9653.49
0.2173 -9672.74
0.2174 -9691.98
0.2175 -9711.21
0.2176 -9730.43
0.2177 -9749.64
0.2178 -9768.85
0.2179 -9788.04
0.218 -9807.23
0.2181 -9826.42
0.2182 -9845.59
0.2183 -9864.76
0.2184 -9883.91
0.2185 -9903.06
0.2186 -9922.21
0.2187 -9941.34
0.2188 -9960.46
0.2189 -9979.58
0.219 -9998.69
0.2191 -10017.8
0.2192 -10036.9
0.2193 -10056
0.2194 -10075
0.2195 -10094.1
0.2196 -10113.2
0.2197 -10132.2
0.2198 -10151.3
0.2199 -10170.3
0.22 -10189.3
0.2201 -10208.3
0.2202 -10227.4
0.2203 -10246.4
0.2204 -10265.4
0.2205 -10284.3
0.2206 -10303.3
0.2207 -10322.3
0.2208 -10341.2
0.2209 -10360.2
0.221 -10379.1
0.2211 -10398.1
0.2212 -10417
0.2213 -10435.9
0.2214 -10454.8
0.2215 -10473.7
0.2216 -10492.6
0.2217 -10511.5
0.2218 -10530.4
0.2219 -10549.2
0.222 -10568.1
0.2221 -10586.9
0.2222 -10605.8
0.2223 -10624.6
0.2224 -10643.4
0.2225 -10662.3
0.2226 -10681.1
0.2227 -10699.9
0.2228 -10718.6
0.2229 -10737.4
0.223 -10756.2
0.2231 -10775
0.2232 -10793.7
0.2233 -10812.4
0.2234 -10831.2
0.2235 -10849.9
0.2236 -10868.6
0.2237 -10887.3
0.2238 -10906
0.2239 -10924.7
0.224 -10943.4
0.2241 -10962.1
0.2242 -10980.7
0.2243 -10999.4
0.2244 -11018
0.2245 -11036.7
0.2246 -11055.3
0.2247 -11073.9
0.2248 -11092.5
0.2249 -11111.1
0.225 -11129.7
0.2251 -11148.3
0.2252 -11166.9
0.2253 -11185.4
0.2254 -11204
0.2255 -11222.5
0.2256 -11241.1
0.2257 -11259.6
0.2258 -11278.1
0.2259 -11296.6
0.226 -11315.1
0.2261 -11333.6
0.2262 -11352.1
0.2263 -11370.6
0.2264 -11389
0.2265 -11407.5
0.2266 -11425.9
0.2267 -11444.4
0.2268 -11462.8
0.2269 -11481.2
0.227 -11499.6
0.2271 -11518
0.2272 -11536.4
0.2273 -11554.8
0.2274 -11573.2
0.2275 -11591.5
0.2276 -11609.9
0.2277 -11628.2
0.2278 -11646.5
0.2279 -11664.9
0.228 -11683.2
0.2281 -11701.5
0.2282 -11719.8
0.2283 -11738.1
0.2284 -11756.3
0.2285 -11774.6
0.2286 -11792.9
0.2287 -11811.1
0.2288 -11829.3
0.2289 -11847.6
0.229 -11865.8
0.2291 -11884
0.2292 -11902.2
0.2293 -11920.4
0.2294 -11938.5
0.2295 -11956.7
0.2296 -11974.9
0.2297 -11993
0.2298 -12011.2
0.2299 -12029.3
0.23 -12047.4
0.2301 -12065.5
0.2302 -12083.6
0.2303 -12101.7
0.2304 -12119.8
0.2305 -12137.8
0.2306 -12155.9
0.2307 -12174
0.2308 -12192
0.2309 -12210
0.231 -12228
0.2311 -12246.1
0.2312 -12264.1
0.2313 -12282
0.2314 -12300
0.2315 -12318
0.2316 -12336
0.2317 -12353.9
0.2318 -12371.8
0.2319 -12389.8
0.232 -12407.7
0.2321 -12425.6
0.2322 -12443.5
0.2323 -12461.4
0.2324 -12479.3
0.2325 -12497.1
0.2326 -12515
0.2327 -12532.8
0.2328 -12550.7
0.2329 -12568.5
0.233 -12586.3
0.2331 -12604.1
0.2332 -12621.9
0.2333 -12639.7
0.2334 -12657.5
0.2335 -12675.2
0.2336 -12693
0.2337 -12710.7
0.2338 -12728.5
0.2339 -12746.2
0.234 -12763.9
0.2341 -12781.6
0.2342 -12799.3
0.2343 -12817
0.2344 -12834.7
0.2345 -12852.3
0.2346 -12870
0.2347 -12887.6
0.2348 -12905.3
0.2349 -12922.9
0.235 -12940.5
0.2351 -12958.1
0.2352 -12975.7
0.2353 -12993.2
0.2354 -13010.8
0.2355 -13028.4
0.2356 -13045.9
0.2357 -13063.4
0.2358 -13081
0.2359 -13098.5
0.236 -13116
0.2361 -13133.5
0.2362 -13151
0.2363 -13168.4
0.2364 -13185.9
0.2365 -13203.3
0.2366 -13220.8
0.2367 -13238.2
0.2368 -13255.6
0.2369 -13273
0.237 -13290.4
0.2371 -13307.8
0.2372 -13325.2
0.2373 -13342.5
0.2374 -13359.9
0.2375 -13377.2
0.2376 -13394.5
0.2377 -13411.9
0.2378 -13429.2
0.2379 -13446.5
0.238 -13463.8
0.2381 -13481
0.2382 -13498.3
0.2383 -13515.5
0.2384 -13532.8
0.2385 -13550
0.2386 -13567.2
0.2387 -13584.4
0.2388 -13601.6
0.2389 -13618.8
0.239 -13636
0.2391 -13653.2
0.2392 -13670.3
0.2393 -13687.5
0.2394 -13704.6
0.2395 -13721.7
0.2396 -13738.8
0.2397 -13755.9
0.2398 -13773
0.2399 -13790.1
0.24 -13807.1
0.2401 -13824.2
0.2402 -13841.2
0.2403 -13858.3
0.2404 -13875.3
0.2405 -13892.3
0.2406 -13909.3
0.2407 -13926.3
0.2408 -13943.2
0.2409 -13960.2
0.241 -13977.1
0.2411 -13994.1
0.2412 -14011
0.2413 -14027.9
0.2414 -14044.8
0.2415 -14061.7
0.2416 -14078.6
0.2417 -14095.5
0.2418 -14112.3
0.2419 -14129.2
0.242 -14146
0.2421 -14162.8
0.2422 -14179.6
0.2423 -14196.4
0.2424 -14213.2
0.2425 -14230
0.2426 -14246.8
0.2427 -14263.5
0.2428 -14280.3
0.2429 -14297
0.243 -14313.7
0.2431 -14330.4
0.2432 -14347.1
0.2433 -14363.8
0.2434 -14380.5
0.2435 -14397.1
0.2436 -14413.8
0.2437 -14430.4
0.2438 -14447
0.2439 -14463.6
0.244 -14480.2
0.2441 -14496.8
0.2442 -14513.4
0.2443 -14530
0.2444 -14546.5
0.2445 -14563.1
0.2446 -14579.6
0.2447 -14596.1
0.2448 -14612.6
0.2449 -14629.1
0.245 -14645.6
0.2451 -14662.1
0.2452 -14678.5
0.2453 -14695
0.2454 -14711.4
0.2455 -14727.8
0.2456 -14744.2
0.2457 -14760.6
0.2458 -14777
0.2459 -14793.4
0.246 -14809.8
0.2461 -14826.1
0.2462 -14842.4
0.2463 -14858.8
0.2464 -14875.1
0.2465 -14891.4
0.2466 -14907.7
0.2467 -14923.9
0.2468 -14940.2
0.2469 -14956.5
0.247 -14972.7
0.2471 -14988.9
0.2472 -15005.1
0.2473 -15021.4
0.2474 -15037.5
0.2475 -15053.7
0.2476 -15069.9
0.2477 -15086
0.2478 -15102.2
0.2479 -15118.3
0.248 -15134.4
0.2481 -15150.5
0.2482 -15166.6
0.2483 -15182.7
0.2484 -15198.8
0.2485 -15214.8
0.2486 -15230.9
0.2487 -15246.9
0.2488 -15262.9
0.2489 -15278.9
0.249 -15294.9
0.2491 -15310.9
0.2492 -15326.9
0.2493 -15342.8
0.2494 -15358.8
0.2495 -15374.7
0.2496 -15390.6
0.2497 -15406.5
0.2498 -15422.4
0.2499 -15438.3
0.25 -15454.2
0.2501 -15470
0.2502 -15485.9
0.2503 -15501.7
0.2504 -15517.5
0.2505 -15533.3
0.2506 -15549.1
0.2507 -15564.9
0.2508 -15580.6
0.2509 -15596.4
0.251 -15612.1
0.2511 -15627.9
0.2512 -15643.6
0.2513 -15659.3
0.2514 -15675
0.2515 -15690.6
0.2516 -15706.3
0.2517 -15722
0.2518 -15737.6
0.2519 -15753.2
0.252 -15768.8
0.2521 -15784.4
0.2522 -15800
0.2523 -15815.6
0.2524 -15831.2
0.2525 -15846.7
0.2526 -15862.2
0.2527 -15877.8
0.2528 -15893.3
0.2529 -15908.8
0.253 -15924.3
0.2531 -15939.7
0.2532 -15955.2
0.2533 -15970.6
0.2534 -15986.1
0.2535 -16001.5
0.2536 -16016.9
0.2537 -16032.3
0.2538 -16047.7
0.2539 -16063
0.254 -16078.4
0.2541 -16093.7
0.2542 -16109
0.2543 -16124.3
0.2544 -16139.6
0.2545 -16154.9
0.2546 -16170.2
0.2547 -16185.5
0.2548 -16200.7
0.2549 -16216
0.255 -16231.2
0.2551 -16246.4
0.2552 -16261.6
0.2553 -16276.8
0.2554 -16291.9
0.2555 -16307.1
0.2556 -16322.2
0.2557 -16337.3
0.2558 -16352.5
0.2559 -16367.6
0.256 -16382.6
0.2561 -16397.7
0.2562 -16412.8
0.2563 -16427.8
0.2564 -16442.9
0.2565 -16457.9
0.2566 -16472.9
0.2567 -16487.9
0.2568 -16502.9
0.2569 -16517.8
0.257 -16532.8
0.2571 -16547.7
0.2572 -16562.7
0.2573 -16577.6
0.2574 -16592.5
0.2575 -16607.3
0.2576 -16622.2
0.2577 -16637.1
0.2578 -16651.9
0.2579 -16666.8
0.258 -16681.6
0.2581 -16696.4
0.2582 -16711.2
0.2583 -16725.9
0.2584 -16740.7
0.2585 -16755.5
0.2586 -16770.2
0.2587 -16784.9
0.2588 -16799.6
0.2589 -16814.3
0.259 -16829
0.2591 -16843.7
0.2592 -16858.3
0.2593 -16873
0.2594 -16887.6
0.2595 -16902.2
0.2596 -16916.8
0.2597 -16931.4
0.2598 -16945.9
0.2599 -16960.5
0.26 -16975
0.2601 -16989.6
0.2602 -17004.1
0.2603 -17018.6
0.2604 -17033.1
0.2605 -17047.6
0.2606 -17062
0.2607 -17076.5
0.2608 -17090.9
0.2609 -17105.3
0.261 -17119.7
0.2611 -17134.1
0.2612 -17148.5
0.2613 -17162.8
0.2614 -17177.2
0.2615 -17191.5
0.2616 -17205.8
0.2617 -17220.1
0.2618 -17234.4
0.2619 -17248.7
0.262 -17263
0.2621 -17277.2
0.2622 -17291.5
0.2623 -17305.7
0.2624 -17319.9
0.2625 -17334.1
0.2626 -17348.3
0.2627 -17362.4
0.2628 -17376.6
0.2629 -17390.7
0.263 -17404.8
0.2631 -17418.9
0.2632 -17433
0.2633 -17447.1
0.2634 -17461.2
0.2635 -17475.2
0.2636 -17489.3
0.2637 -17503.3
0.2638 -17517.3
0.2639 -17531.3
0.264 -17545.3
0.2641 -17559.2
0.2642 -17573.2
0.2643 -17587.1
0.2644 -17601
0.2645 -17614.9
0.2646 -17628.8
0.2647 -17642.7
0.2648 -17656.6
0.2649 -17670.4
0.265 -17684.3
0.2651 -17698.1
0.2652 -17711.9
0.2653 -17725.7
0.2654 -17739.5
0.2655 -17753.2
0.2656 -17767
0.2657 -17780.7
0.2658 -17794.4
0.2659 -17808.1
0.266 -17821.8
0.2661 -17835.5
0.2662 -17849.2
0.2663 -17862.8
0.2664 -17876.4
0.2665 -17890.1
0.2666 -17903.7
0.2667 -17917.2
0.2668 -17930.8
0.2669 -17944.4
0.267 -17957.9
0.2671 -17971.5
0.2672 -17985
0.2673 -17998.5
0.2674 -18012
0.2675 -18025.4
0.2676 -18038.9
0.2677 -18052.3
0.2678 -18065.8
0.2679 -18079.2
0.268 -18092.6
0.2681 -18105.9
0.2682 -18119.3
0.2683 -18132.7
0.2684 -18146
0.2685 -18159.3
0.2686 -18172.6
0.2687 -18185.9
0.2688 -18199.2
0.2689 -18212.5
0.269 -18225.7
0.2691 -18239
0.2692 -18252.2
0.2693 -18265.4
0.2694 -18278.6
0.2695 -18291.7
0.2696 -18304.9
0.2697 -18318
0.2698 -18331.2
0.2699 -18344.3
0.27 -18357.4
0.2701 -18370.5
0.2702 -18383.5
0.2703 -18396.6
0.2704 -18409.6
0.2705 -18422.7
0.2706 -18435.7
0.2707 -18448.7
0.2708 -18461.6
0.2709 -18474.6
0.271 -18487.6
0.2711 -18500.5
0.2712 -18513.4
0.2713 -18526.3
0.2714 -18539.2
0.2715 -18552.1
0.2716 -18564.9
0.2717 -18577.8
0.2718 -18590.6
0.2719 -18603.4
0.272 -18616.2
0.2721 -18629
0.2722 -18641.8
0.2723 -18654.5
0.2724 -18667.3
0.2725 -18680
0.2726 -18692.7
0.2727 -18705.4
0.2728 -18718.1
0.2729 -18730.7
0.273 -18743.4
0.2731 -18756
0.2732 -18768.6
0.2733 -18781.2
0.2734 -18793.8
0.2735 -18806.4
0.2736 -18818.9
0.2737 -18831.4
0.2738 -18844
0.2739 -18856.5
0.274 -18869
0.2741 -18881.4
0.2742 -18893.9
0.2743 -18906.3
0.2744 -18918.8
0.2745 -18931.2
0.2746 -18943.6
0.2747 -18956
0.2748 -18968.3
0.2749 -18980.7
0.275 -18993
0.2751 -19005.4
0.2752 -19017.7
0.2753 -19030
0.2754 -19042.2
0.2755 -19054.5
0.2756 -19066.7
0.2757 -19079
0.2758 -19091.2
0.2759 -19103.4
0.276 -19115.5
0.2761 -19127.7
0.2762 -19139.9
0.2763 -19152
0.2764 -19164.1
0.2765 -19176.2
0.2766 -19188.3
0.2767 -19200.4
0.2768 -19212.4
0.2769 -19224.5
0.277 -19236.5
0.2771 -19248.5
0.2772 -19260.5
0.2773 -19272.5
0.2774 -19284.4
0.2775 -19296.4
0.2776 -19308.3
0.2777 -19320.2
0.2778 -19332.1
0.2779 -19344
0.278 -19355.9
0.2781 -19367.7
0.2782 -19379.6
0.2783 -19391.4
0.2784 -19403.2
0.2785 -19415
0.2786 -19426.8
0.2787 -19438.5
0.2788 -19450.3
0.2789 -19462
0.279 -19473.7
0.2791 -19485.4
0.2792 -19497.1
0.2793 -19508.7
0.2794 -19520.4
0.2795 -19532
0.2796 -19543.6
0.2797 -19555.2
0.2798 -19566.8
0.2799 -19578.4
0.28 -19589.9
0.2801 -19601.4
0.2802 -19613
0.2803 -19624.5
0.2804 -19635.9
0.2805 -19647.4
0.2806 -19658.9
0.2807 -19670.3
0.2808 -19681.7
0.2809 -19693.1
0.281 -19704.5
0.2811 -19715.9
0.2812 -19727.3
0.2813 -19738.6
0.2814 -19749.9
0.2815 -19761.2
0.2816 -19772.5
0.2817 -19783.8
0.2818 -19795.1
0.2819 -19806.3
0.282 -19817.5
0.2821 -19828.7
0.2822 -19839.9
0.2823 -19851.1
0.2824 -19862.3
0.2825 -19873.4
0.2826 -19884.6
0.2827 -19895.7
0.2828 -19906.8
0.2829 -19917.8
0.283 -19928.9
0.2831 -19940
0.2832 -19951
0.2833 -19962
0.2834 -19973
0.2835 -19984
0.2836 -19995
0.2837 -20005.9
0.2838 -20016.8
0.2839 -20027.8
0.284 -20038.7
0.2841 -20049.6
0.2842 -20060.4
0.2843 -20071.3
0.2844 -20082.1
0.2845 -20092.9
0.2846 -20103.7
0.2847 -20114.5
0.2848 -20125.3
0.2849 -20136.1
0.285 -20146.8
0.2851 -20157.5
0.2852 -20168.2
0.2853 -20178.9
0.2854 -20189.6
0.2855 -20200.2
0.2856 -20210.9
0.2857 -20221.5
0.2858 -20232.1
0.2859 -20242.7
0.286 -20253.3
0.2861 -20263.8
0.2862 -20274.4
0.2863 -20284.9
0.2864 -20295.4
0.2865 -20305.9
0.2866 -20316.4
0.2867 -20326.8
0.2868 -20337.3
0.2869 -20347.7
0.287 -20358.1
0.2871 -20368.5
0.2872 -20378.9
0.2873 -20389.2
0.2874 -20399.6
0.2875 -20409.9
0.2876 -20420.2
0.2877 -20430.5
0.2878 -20440.8
0.2879 -20451
0.288 -20461.3
0.2881 -20471.5
0.2882 -20481.7
0.2883 -20491.9
0.2884 -20502.1
0.2885 -20512.2
0.2886 -20522.3
0.2887 -20532.5
0.2888 -20542.6
0.2889 -20552.7
0.289 -20562.7
0.2891 -20572.8
0.2892 -20582.8
0.2893 -20592.9
0.2894 -20602.9
0.2895 -20612.9
0.2896 -20622.8
0.2897 -20632.8
0.2898 -20642.7
0.2899 -20652.6
0.29 -20662.6
0.2901 -20672.4
0.2902 -20682.3
0.2903 -20692.2
0.2904 -20702
0.2905 -20711.8
0.2906 -20721.6
0.2907 -20731.4
0.2908 -20741.2
0.2909 -20750.9
0.291 -20760.7
0.2911 -20770.4
0.2912 -20780.1
0.2913 -20789.8
0.2914 -20799.5
0.2915 -20809.1
0.2916 -20818.7
0.2917 -20828.4
0.2918 -20838
0.2919 -20847.5
0.292 -20857.1
0.2921 -20866.7
0.2922 -20876.2
0.2923 -20885.7
0.2924 -20895.2
0.2925 -20904.7
0.2926 -20914.1
0.2927 -20923.6
0.2928 -20933
0.2929 -20942.4
0.293 -20951.8
0.2931 -20961.2
0.2932 -20970.6
0.2933 -20979.9
0.2934 -20989.2
0.2935 -20998.6
0.2936 -21007.8
0.2937 -21017.1
0.2938 -21026.4
0.2939 -21035.6
0.294 -21044.8
0.2941 -21054.1
0.2942 -21063.2
0.2943 -21072.4
0.2944 -21081.6
0.2945 -21090.7
0.2946 -21099.8
0.2947 -21108.9
0.2948 -21118
0.2949 -21127.1
0.295 -21136.1
0.2951 -21145.2
0.2952 -21154.2
0.2953 -21163.2
0.2954 -21172.2
0.2955 -21181.1
0.2956 -21190.1
0.2957 -21199
0.2958 -21207.9
0.2959 -21216.8
0.296 -21225.7
0.2961 -21234.6
0.2962 -21243.4
0.2963 -21252.2
0.2964 -21261.1
0.2965 -21269.8
0.2966 -21278.6
0.2967 -21287.4
0.2968 -21296.1
0.2969 -21304.8
0.297 -21313.5
0.2971 -21322.2
0.2972 -21330.9
0.2973 -21339.6
0.2974 -21348.2
0.2975 -21356.8
0.2976 -21365.4
0.2977 -21374
0.2978 -21382.6
0.2979 -21391.1
0.298 -21399.6
0.2981 -21408.2
0.2982 -21416.7
0.2983 -21425.1
0.2984 -21433.6
0.2985 -21442
0.2986 -21450.5
0.2987 -21458.9
0.2988 -21467.3
0.2989 -21475.6
0.299 -21484
0.2991 -21492.3
0.2992 -21500.6
0.2993 -21509
0.2994 -21517.2
0.2995 -21525.5
0.2996 -21533.8
0.2997 -21542
0.2998 -21550.2
0.2999 -21558.4
0.3 -21566.6
0.3001 -21574.7
0.3002 -21582.9
0.3003 -21591
0.3004 -21599.1
0.3005 -21607.2
0.3006 -21615.3
0.3007 -21623.4
0.3008 -21631.4
0.3009 -21639.4
0.301 -21647.4
0.3011 -21655.4
0.3012 -21663.4
0.3013 -21671.3
0.3014 -21679.3
0.3015 -21687.2
0.3016 -21695.1
0.3017 -21702.9
0.3018 -21710.8
0.3019 -21718.7
0.302 -21726.5
0.3021 -21734.3
0.3022 -21742.1
0.3023 -21749.9
0.3024 -21757.6
0.3025 -21765.3
0.3026 -21773.1
0.3027 -21780.8
0.3028 -21788.5
0.3029 -21796.1
0.303 -21803.8
0.3031 -21811.4
0.3032 -21819
0.3033 -21826.6
0.3034 -21834.2
0.3035 -21841.8
0.3036 -21849.3
0.3037 -21856.8
0.3038 -21864.3
0.3039 -21871.8
0.304 -21879.3
0.3041 -21886.7
0.3042 -21894.2
0.3043 -21901.6
0.3044 -21909
0.3045 -21916.4
0.3046 -21923.7
0.3047 -21931.1
0.3048 -21938.4
0.3049 -21945.7
0.305 -21953
0.3051 -21960.3
0.3052 -21967.5
0.3053 -21974.8
0.3054 -21982
0.3055 -21989.2
0.3056 -21996.4
0.3057 -22003.5
0.3058 -22010.7
0.3059 -22017.8
0.306 -22024.9
0.3061 -22032
0.3062 -22039.1
0.3063 -22046.2
0.3064 -22053.2
0.3065 -22060.2
0.3066 -22067.2
0.3067 -22074.2
0.3068 -22081.2
0.3069 -22088.1
0.307 -22095.1
0.3071 -22102
0.3072 -22108.9
0.3073 -22115.8
0.3074 -22122.6
0.3075 -22129.5
0.3076 -22136.3
0.3077 -22143.1
0.3078 -22149.9
0.3079 -22156.6
0.308 -22163.4
0.3081 -22170.1
0.3082 -22176.8
0.3083 -22183.5
0.3084 -22190.2
0.3085 -22196.9
0.3086 -22203.5
0.3087 -22210.2
0.3088 -22216.8
0.3089 -22223.3
0.309 -22229.9
0.3091 -22236.5
0.3092 -22243
0.3093 -22249.5
0.3094 -22256
0.3095 -22262.5
0.3096 -22269
0.3097 -22275.4
0.3098 -22281.8
0.3099 -22288.2
0.31 -22294.6
0.3101 -22301
0.3102 -22307.3
0.3103 -22313.7
0.3104 -22320
0.3105 -22326.3
0.3106 -22332.6
0.3107 -22338.8
0.3108 -22345.1
0.3109 -22351.3
0.311 -22357.5
0.3111 -22363.7
0.3112 -22369.9
0.3113 -22376
0.3114 -22382.2
0.3115 -22388.3
0.3116 -22394.4
0.3117 -22400.4
0.3118 -22406.5
0.3119 -22412.5
0.312 -22418.6
0.3121 -22424.6
0.3122 -22430.6
0.3123 -22436.5
0.3124 -22442.5
0.3125 -22448.4
0.3126 -22454.3
0.3127 -22460.2
0.3128 -22466.1
0.3129 -22472
0.313 -22477.8
0.3131 -22483.6
0.3132 -22489.4
0.3133 -22495.2
0.3134 -22501
0.3135 -22506.7
0.3136 -22512.4
0.3137 -22518.2
0.3138 -22523.9
0.3139 -22529.5
0.314 -22535.2
0.3141 -22540.8
0.3142 -22546.4
0.3143 -22552
0.3144 -22557.6
0.3145 -22563.2
0.3146 -22568.7
0.3147 -22574.3
0.3148 -22579.8
0.3149 -22585.3
0.315 -22590.7
0.3151 -22596.2
0.3152 -22601.6
0.3153 -22607
0.3154 -22612.4
0.3155 -22617.8
0.3156 -22623.2
0.3157 -22628.5
0.3158 -22633.9
0.3159 -22639.2
0.316 -22644.4
0.3161 -22649.7
0.3162 -22655
0.3163 -22660.2
0.3164 -22665.4
0.3165 -22670.6
0.3166 -22675.8
0.3167 -22680.9
0.3168 -22686.1
0.3169 -22691.2
0.317 -22696.3
0.3171 -22701.4
0.3172 -22706.5
0.3173 -22711.5
0.3174 -22716.5
0.3175 -22721.5
0.3176 -22726.5
0.3177 -22731.5
0.3178 -22736.5
0.3179 -22741.4
0.318 -22746.3
0.3181 -22751.2
0.3182 -22756.1
0.3183 -22760.9
0.3184 -22765.8
0.3185 -22770.6
0.3186 -22775.4
0.3187 -22780.2
0.3188 -22785
0.3189 -22789.7
0.319 -22794.5
0.3191 -22799.2
0.3192 -22803.9
0.3193 -22808.5
0.3194 -22813.2
0.3195 -22817.8
0.3196 -22822.5
0.3197 -22827.1
0.3198 -22831.6
0.3199 -22836.2
0.32 -22840.7
0.3201 -22845.3
0.3202 -22849.8
0.3203 -22854.3
0.3204 -22858.7
0.3205 -22863.2
0.3206 -22867.6
0.3207 -22872
0.3208 -22876.4
0.3209 -22880.8
0.321 -22885.2
0.3211 -22889.5
0.3212 -22893.8
0.3213 -22898.1
0.3214 -22902.4
0.3215 -22906.7
0.3216 -22910.9
0.3217 -22915.1
0.3218 -22919.4
0.3219 -22923.5
0.322 -22927.7
0.3221 -22931.9
0.3222 -22936
0.3223 -22940.1
0.3224 -22944.2
0.3225 -22948.3
0.3226 -22952.4
0.3227 -22956.4
0.3228 -22960.4
0.3229 -22964.4
0.323 -22968.4
0.3231 -22972.4
0.3232 -22976.3
0.3233 -22980.2
0.3234 -22984.1
0.3235 -22988
0.3236 -22991.9
0.3237 -22995.8
0.3238 -22999.6
0.3239 -23003.4
0.324 -23007.2
0.3241 -23011
0.3242 -23014.7
0.3243 -23018.5
0.3244 -23022.2
0.3245 -23025.9
0.3246 -23029.6
0.3247 -23033.2
0.3248 -23036.9
0.3249 -23040.5
0.325 -23044.1
0.3251 -23047.7
0.3252 -23051.3
0.3253 -23054.8
0.3254 -23058.4
0.3255 -23061.9
0.3256 -23065.4
0.3257 -23068.9
0.3258 -23072.3
0.3259 -23075.8
0.326 -23079.2
0.3261 -23082.6
0.3262 -23086
0.3263 -23089.3
0.3264 -23092.7
0.3265 -23096
0.3266 -23099.3
0.3267 -23102.6
0.3268 -23105.9
0.3269 -23109.1
0.327 -23112.3
0.3271 -23115.5
0.3272 -23118.7
0.3273 -23121.9
0.3274 -23125.1
0.3275 -23128.2
0.3276 -23131.3
0.3277 -23134.4
0.3278 -23137.5
0.3279 -23140.6
0.328 -23143.6
0.3281 -23146.6
0.3282 -23149.6
0.3283 -23152.6
0.3284 -23155.6
0.3285 -23158.5
0.3286 -23161.5
0.3287 -23164.4
0.3288 -23167.3
0.3289 -23170.1
0.329 -23173
0.3291 -23175.8
0.3292 -23178.6
0.3293 -23181.4
0.3294 -23184.2
0.3295 -23187
0.3296 -23189.7
0.3297 -23192.4
0.3298 -23195.1
0.3299 -23197.8
0.33 -23200.5
0.3301 -23203.1
0.3302 -23205.8
0.3303 -23208.4
0.3304 -23211
0.3305 -23213.5
0.3306 -23216.1
0.3307 -23218.6
0.3308 -23221.1
0.3309 -23223.6
0.331 -23226.1
0.3311 -23228.5
0.3312 -23231
0.3313 -23233.4
0.3314 -23235.8
0.3315 -23238.2
0.3316 -23240.5
0.3317 -23242.9
0.3318 -23245.2
0.3319 -23247.5
0.332 -23249.8
0.3321 -23252.1
0.3322 -23254.3
0.3323 -23256.5
0.3324 -23258.7
0.3325 -23260.9
0.3326 -23263.1
0.3327 -23265.2
0.3328 -23267.4
0.3329 -23269.5
0.333 -23271.6
0.3331 -23273.7
0.3332 -23275.7
0.3333 -23277.8
0.3334 -23279.8
0.3335 -23281.8
0.3336 -23283.8
0.3337 -23285.7
0.3338 -23287.7
0.3339 -23289.6
0.334 -23291.5
0.3341 -23293.4
0.3342 -23295.2
0.3343 -23297.1
0.3344 -23298.9
0.3345 -23300.7
0.3346 -23302.5
0.3347 -23304.3
0.3348 -23306
0.3349 -23307.8
0.335 -23309.5
0.3351 -23311.2
0.3352 -23312.9
0.3353 -23314.5
0.3354 -23316.2
0.3355 -23317.8
0.3356 -23319.4
0.3357 -23321
0.3358 -23322.5
0.3359 -23324.1
0.336 -23325.6
0.3361 -23327.1
0.3362 -23328.6
0.3363 -23330
0.3364 -23331.5
0.3365 -23332.9
0.3366 -23334.3
0.3367 -23335.7
0.3368 -23337.1
0.3369 -23338.4
0.337 -23339.8
0.3371 -23341.1
0.3372 -23342.4
0.3373 -23343.7
0.3374 -23344.9
0.3375 -23346.2
0.3376 -23347.4
0.3377 -23348.6
0.3378 -23349.8
0.3379 -23350.9
0.338 -23352.1
0.3381 -23353.2
0.3382 -23354.3
0.3383 -23355.4
0.3384 -23356.5
0.3385 -23357.5
0.3386 -23358.5
0.3387 -23359.5
0.3388 -23360.5
0.3389 -23361.5
0.339 -23362.5
0.3391 -23363.4
0.3392 -23364.3
0.3393 -23365.2
0.3394 -23366.1
0.3395 -23366.9
0.3396 -23367.8
0.3397 -23368.6
0.3398 -23369.4
0.3399 -23370.2
0.34 -23370.9
0.3401 -23371.7
0.3402 -23372.4
0.3403 -23373.1
0.3404 -23373.8
0.3405 -23374.4
0.3406 -23375.1
0.3407 -23375.7
0.3408 -23376.3
0.3409 -23376.9
0.341 -23377.5
0.3411 -23378
0.3412 -23378.6
0.3413 -23379.1
0.3414 -23379.6
0.3415 -23380.1
0.3416 -23380.5
0.3417 -23380.9
0.3418 -23381.4
0.3419 -23381.8
0.342 -23382.1
0.3421 -23382.5
0.3422 -23382.8
0.3423 -23383.2
0.3424 -23383.5
0.3425 -23383.8
0.3426 -23384
0.3427 -23384.3
0.3428 -23384.5
0.3429 -23384.7
0.343 -23384.9
0.3431 -23385.1
0.3432 -23385.2
0.3433 -23385.3
0.3434 -23385.5
0.3435 -23385.6
0.3436 -23385.6
0.3437 -23385.7
0.3438 -23385.7
0.3439 -23385.7
0.344 -23385.7
0.3441 -23385.7
0.3442 -23385.7
0.3443 -23385.6
0.3444 -23385.5
0.3445 -23385.4
0.3446 -23385.3
0.3447 -23385.2
0.3448 -23385
0.3449 -23384.9
0.345 -23384.7
0.3451 -23384.4
0.3452 -23384.2
0.3453 -23384
0.3454 -23383.7
0.3455 -23383.4
0.3456 -23383.1
0.3457 -23382.8
0.3458 -23382.4
0.3459 -23382.1
0.346 -23381.7
0.3461 -23381.3
0.3462 -23380.9
0.3463 -23380.4
0.3464 -23380
0.3465 -23379.5
0.3466 -23379
0.3467 -23378.5
0.3468 -23377.9
0.3469 -23377.4
0.347 -23376.8
0.3471 -23376.2
0.3472 -23375.6
0.3473 -23374.9
0.3474 -23374.3
0.3475 -23373.6
0.3476 -23372.9
0.3477 -23372.2
0.3478 -23371.5
0.3479 -23370.8
0.348 -23370
0.3481 -23369.2
0.3482 -23368.4
0.3483 -23367.6
0.3484 -23366.7
0.3485 -23365.9
0.3486 -23365
0.3487 -23364.1
0.3488 -23363.2
0.3489 -23362.2
0.349 -23361.3
0.3491 -23360.3
0.3492 -23359.3
0.3493 -23358.3
0.3494 -23357.3
0.3495 -23356.2
0.3496 -23355.1
0.3497 -23354.1
0.3498 -23352.9
0.3499 -23351.8
0.35 -23350.7
0.3501 -23349.5
0.3502 -23348.3
0.3503 -23347.1
0.3504 -23345.9
0.3505 -23344.6
0.3506 -23343.4
0.3507 -23342.1
0.3508 -23340.8
0.3509 -23339.5
0.351 -23338.1
0.3511 -23336.8
0.3512 -23335.4
0.3513 -23334
0.3514 -23332.6
0.3515 -23331.2
0.3516 -23329.7
0.3517 -23328.2
0.3518 -23326.8
0.3519 -23325.2
0.352 -23323.7
0.3521 -23322.2
0.3522 -23320.6
0.3523 -23319
0.3524 -23317.4
0.3525 -23315.8
0.3526 -23314.1
0.3527 -23312.5
0.3528 -23310.8
0.3529 -23309.1
0.353 -23307.4
0.3531 -23305.7
0.3532 -23303.9
0.3533 -23302.1
0.3534 -23300.3
0.3535 -23298.5
0.3536 -23296.7
0.3537 -23294.8
0.3538 -23293
0.3539 -23291.1
0.354 -23289.2
0.3541 -23287.2
0.3542 -23285.3
0.3543 -23283.3
0.3544 -23281.3
0.3545 -23279.3
0.3546 -23277.3
0.3547 -23275.3
0.3548 -23273.2
0.3549 -23271.1
0.355 -23269
0.3551 -23266.9
0.3552 -23264.8
0.3553 -23262.6
0.3554 -23260.4
0.3555 -23258.2
0.3556 -23256
0.3557 -23253.8
0.3558 -23251.5
0.3559 -23249.3
0.356 -23247
0.3561 -23244.7
0.3562 -23242.3
0.3563 -23240
0.3564 -23237.6
0.3565 -23235.3
0.3566 -23232.9
0.3567 -23230.4
0.3568 -23228
0.3569 -23225.5
0.357 -23223
0.3571 -23220.6
0.3572 -23218
0.3573 -23215.5
0.3574 -23212.9
0.3575 -23210.4
0.3576 -23207.8
0.3577 -23205.2
0.3578 -23202.5
0.3579 -23199.9
0.358 -23197.2
0.3581 -23194.5
0.3582 -23191.8
0.3583 -23189.1
0.3584 -23186.4
0.3585 -23183.6
0.3586 -23180.8
0.3587 -23178
0.3588 -23175.2
0.3589 -23172.4
0.359 -23169.5
0.3591 -23166.6
0.3592 -23163.7
0.3593 -23160.8
0.3594 -23157.9
0.3595 -23154.9
0.3596 -23152
0.3597 -23149
0.3598 -23146
0.3599 -23142.9
0.36 -23139.9
0.3601 -23136.8
0.3602 -23133.7
0.3603 -23130.6
0.3604 -23127.5
0.3605 -23124.4
0.3606 -23121.2
0.3607 -23118
0.3608 -23114.8
0.3609 -23111.6
0.361 -23108.4
0.3611 -23105.1
0.3612 -23101.8
0.3613 -23098.6
0.3614 -23095.2
0.3615 -23091.9
0.3616 -23088.6
0.3617 -23085.2
0.3618 -23081.8
0.3619 -23078.4
0.362 -23075
0.3621 -23071.5
0.3622 -23068.1
0.3623 -23064.6
0.3624 -23061.1
0.3625 -23057.6
0.3626 -23054
0.3627 -23050.5
0.3628 -23046.9
0.3629 -23043.3
0.363 -23039.7
0.3631 -23036.1
0.3632 -23032.4
0.3633 -23028.8
0.3634 -23025.1
0.3635 -23021.4
0.3636 -23017.6
0.3637 -23013.9
0.3638 -23010.1
0.3639 -23006.3
0.364 -23002.5
0.3641 -22998.7
0.3642 -22994.9
0.3643 -22991
0.3644 -22987.2
0.3645 -22983.3
0.3646 -22979.4
0.3647 -22975.4
0.3648 -22971.5
0.3649 -22967.5
0.365 -22963.5
0.3651 -22959.5
0.3652 -22955.5
0.3653 -22951.4
0.3654 -22947.4
0.3655 -22943.3
0.3656 -22939.2
0.3657 -22935.1
0.3658 -22930.9
0.3659 -22926.8
0.366 -22922.6
0.3661 -22918.4
0.3662 -22914.2
0.3663 -22910
0.3664 -22905.7
0.3665 -22901.4
0.3666 -22897.2
0.3667 -22892.9
0.3668 -22888.5
0.3669 -22884.2
0.367 -22879.8
0.3671 -22875.4
0.3672 -22871
0.3673 -22866.6
0.3674 -22862.2
0.3675 -22857.7
0.3676 -22853.3
0.3677 -22848.8
0.3678 -22844.2
0.3679 -22839.7
0.368 -22835.2
0.3681 -22830.6
0.3682 -22826
0.3683 -22821.4
0.3684 -22816.8
0.3685 -22812.1
0.3686 -22807.5
0.3687 -22802.8
0.3688 -22798.1
0.3689 -22793.4
0.369 -22788.7
0.3691 -22783.9
0.3692 -22779.1
0.3693 -22774.3
0.3694 -22769.5
0.3695 -22764.7
0.3696 -22759.9
0.3697 -22755
0.3698 -22750.1
0.3699 -22745.2
0.37 -22740.3
0.3701 -22735.3
0.3702 -22730.4
0.3703 -22725.4
0.3704 -22720.4
0.3705 -22715.4
0.3706 -22710.4
0.3707 -22705.3
0.3708 -22700.2
0.3709 -22695.2
0.371 -22690
0.3711 -22684.9
0.3712 -22679.8
0.3713 -22674.6
0.3714 -22669.4
0.3715 -22664.2
0.3716 -22659
0.3717 -22653.8
0.3718 -22648.5
0.3719 -22643.3
0.372 -22638
0.3721 -22632.7
0.3722 -22627.3
0.3723 -22622
0.3724 -22616.6
0.3725 -22611.2
0.3726 -22605.8
0.3727 -22600.4
0.3728 -22595
0.3729 -22589.5
0.373 -22584
0.3731 -22578.5
0.3732 -22573
0.3733 -22567.5
0.3734 -22561.9
0.3735 -22556.4
0.3736 -22550.8
0.3737 -22545.2
0.3738 -22539.6
0.3739 -22533.9
0.374 -22528.3
0.3741 -22522.6
0.3742 -22516.9
0.3743 -22511.2
0.3744 -22505.4
0.3745 -22499.7
0.3746 -22493.9
0.3747 -22488.1
0.3748 -22482.3
0.3749 -22476.5
0.375 -22470.6
0.3751 -22464.8
0.3752 -22458.9
0.3753 -22453
0.3754 -22447.1
0.3755 -22441.1
0.3756 -22435.2
0.3757 -22429.2
0.3758 -22423.2
0.3759 -22417.2
0.376 -22411.2
0.3761 -22405.1
0.3762 -22399.1
0.3763 -22393
0.3764 -22386.9
0.3765 -22380.8
0.3766 -22374.6
0.3767 -22368.5
0.3768 -22362.3
0.3769 -22356.1
0.377 -22349.9
0.3771 -22343.7
0.3772 -22337.4
0.3773 -22331.2
0.3774 -22324.9
0.3775 -22318.6
0.3776 -22312.3
0.3777 -22305.9
0.3778 -22299.6
0.3779 -22293.2
0.378 -22286.8
0.3781 -22280.4
0.3782 -22274
0.3783 -22267.5
0.3784 -22261
0.3785 -22254.6
0.3786 -22248.1
0.3787 -22241.5
0.3788 -22235
0.3789 -22228.4
0.379 -22221.9
0.3791 -22215.3
0.3792 -22208.7
0.3793 -22202
0.3794 -22195.4
0.3795 -22188.7
0.3796 -22182
0.3797 -22175.3
0.3798 -22168.6
0.3799 -22161.9
0.38 -22155.1
0.3801 -22148.4
0.3802 -22141.6
0.3803 -22134.7
0.3804 -22127.9
0.3805 -22121.1
0.3806 -22114.2
0.3807 -22107.3
0.3808 -22100.4
0.3809 -22093.5
0.381 -22086.6
0.3811 -22079.6
0.3812 -22072.6
0.3813 -22065.7
0.3814 -22058.6
0.3815 -22051.6
0.3816 -22044.6
0.3817 -22037.5
0.3818 -22030.4
0.3819 -22023.3
0.382 -22016.2
0.3821 -22009.1
0.3822 -22001.9
0.3823 -21994.8
0.3824 -21987.6
0.3825 -21980.4
0.3826 -21973.1
0.3827 -21965.9
0.3828 -21958.6
0.3829 -21951.4
0.383 -21944.1
0.3831 -21936.8
0.3832 -21929.4
0.3833 -21922.1
0.3834 -21914.7
0.3835 -21907.3
0.3836 -21899.9
0.3837 -21892.5
0.3838 -21885.1
0.3839 -21877.6
0.384 -21870.1
0.3841 -21862.6
0.3842 -21855.1
0.3843 -21847.6
0.3844 -21840
0.3845 -21832.5
0.3846 -21824.9
0.3847 -21817.3
0.3848 -21809.7
0.3849 -21802
0.385 -21794.4
0.3851 -21786.7
0.3852 -21779
0.3853 -21771.3
0.3854 -21763.6
0.3855 -21755.9
0.3856 -21748.1
0.3857 -21740.3
0.3858 -21732.5
0.3859 -21724.7
0.386 -21716.9
0.3861 -21709
0.3862 -21701.2
0.3863 -21693.3
0.3864 -21685.4
0.3865 -21677.5
0.3866 -21669.5
0.3867 -21661.6
0.3868 -21653.6
0.3869 -21645.6
0.387 -21637.6
0.3871 -21629.6
0.3872 -21621.5
0.3873 -21613.5
0.3874 -21605.4
0.3875 -21597.3
0.3876 -21589.2
0.3877 -21581.1
0.3878 -21572.9
0.3879 -21564.7
0.388 -21556.6
0.3881 -21548.4
0.3882 -21540.1
0.3883 -21531.9
0.3884 -21523.6
0.3885 -21515.4
0.3886 -21507.1
0.3887 -21498.8
0.3888 -21490.4
0.3889 -21482.1
0.389 -21473.7
0.3891 -21465.4
0.3892 -21457
0.3893 -21448.6
0.3894 -21440.1
0.3895 -21431.7
0.3896 -21423.2
0.3897 -21414.7
0.3898 -21406.2
0.3899 -21397.7
0.39 -21389.2
0.3901 -21380.6
0.3902 -21372.1
0.3903 -21363.5
0.3904 -21354.9
0.3905 -21346.2
0.3906 -21337.6
0.3907 -21328.9
0.3908 -21320.3
0.3909 -21311.6
0.391 -21302.9
0.3911 -21294.1
0.3912 -21285.4
0.3913 -21276.6
0.3914 -21267.9
0.3915 -21259.1
0.3916 -21250.3
0.3917 -21241.4
0.3918 -21232.6
0.3919 -21223.7
0.392 -21214.8
0.3921 -21205.9
0.3922 -21197
0.3923 -21188.1
0.3924 -21179.1
0.3925 -21170.2
0.3926 -21161.2
0.3927 -21152.2
0.3928 -21143.1
0.3929 -21134.1
0.393 -21125
0.3931 -21116
0.3932 -21106.9
0.3933 -21097.8
0.3934 -21088.6
0.3935 -21079.5
0.3936 -21070.3
0.3937 -21061.2
0.3938 -21052
0.3939 -21042.8
0.394 -21033.5
0.3941 -21024.3
0.3942 -21015
0.3943 -21005.8
0.3944 -20996.5
0.3945 -20987.1
0.3946 -20977.8
0.3947 -20968.5
0.3948 -20959.1
0.3949 -20949.7
0.395 -20940.3
0.3951 -20930.9
0.3952 -20921.5
0.3953 -20912
0.3954 -20902.5
0.3955 -20893.1
0.3956 -20883.6
0.3957 -20874
0.3958 -20864.5
0.3959 -20854.9
0.396 -20845.4
0.3961 -20835.8
0.3962 -20826.2
0.3963 -20816.6
0.3964 -20806.9
0.3965 -20797.3
0.3966 -20787.6
0.3967 -20777.9
0.3968 -20768.2
0.3969 -20758.5
0.397 -20748.7
0.3971 -20739
0.3972 -20729.2
0.3973 -20719.4
0.3974 -20709.6
0.3975 -20699.8
0.3976 -20689.9
0.3977 -20680.1
0.3978 -20670.2
0.3979 -20660.3
0.398 -20650.4
0.3981 -20640.5
0.3982 -20630.5
0.3983 -20620.6
0.3984 -20610.6
0.3985 -20600.6
0.3986 -20590.6
0.3987 -20580.6
0.3988 -20570.5
0.3989 -20560.5
0.399 -20550.4
0.3991 -20540.3
0.3992 -20530.2
0.3993 -20520.1
0.3994 -20509.9
0.3995 -20499.8
0.3996 -20489.6
0.3997 -20479.4
0.3998 -20469.2
0.3999 -20458.9
0.4 -20448.7
0.4001 -20438.4
0.4002 -20428.2
0.4003 -20417.9
0.4004 -20407.6
0.4005 -20397.2
0.4006 -20386.9
0.4007 -20376.5
0.4008 -20366.1
0.4009 -20355.7
0.401 -20345.3
0.4011 -20334.9
0.4012 -20324.5
0.4013 -20314
0.4014 -20303.5
0.4015 -20293
0.4016 -20282.5
0.4017 -20272
0.4018 -20261.4
0.4019 -20250.9
0.402 -20240.3
0.4021 -20229.7
0.4022 -20219.1
0.4023 -20208.5
0.4024 -20197.8
0.4025 -20187.2
0.4026 -20176.5
0.4027 -20165.8
0.4028 -20155.1
0.4029 -20144.4
0.403 -20133.6
0.4031 -20122.9
0.4032 -20112.1
0.4033 -20101.3
0.4034 -20090.5
0.4035 -20079.7
0.4036 -20068.8
0.4037 -20058
0.4038 -20047.1
0.4039 -20036.2
0.404 -20025.3
0.4041 -20014.4
0.4042 -20003.4
0.4043 -19992.5
0.4044 -19981.5
0.4045 -19970.5
0.4046 -19959.5
0.4047 -19948.5
0.4048 -19937.5
0.4049 -19926.4
0.405 -19915.3
0.4051 -19904.3
0.4052 -19893.2
0.4053 -19882
0.4054 -19870.9
0.4055 -19859.8
0.4056 -19848.6
0.4057 -19837.4
0.4058 -19826.2
0.4059 -19815
0.406 -19803.8
0.4061 -19792.5
0.4062 -19781.3
0.4063 -19770
0.4064 -19758.7
0.4065 -19747.4
0.4066 -19736
0.4067 -19724.7
0.4068 -19713.3
0.4069 -19702
0.407 -19690.6
0.4071 -19679.2
0.4072 -19667.7
0.4073 -19656.3
0.4074 -19644.8
0.4075 -19633.4
0.4076 -19621.9
0.4077 -19610.4
0.4078 -19598.8
0.4079 -19587.3
0.408 -19575.8
0.4081 -19564.2
0.4082 -19552.6
0.4083 -19541
0.4084 -19529.4
0.4085 -19517.7
0.4086 -19506.1
0.4087 -19494.4
0.4088 -19482.8
0.4089 -19471.1
0.409 -19459.3
0.4091 -19447.6
0.4092 -19435.9
0.4093 -19424.1
0.4094 -19412.3
0.4095 -19400.5
0.4096 -19388.7
0.4097 -19376.9
0.4098 -19365.1
0.4099 -19353.2
0.41 -19341.3
0.4101 -19329.5
0.4102 -19317.6
0.4103 -19305.6
0.4104 -19293.7
0.4105 -19281.8
0.4106 -19269.8
0.4107 -19257.8
0.4108 -19245.8
0.4109 -19233.8
0.411 -19221.8
0.4111 -19209.7
0.4112 -19197.7
0.4113 -19185.6
0.4114 -19173.5
0.4115 -19161.4
0.4116 -19149.3
0.4117 -19137.1
0.4118 -19125
0.4119 -19112.8
0.412 -19100.6
0.4121 -19088.4
0.4122 -19076.2
0.4123 -19064
0.4124 -19051.7
0.4125 -19039.5
0.4126 -19027.2
0.4127 -19014.9
0.4128 -19002.6
0.4129 -18990.3
0.413 -18977.9
0.4131 -18965.6
0.4132 -18953.2
0.4133 -18940.8
0.4134 -18928.4
0.4135 -18916
0.4136 -18903.5
0.4137 -18891.1
0.4138 -18878.6
0.4139 -18866.1
0.414 -18853.7
0.4141 -18841.1
0.4142 -18828.6
0.4143 -18816.1
0.4144 -18803.5
0.4145 -18790.9
0.4146 -18778.4
0.4147 -18765.8
0.4148 -18753.1
0.4149 -18740.5
0.415 -18727.9
0.4151 -18715.2
0.4152 -18702.5
0.4153 -18689.8
0.4154 -18677.1
0.4155 -18664.4
0.4156 -18651.6
0.4157 -18638.9
0.4158 -18626.1
0.4159 -18613.3
0.416 -18600.5
0.4161 -18587.7
0.4162 -18574.9
0.4163 -18562
0.4164 -18549.2
0.4165 -18536.3
0.4166 -18523.4
0.4167 -18510.5
0.4168 -18497.6
0.4169 -18484.6
0.417 -18471.7
0.4171 -18458.7
0.4172 -18445.7
0.4173 -18432.7
0.4174 -18419.7
0.4175 -18406.7
0.4176 -18393.7
0.4177 -18380.6
0.4178 -18367.5
0.4179 -18354.4
0.418 -18341.3
0.4181 -18328.2
0.4182 -18315.1
0.4183 -18301.9
0.4184 -18288.8
0.4185 -18275.6
0.4186 -18262.4
0.4187 -18249.2
0.4188 -18236
0.4189 -18222.7
0.419 -18209.5
0.4191 -18196.2
0.4192 -18182.9
0.4193 -18169.6
0.4194 -18156.3
0.4195 -18143
0.4196 -18129.7
0.4197 -18116.3
0.4198 -18102.9
0.4199 -18089.5
0.42 -18076.1
0.4201 -18062.7
0.4202 -18049.3
0.4203 -18035.9
0.4204 -18022.4
0.4205 -18008.9
0.4206 -17995.4
0.4207 -17981.9
0.4208 -17968.4
0.4209 -17954.9
0.421 -17941.3
0.4211 -17927.8
0.4212 -17914.2
0.4213 -17900.6
0.4214 -17887
0.4215 -17873.4
0.4216 -17859.7
0.4217 -17846.1
0.4218 -17832.4
0.4219 -17818.7
0.422 -17805
0.4221 -17791.3
0.4222 -17777.6
0.4223 -17763.9
0.4224 -17750.1
0.4225 -17736.4
0.4226 -17722.6
0.4227 -17708.8
0.4228 -17695
0.4229 -17681.1
0.423 -17667.3
0.4231 -17653.5
0.4232 -17639.6
0.4233 -17625.7
0.4234 -17611.8
0.4235 -17597.9
0.4236 -17584
0.4237 -17570
0.4238 -17556.1
0.4239 -17542.1
0.424 -17528.1
0.4241 -17514.1
0.4242 -17500.1
0.4243 -17486.1
0.4244 -17472.1
0.4245 -17458
0.4246 -17443.9
0.4247 -17429.9
0.4248 -17415.8
0.4249 -17401.6
0.425 -17387.5
0.4251 -17373.4
0.4252 -17359.2
0.4253 -17345.1
0.4254 -17330.9
0.4255 -17316.7
0.4256 -17302.5
0.4257 -17288.3
0.4258 -17274
0.4259 -17259.8
0.426 -17245.5
0.4261 -17231.2
0.4262 -17216.9
0.4263 -17202.6
0.4264 -17188.3
0.4265 -17174
0.4266 -17159.6
0.4267 -17145.2
0.4268 -17130.9
0.4269 -17116.5
0.427 -17102.1
0.4271 -17087.6
0.4272 -17073.2
0.4273 -17058.8
0.4274 -17044.3
0.4275 -17029.8
0.4276 -17015.3
0.4277 -17000.8
0.4278 -16986.3
0.4279 -16971.8
0.428 -16957.2
0.4281 -16942.7
0.4282 -16928.1
0.4283 -16913.5
0.4284 -16898.9
0.4285 -16884.3
0.4286 -16869.7
0.4287 -16855
0.4288 -16840.4
0.4289 -16825.7
0.429 -16811
0.4291 -16796.3
0.4292 -16781.6
0.4293 -16766.9
0.4294 -16752.1
0.4295 -16737.4
0.4296 -16722.6
0.4297 -16707.8
0.4298 -16693
0.4299 -16678.2
0.43 -16663.4
0.4301 -16648.6
0.4302 -16633.7
0.4303 -16618.9
0.4304 -16604
0.4305 -16589.1
0.4306 -16574.2
0.4307 -16559.3
0.4308 -16544.4
0.4309 -16529.4
0.431 -16514.5
0.4311 -16499.5
0.4312 -16484.5
0.4313 -16469.5
0.4314 -16454.5
0.4315 -16439.5
0.4316 -16424.4
0.4317 -16409.4
0.4318 -16394.3
0.4319 -16379.2
0.432 -16364.2
0.4321 -16349.1
0.4322 -16333.9
0.4323 -16318.8
0.4324 -16303.7
0.4325 -16288.5
0.4326 -16273.3
0.4327 -16258.1
0.4328 -16243
0.4329 -16227.7
0.433 -16212.5
0.4331 -16197.3
0.4332 -16182
0.4333 -16166.8
0.4334 -16151.5
0.4335 -16136.2
0.4336 -16120.9
0.4337 -16105.6
0.4338 -16090.3
0.4339 -16074.9
0.434 -16059.6
0.4341 -16044.2
0.4342 -16028.8
0.4343 -16013.4
0.4344 -15998
0.4345 -15982.6
0.4346 -15967.1
0.4347 -15951.7
0.4348 -15936.2
0.4349 -15920.8
0.435 -15905.3
0.4351 -15889.8
0.4352 -15874.3
0.4353 -15858.7
0.4354 -15843.2
0.4355 -15827.7
0.4356 -15812.1
0.4357 -15796.5
0.4358 -15780.9
0.4359 -15765.3
0.436 -15749.7
0.4361 -15734.1
0.4362 -15718.4
0.4363 -15702.8
0.4364 -15687.1
0.4365 -15671.4
0.4366 -15655.7
0.4367 -15640
0.4368 -15624.3
0.4369 -15608.6
0.437 -15592.8
0.4371 -15577.1
0.4372 -15561.3
0.4373 -15545.5
0.4374 -15529.7
0.4375 -15513.9
0.4376 -15498.1
0.4377 -15482.3
0.4378 -15466.4
0.4379 -15450.6
0.438 -15434.7
0.4381 -15418.8
0.4382 -15402.9
0.4383 -15387
0.4384 -15371.1
0.4385 -15355.2
0.4386 -15339.2
0.4387 -15323.3
0.4388 -15307.3
0.4389 -15291.3
0.439 -15275.3
0.4391 -15259.3
0.4392 -15243.3
0.4393 -15227.3
0.4394 -15211.2
0.4395 -15195.2
0.4396 -15179.1
0.4397 -15163
0.4398 -15146.9
0.4399 -15130.8
0.44 -15114.7
0.4401 -15098.5
0.4402 -15082.4
0.4403 -15066.2
0.4404 -15050.1
0.4405 -15033.9
0.4406 -15017.7
0.4407 -15001.5
0.4408 -14985.3
0.4409 -14969
0.441 -14952.8
0.4411 -14936.5
0.4412 -14920.3
0.4413 -14904
0.4414 -14887.7
0.4415 -14871.4
0.4416 -14855.1
0.4417 -14838.8
0.4418 -14822.4
0.4419 -14806.1
0.442 -14789.7
0.4421 -14773.3
0.4422 -14756.9
0.4423 -14740.5
0.4424 -14724.1
0.4425 -14707.7
0.4426 -14691.3
0.4427 -14674.8
0.4428 -14658.4
0.4429 -14641.9
0.443 -14625.4
0.4431 -14608.9
0.4432 -14592.4
0.4433 -14575.9
0.4434 -14559.3
0.4435 -14542.8
0.4436 -14526.2
0.4437 -14509.7
0.4438 -14493.1
0.4439 -14476.5
0.444 -14459.9
0.4441 -14443.3
0.4442 -14426.7
0.4443 -14410
0.4444 -14393.4
0.4445 -14376.7
0.4446 -14360
0.4447 -14343.3
0.4448 -14326.6
0.4449 -14309.9
0.445 -14293.2
0.4451 -14276.5
0.4452 -14259.7
0.4453 -14243
0.4454 -14226.2
0.4455 -14209.4
0.4456 -14192.6
0.4457 -14175.8
0.4458 -14159
0.4459 -14142.2
0.446 -14125.4
0.4461 -14108.5
0.4462 -14091.7
0.4463 -14074.8
0.4464 -14057.9
0.4465 -14041
0.4466 -14024.1
0.4467 -14007.2
0.4468 -13990.3
0.4469 -13973.3
0.447 -13956.4
0.4471 -13939.4
0.4472 -13922.4
0.4473 -13905.4
0.4474 -13888.4
0.4475 -13871.4
0.4476 -13854.4
0.4477 -13837.4
0.4478 -13820.3
0.4479 -13803.3
0.448 -13786.2
0.4481 -13769.1
0.4482 -13752.1
0.4483 -13735
0.4484 -13717.8
0.4485 -13700.7
0.4486 -13683.6
0.4487 -13666.4
0.4488 -13649.3
0.4489 -13632.1
0.449 -13615
0.4491 -13597.8
0.4492 -13580.6
0.4493 -13563.4
0.4494 -13546.1
0.4495 -13528.9
0.4496 -13511.7
0.4497 -13494.4
0.4498 -13477.1
0.4499 -13459.9
0.45 -13442.6
0.4501 -13425.3
0.4502 -13408
0.4503 -13390.6
0.4504 -13373.3
0.4505 -13356
0.4506 -13338.6
0.4507 -13321.3
0.4508 -13303.9
0.4509 -13286.5
0.451 -13269.1
0.4511 -13251.7
0.4512 -13234.3
0.4513 -13216.8
0.4514 -13199.4
0.4515 -13181.9
0.4516 -13164.5
0.4517 -13147
0.4518 -13129.5
0.4519 -13112
0.452 -13094.5
0.4521 -13077
0.4522 -13059.5
0.4523 -13042
0.4524 -13024.4
0.4525 -13006.8
0.4526 -12989.3
0.4527 -12971.7
0.4528 -12954.1
0.4529 -12936.5
0.453 -12918.9
0.4531 -12901.3
0.4532 -12883.6
0.4533 -12866
0.4534 -12848.3
0.4535 -12830.7
0.4536 -12813
0.4537 -12795.3
0.4538 -12777.6
0.4539 -12759.9
0.454 -12742.2
0.4541 -12724.5
0.4542 -12706.7
0.4543 -12689
0.4544 -12671.2
0.4545 -12653.5
0.4546 -12635.7
0.4547 -12617.9
0.4548 -12600.1
0.4549 -12582.3
0.455 -12564.5
0.4551 -12546.7
0.4552 -12528.8
0.4553 -12511
0.4554 -12493.1
0.4555 -12475.2
0.4556 -12457.4
0.4557 -12439.5
0.4558 -12421.6
0.4559 -12403.6
0.456 -12385.7
0.4561 -12367.8
0.4562 -12349.9
0.4563 -12331.9
0.4564 -12313.9
0.4565 -12296
0.4566 -12278
0.4567 -12260
0.4568 -12242
0.4569 -12224
0.457 -12206
0.4571 -12187.9
0.4572 -12169.9
0.4573 -12151.8
0.4574 -12133.8
0.4575 -12115.7
0.4576 -12097.6
0.4577 -12079.5
0.4578 -12061.4
0.4579 -12043.3
0.458 -12025.2
0.4581 -12007.1
0.4582 -11988.9
0.4583 -11970.8
0.4584 -11952.6
0.4585 -11934.4
0.4586 -11916.3
0.4587 -11898.1
0.4588 -11879.9
0.4589 -11861.7
0.459 -11843.5
0.4591 -11825.2
0.4592 -11807
0.4593 -11788.7
0.4594 -11770.5
0.4595 -11752.2
0.4596 -11733.9
0.4597 -11715.7
0.4598 -11697.4
0.4599 -11679.1
0.46 -11660.7
0.4601 -11642.4
0.4602 -11624.1
0.4603 -11605.7
0.4604 -11587.4
0.4605 -11569
0.4606 -11550.7
0.4607 -11532.3
0.4608 -11513.9
0.4609 -11495.5
0.461 -11477.1
0.4611 -11458.7
0.4612 -11440.2
0.4613 -11421.8
0.4614 -11403.3
0.4615 -11384.9
0.4616 -11366.4
0.4617 -11347.9
0.4618 -11329.5
0.4619 -11311
0.462 -11292.5
0.4621 -11274
0.4622 -11255.4
0.4623 -11236.9
0.4624 -11218.4
0.4625 -11199.8
0.4626 -11181.3
0.4627 -11162.7
0.4628 -11144.1
0.4629 -11125.5
0.463 -11106.9
0.4631 -11088.3
0.4632 -11069.7
0.4633 -11051.1
0.4634 -11032.5
0.4635 -11013.8
0.4636 -10995.2
0.4637 -10976.5
0.4638 -10957.9
0.4639 -10939.2
0.464 -10920.5
0.4641 -10901.8
0.4642 -10883.1
0.4643 -10864.4
0.4644 -10845.7
0.4645 -10827
0.4646 -10808.2
0.4647 -10789.5
0.4648 -10770.7
0.4649 -10752
0.465 -10733.2
0.4651 -10714.4
0.4652 -10695.6
0.4653 -10676.8
0.4654 -10658
0.4655 -10639.2
0.4656 -10620.4
0.4657 -10601.5
0.4658 -10582.7
0.4659 -10563.8
0.466 -10545
0.4661 -10526.1
0.4662 -10507.2
0.4663 -10488.4
0.4664 -10469.5
0.4665 -10450.6
0.4666 -10431.6
0.4667 -10412.7
0.4668 -10393.8
0.4669 -10374.9
0.467 -10355.9
0.4671 -10337
0.4672 -10318
0.4673 -10299
0.4674 -10280.1
0.4675 -10261.1
0.4676 -10242.1
0.4677 -10223.1
0.4678 -10204.1
0.4679 -10185
0.468 -10166
0.4681 -10147
0.4682 -10127.9
0.4683 -10108.9
0.4684 -10089.8
0.4685 -10070.7
0.4686 -10051.7
0.4687 -10032.6
0.4688 -10013.5
0.4689 -9994.38
0.469 -9975.27
0.4691 -9956.15
0.4692 -9937.02
0.4693 -9917.89
0.4694 -9898.75
0.4695 -9879.59
0.4696 -9860.44
0.4697 -9841.27
0.4698 -9822.09
0.4699 -9802.91
0.47 -9783.72
0.4701 -9764.52
0.4702 -9745.31
0.4703 -9726.09
0.4704 -9706.87
0.4705 -9687.64
0.4706 -9668.4
0.4707 -9649.15
0.4708 -9629.9
0.4709 -9610.63
0.471 -9591.36
0.4711 -9572.08
0.4712 -9552.8
0.4713 -9533.5
0.4714 -9514.2
0.4715 -9494.89
0.4716 -9475.57
0.4717 -9456.25
0.4718 -9436.92
0.4719 -9417.57
0.472 -9398.23
0.4721 -9378.87
0.4722 -9359.51
0.4723 -9340.13
0.4724 -9320.75
0.4725 -9301.37
0.4726 -9281.97
0.4727 -9262.57
0.4728 -9243.16
0.4729 -9223.75
0.473 -9204.32
0.4731 -9184.89
0.4732 -9165.45
0.4733 -9146
0.4734 -9126.55
0.4735 -9107.09
0.4736 -9087.62
0.4737 -9068.14
0.4738 -9048.65
0.4739 -9029.16
0.474 -9009.66
0.4741 -8990.16
0.4742 -8970.64
0.4743 -8951.12
0.4744 -8931.59
0.4745 -8912.06
0.4746 -8892.52
0.4747 -8872.96
0.4748 -8853.41
0.4749 -8833.84
0.475 -8814.27
0.4751 -8794.69
0.4752 -8775.11
0.4753 -8755.51
0.4754 -8735.91
0.4755 -8716.3
0.4756 -8696.69
0.4757 -8677.07
0.4758 -8657.44
0.4759 -8637.8
0.476 -8618.16
0.4761 -8598.51
0.4762 -8578.85
0.4763 -8559.19
0.4764 -8539.51
0.4765 -8519.84
0.4766 -8500.15
0.4767 -8480.46
0.4768 -8460.76
0.4769 -8441.05
0.477 -8421.34
0.4771 -8401.62
0.4772 -8381.89
0.4773 -8362.16
0.4774 -8342.42
0.4775 -8322.67
0.4776 -8302.92
0.4777 -8283.16
0.4778 -8263.39
0.4779 -8243.62
0.478 -8223.84
0.4781 -8204.05
0.4782 -8184.25
0.4783 -8164.45
0.4784 -8144.64
0.4785 -8124.83
0.4786 -8105.01
0.4787 -8085.18
0.4788 -8065.35
0.4789 -8045.51
0.479 -8025.66
0.4791 -8005.8
0.4792 -7985.94
0.4793 -7966.08
0.4794 -7946.2
0.4795 -7926.32
0.4796 -7906.44
0.4797 -7886.54
0.4798 -7866.64
0.4799 -7846.74
0.48 -7826.83
0.4801 -7806.91
0.4802 -7786.98
0.4803 -7767.05
0.4804 -7747.11
0.4805 -7727.17
0.4806 -7707.22
0.4807 -7687.26
0.4808 -7667.3
0.4809 -7647.33
0.481 -7627.35
0.4811 -7607.37
0.4812 -7587.38
0.4813 -7567.39
0.4814 -7547.39
0.4815 -7527.38
0.4816 -7507.37
0.4817 -7487.35
0.4818 -7467.33
0.4819 -7447.3
0.482 -7427.26
0.4821 -7407.22
0.4822 -7387.17
0.4823 -7367.11
0.4824 -7347.05
0.4825 -7326.98
0.4826 -7306.91
0.4827 -7286.83
0.4828 -7266.75
0.4829 -7246.65
0.483 -7226.56
0.4831 -7206.45
0.4832 -7186.35
0.4833 -7166.23
0.4834 -7146.11
0.4835 -7125.98
0.4836 -7105.85
0.4837 -7085.71
0.4838 -7065.57
0.4839 -7045.42
0.484 -7025.27
0.4841 -7005.1
0.4842 -6984.94
0.4843 -6964.77
0.4844 -6944.59
0.4845 -6924.4
0.4846 -6904.21
0.4847 -6884.02
0.4848 -6863.82
0.4849 -6843.61
0.485 -6823.4
0.4851 -6803.18
0.4852 -6782.96
0.4853 -6762.73
0.4854 -6742.5
0.4855 -6722.26
0.4856 -6702.01
0.4857 -6681.76
0.4858 -6661.5
0.4859 -6641.24
0.486 -6620.98
0.4861 -6600.7
0.4862 -6580.43
0.4863 -6560.14
0.4864 -6539.85
0.4865 -6519.56
0.4866 -6499.26
0.4867 -6478.96
0.4868 -6458.65
0.4869 -6438.33
0.487 -6418.01
0.4871 -6397.69
0.4872 -6377.36
0.4873 -6357.02
0.4874 -6336.68
0.4875 -6316.33
0.4876 -6295.98
0.4877 -6275.62
0.4878 -6255.26
0.4879 -6234.9
0.488 -6214.52
0.4881 -6194.15
0.4882 -6173.76
0.4883 -6153.38
0.4884 -6132.98
0.4885 -6112.59
0.4886 -6092.19
0.4887 -6071.78
0.4888 -6051.37
0.4889 -6030.95
0.489 -6010.53
0.4891 -5990.1
0.4892 -5969.67
0.4893 -5949.23
0.4894 -5928.79
0.4895 -5908.34
0.4896 -5887.89
0.4897 -5867.44
0.4898 -5846.98
0.4899 -5826.51
0.49 -5806.04
0.4901 -5785.56
0.4902 -5765.08
0.4903 -5744.6
0.4904 -5724.11
0.4905 -5703.62
0.4906 -5683.12
0.4907 -5662.62
0.4908 -5642.11
0.4909 -5621.59
0.491 -5601.08
0.4911 -5580.56
0.4912 -5560.03
0.4913 -5539.5
0.4914 -5518.96
0.4915 -5498.42
0.4916 -5477.88
0.4917 -5457.33
0.4918 -5436.78
0.4919 -5416.22
0.492 -5395.66
0.4921 -5375.09
0.4922 -5354.52
0.4923 -5333.95
0.4924 -5313.37
0.4925 -5292.78
0.4926 -5272.19
0.4927 -5251.6
0.4928 -5231
0.4929 -5210.4
0.493 -5189.8
0.4931 -5169.19
0.4932 -5148.58
0.4933 -5127.96
0.4934 -5107.33
0.4935 -5086.71
0.4936 -5066.08
0.4937 -5045.44
0.4938 -5024.8
0.4939 -5004.16
0.494 -4983.51
0.4941 -4962.86
0.4942 -4942.21
0.4943 -4921.55
0.4944 -4900.89
0.4945 -4880.22
0.4946 -4859.55
0.4947 -4838.87
0.4948 -4818.19
0.4949 -4797.51
0.495 -4776.82
0.4951 -4756.13
0.4952 -4735.44
0.4953 -4714.74
0.4954 -4694.04
0.4955 -4673.33
0.4956 -4652.62
0.4957 -4631.91
0.4958 -4611.19
0.4959 -4590.47
0.496 -4569.74
0.4961 -4549.01
0.4962 -4528.28
0.4963 -4507.54
0.4964 -4486.8
0.4965 -4466.06
0.4966 -4445.31
0.4967 -4424.56
0.4968 -4403.81
0.4969 -4383.05
0.497 -4362.29
0.4971 -4341.52
0.4972 -4320.75
0.4973 -4299.98
0.4974 -4279.2
0.4975 -4258.42
0.4976 -4237.64
0.4977 -4216.86
0.4978 -4196.07
0.4979 -4175.27
0.498 -4154.48
0.4981 -4133.68
0.4982 -4112.87
0.4983 -4092.07
0.4984 -4071.26
0.4985 -4050.44
0.4986 -4029.63
0.4987 -4008.8
0.4988 -3987.98
0.4989 -3967.16
0.499 -3946.33
0.4991 -3925.49
0.4992 -3904.66
0.4993 -3883.82
0.4994 -3862.97
0.4995 -3842.13
0.4996 -3821.28
0.4997 -3800.43
0.4998 -3779.57
0.4999 -3758.71
0.5 -3737.85
0.5001 -3716.99
0.5002 -3696.12
0.5003 -3675.25
0.5004 -3654.38
0.5005 -3633.5
0.5006 -3612.62
0.5007 -3591.74
0.5008 -3570.85
0.5009 -3549.96
0.501 -3529.07
0.5011 -3508.18
0.5012 -3487.28
0.5013 -3466.38
0.5014 -3445.48
0.5015 -3424.58
0.5016 -3403.67
0.5017 -3382.76
0.5018 -3361.84
0.5019 -3340.93
0.502 -3320.01
0.5021 -3299.09
0.5022 -3278.16
0.5023 -3257.23
0.5024 -3236.3
0.5025 -3215.37
0.5026 -3194.44
0.5027 -3173.5
0.5028 -3152.56
0.5029 -3131.61
0.503 -3110.67
0.5031 -3089.72
0.5032 -3068.77
0.5033 -3047.82
0.5034 -3026.86
0.5035 -3005.9
0.5036 -2984.94
0.5037 -2963.98
0.5038 -2943.02
0.5039 -2922.05
0.504 -2901.08
0.5041 -2880.1
0.5042 -2859.13
0.5043 -2838.15
0.5044 -2817.17
0.5045 -2796.19
0.5046 -2775.21
0.5047 -2754.22
0.5048 -2733.23
0.5049 -2712.24
0.505 -2691.25
0.5051 -2670.25
0.5052 -2649.26
0.5053 -2628.26
0.5054 -2607.25
0.5055 -2586.25
0.5056 -2565.24
0.5057 -2544.24
0.5058 -2523.23
0.5059 -2502.21
0.506 -2481.2
0.5061 -2460.18
0.5062 -2439.16
0.5063 -2418.14
0.5064 -2397.12
0.5065 -2376.1
0.5066 -2355.07
0.5067 -2334.04
0.5068 -2313.01
0.5069 -2291.98
0.507 -2270.95
0.5071 -2249.91
0.5072 -2228.87
0.5073 -2207.84
0.5074 -2186.79
0.5075 -2165.75
0.5076 -2144.71
0.5077 -2123.66
0.5078 -2102.61
0.5079 -2081.56
0.508 -2060.51
0.5081 -2039.46
0.5082 -2018.4
0.5083 -1997.35
0.5084 -1976.29
0.5085 -1955.23
0.5086 -1934.17
0.5087 -1913.1
0.5088 -1892.04
0.5089 -1870.97
0.509 -1849.9
0.5091 -1828.84
0.5092 -1807.77
0.5093 -1786.69
0.5094 -1765.62
0.5095 -1744.54
0.5096 -1723.47
0.5097 -1702.39
0.5098 -1681.31
0.5099 -1660.23
0.51 -1639.15
0.5101 -1618.06
0.5102 -1596.98
0.5103 -1575.89
0.5104 -1554.81
0.5105 -1533.72
0.5106 -1512.63
0.5107 -1491.54
0.5108 -1470.45
0.5109 -1449.35
0.511 -1428.26
0.5111 -1407.16
0.5112 -1386.07
0.5113 -1364.97
0.5114 -1343.87
0.5115 -1322.77
0.5116 -1301.67
0.5117 -1280.56
0.5118 -1259.46
0.5119 -1238.36
0.512 -1217.25
0.5121 -1196.14
0.5122 -1175.04
0.5123 -1153.93
0.5124 -1132.82
0.5125 -1111.71
0.5126 -1090.6
0.5127 -1069.49
0.5128 -1048.37
0.5129 -1027.26
0.513 -1006.14
0.5131 -985.028
0.5132 -963.912
0.5133 -942.795
0.5134 -921.677
0.5135 -900.559
0.5136 -879.439
0.5137 -858.319
0.5138 -837.198
0.5139 -816.077
0.514 -794.955
0.5141 -773.832
0.5142 -752.709
0.5143 -731.585
0.5144 -710.46
0.5145 -689.335
0.5146 -668.209
0.5147 -647.083
0.5148 -625.956
0.5149 -604.829
0.515 -583.701
0.5151 -562.573
0.5152 -541.444
0.5153 -520.315
0.5154 -499.185
0.5155 -478.055
0.5156 -456.925
0.5157 -435.794
0.5158 -414.663
0.5159 -393.531
0.516 -372.4
0.5161 -351.267
0.5162 -330.135
0.5163 -309.002
0.5164 -287.869
0.5165 -266.736
0.5166 -245.603
0.5167 -224.469
0.5168 -203.336
0.5169 -182.202
0.517 -161.068
0.5171 -139.933
0.5172 -118.799
0.5173 -97.6646
0.5174 -76.5301
0.5175 -55.3956
0.5176 -34.261
0.5177 -13.1263
0.5178 8.0083
0.5179 29.1429
0.518 50.2775
0.5181 71.4121
0.5182 92.5466
0.5183 113.681
0.5184 134.815
0.5185 155.95
0.5186 177.084
0.5187 198.218
0.5188 219.352
0.5189 240.485
0.519 261.619
0.5191 282.752
0.5192 303.885
0.5193 325.017
0.5194 346.15
0.5195 367.282
0.5196 388.414
0.5197 409.546
0.5198 430.677
0.5199 451.808
0.52 472.938
0.5201 494.068
0.5202 515.198
0.5203 536.327
0.5204 557.456
0.5205 578.585
0.5206 599.713
0.5207 620.84
0.5208 641.967
0.5209 663.093
0.521 684.219
0.5211 705.344
0.5212 726.469
0.5213 747.593
0.5214 768.717
0.5215 789.84
0.5216 810.962
0.5217 832.084
0.5218 853.205
0.5219 874.325
0.522 895.444
0.5221 916.563
0.5222 937.681
0.5223 958.798
0.5224 979.915
0.5225 1001.03
0.5226 1022.15
0.5227 1043.26
0.5228 1064.37
0.5229 90253.9
0.523 1.32621e+006
0.5231 3.17114e+006
0.5232 5.14733e+006
0.5233 6.82037e+006
0.5234 7.81344e+006
0.5235 7.89543e+006
0.5236 7.04701e+006
0.5237 5.46647e+006
0.5238 3.51203e+006
0.5239 1.61344e+006
0.524 229204
0.5241 1076.58
0.5242 1056.82
0.5243 1037.05
0.5244 1017.28
0.5245 997.512
0.5246 977.742
0.5247 957.972
0.5248 -1.21698e+007
0.5249 -4.19953e+007
0.525 -7.11899e+007
0.5251 -8.56958e+007
0.5252 -7.82803e+007
0.5253 -5.14016e+007
0.5254 -3.41793e+006
0.5255 4.23938e+007
0.5256 6.44008e+007
0.5257 7.16125e+007
0.5258 6.14939e+007
0.5259 3.88248e+007
0.526 1.39322e+007
0.5261 2549.14
0.5262 2570.79
0.5263 2592.44
0.5264 2614.09
0.5265 2635.74
0.5266 2657.38
0.5267 2679.02
0.5268 2700.66
0.5269 2722.3
0.527 2743.94
0.5271 2765.57
0.5272 2787.2
0.5273 2808.83
0.5274 2830.46
0.5275 2852.08
0.5276 2873.71
0.5277 2895.33
0.5278 2916.94
0.5279 2938.56
0.528 2960.17
0.5281 2981.78
0.5282 3003.39
0.5283 3024.99
0.5284 3046.6
0.5285 3068.2
0.5286 3089.79
0.5287 3111.39
0.5288 3132.98
0.5289 3154.57
0.529 3176.16
0.5291 3197.75
0.5292 3219.33
0.5293 3240.91
0.5294 3262.48
0.5295 3284.06
0.5296 3305.63
0.5297 3327.2
0.5298 3348.77
0.5299 3370.33
0.53 3391.89
0.5301 3413.45
0.5302 3435
0.5303 3456.56
0.5304 3478.11
0.5305 3499.65
0.5306 3521.2
0.5307 3542.74
0.5308 3564.28
0.5309 3585.81
0.531 3607.34
0.5311 3628.87
0.5312 3650.4
0.5313 3671.92
0.5314 3693.44
0.5315 3714.96
0.5316 3736.48
0.5317 3757.99
0.5318 3779.5
0.5319 3801
0.532 3822.5
0.5321 3844
0.5322 3865.5
0.5323 3886.99
0.5324 3908.48
0.5325 3929.97
0.5326 3951.45
0.5327 3972.93
0.5328 3994.41
0.5329 4015.88
0.533 4037.35
0.5331 4058.82
0.5332 4080.28
0.5333 4101.74
0.5334 4123.2
0.5335 4144.65
0.5336 4166.1
0.5337 4187.55
0.5338 4208.99
0.5339 4230.43
0.534 4251.87
0.5341 4273.3
0.5342 4294.73
0.5343 4316.15
0.5344 4337.58
0.5345 4359
0.5346 4380.41
0.5347 4401.82
0.5348 4423.23
0.5349 4444.63
0.535 4466.04
0.5351 4487.43
0.5352 4508.83
0.5353 4530.22
0.5354 4551.6
0.5355 4572.98
0.5356 4594.36
0.5357 4615.74
0.5358 4637.11
0.5359 4658.48
0.536 4679.84
0.5361 4701.2
0.5362 4722.56
0.5363 4743.91
0.5364 4765.26
0.5365 4786.6
0.5366 4807.94
0.5367 4829.28
0.5368 4850.61
0.5369 4871.94
0.537 4893.26
0.5371 4914.58
0.5372 4935.9
0.5373 4957.21
0.5374 4978.52
0.5375 4999.82
0.5376 5021.12
0.5377 5042.42
0.5378 5063.71
0.5379 5085
0.538 5106.28
0.5381 5127.56
0.5382 5148.84
0.5383 5170.11
0.5384 5191.38
0.5385 5212.64
0.5386 5233.9
0.5387 5255.15
0.5388 5276.4
0.5389 5297.65
0.539 5318.89
0.5391 5340.13
0.5392 5361.36
0.5393 5382.59
0.5394 5403.81
0.5395 5425.03
0.5396 5446.24
0.5397 5467.45
0.5398 5488.66
0.5399 5509.86
0.54 5531.06
0.5401 5552.25
0.5402 5573.44
0.5403 5594.62
0.5404 5615.8
0.5405 5636.98
0.5406 5658.15
0.5407 5679.31
0.5408 5700.47
0.5409 5721.63
0.541 5742.78
0.5411 5763.92
0.5412 5785.07
0.5413 5806.2
0.5414 5827.34
0.5415 5848.46
0.5416 5869.59
0.5417 5890.7
0.5418 5911.82
0.5419 5932.92
0.542 5954.03
0.5421 5975.13
0.5422 5996.22
0.5423 6017.31
0.5424 6038.39
0.5425 6059.47
0.5426 6080.54
0.5427 6101.61
0.5428 6122.68
0.5429 6143.74
0.543 6164.79
0.5431 6185.84
0.5432 6206.88
0.5433 6227.92
0.5434 6248.96
0.5435 6269.98
0.5436 6291.01
0.5437 6312.03
0.5438 6333.04
0.5439 6354.05
0.544 6375.05
0.5441 6396.05
0.5442 6417.04
0.5443 6438.03
0.5444 6459.01
0.5445 6479.99
0.5446 6500.96
0.5447 6521.92
0.5448 6542.88
0.5449 6563.84
0.545 6584.79
0.5451 6605.73
0.5452 6626.67
0.5453 6647.61
0.5454 6668.53
0.5455 6689.46
0.5456 6710.37
0.5457 6731.29
0.5458 6752.19
0.5459 6773.09
0.546 6793.99
0.5461 6814.88
0.5462 6835.76
0.5463 6856.64
0.5464 6877.51
0.5465 6898.38
0.5466 6919.24
0.5467 6940.1
0.5468 6960.95
0.5469 6981.8
0.547 7002.63
0.5471 7023.47
0.5472 7044.3
0.5473 7065.12
0.5474 7085.93
0.5475 7106.74
0.5476 7127.55
0.5477 7148.35
0.5478 7169.14
0.5479 7189.93
0.548 7210.71
0.5481 7231.48
0.5482 7252.25
0.5483 7273.02
0.5484 7293.77
0.5485 7314.52
0.5486 7335.27
0.5487 7356.01
0.5488 7376.74
0.5489 7397.47
0.549 7418.19
0.5491 7438.91
0.5492 7459.62
0.5493 7480.32
0.5494 7501.02
0.5495 7521.71
0.5496 7542.39
0.5497 7563.07
0.5498 7583.74
0.5499 7604.41
0.55 7625.07
0.5501 7645.72
0.5502 7666.37
0.5503 7687.01
0.5504 7707.65
0.5505 7728.28
0.5506 7748.9
0.5507 7769.52
0.5508 7790.13
0.5509 7810.73
0.551 7831.33
0.5511 7851.92
0.5512 7872.5
0.5513 7893.08
0.5514 7913.65
0.5515 7934.22
0.5516 7954.77
0.5517 7975.33
0.5518 7995.87
0.5519 8016.41
0.552 8036.94
0.5521 8057.47
0.5522 8077.99
0.5523 8098.5
0.5524 8119.01
0.5525 8139.5
0.5526 8160
0.5527 8180.48
0.5528 8200.96
0.5529 8221.44
0.553 8241.9
0.5531 8262.36
0.5532 8282.81
0.5533 8303.26
0.5534 8323.7
0.5535 8344.13
0.5536 8364.55
0.5537 8384.97
0.5538 8405.38
0.5539 8425.79
0.554 8446.19
0.5541 8466.58
0.5542 8486.96
0.5543 8507.34
0.5544 8527.71
0.5545 8548.07
0.5546 8568.43
0.5547 8588.78
0.5548 8609.12
0.5549 8629.45
0.555 8649.78
0.5551 8670.1
0.5552 8690.42
0.5553 8710.72
0.5554 8731.02
0.5555 8751.32
0.5556 8771.6
0.5557 8791.88
0.5558 8812.15
0.5559 8832.41
0.556 8852.67
0.5561 8872.92
0.5562 8893.16
0.5563 8913.4
0.5564 8933.63
0.5565 8953.85
0.5566 8974.06
0.5567 8994.26
0.5568 9014.46
0.5569 9034.65
0.557 9054.84
0.5571 9075.01
0.5572 9095.18
0.5573 9115.34
0.5574 9135.5
0.5575 9155.64
0.5576 9175.78
0.5577 9195.91
0.5578 9216.04
0.5579 9236.15
0.558 9256.26
0.5581 9276.36
0.5582 9296.46
0.5583 9316.54
0.5584 9336.62
0.5585 9356.69
0.5586 9376.76
0.5587 9396.81
0.5588 9416.86
0.5589 9436.9
0.559 9456.93
0.5591 9476.96
0.5592 9496.98
0.5593 9516.98
0.5594 9536.99
0.5595 9556.98
0.5596 9576.97
0.5597 9596.94
0.5598 9616.91
0.5599 9636.88
0.56 9656.83
0.5601 9676.78
0.5602 9696.72
0.5603 9716.65
0.5604 9736.57
0.5605 9756.48
0.5606 9776.39
0.5607 9796.29
0.5608 9816.18
0.5609 9836.06
0.561 9855.94
0.5611 9875.81
0.5612 9895.67
0.5613 9915.52
0.5614 9935.36
0.5615 9955.19
0.5616 9975.02
0.5617 9994.84
0.5618 10014.6
0.5619 10034.4
0.562 10054.2
0.5621 10074
0.5622 10093.8
0.5623 10113.6
0.5624 10133.3
0.5625 10153.1
0.5626 10172.8
0.5627 10192.6
0.5628 10212.3
0.5629 10232
0.563 10251.7
0.5631 10271.4
0.5632 10291.1
0.5633 10310.8
0.5634 10330.5
0.5635 10350.2
0.5636 10369.8
0.5637 10389.5
0.5638 10409.1
0.5639 10428.7
0.564 10448.4
0.5641 10468
0.5642 10487.6
0.5643 10507.2
0.5644 10526.8
0.5645 10546.4
0.5646 10565.9
0.5647 10585.5
0.5648 10605.1
0.5649 10624.6
0.565 10644.2
0.5651 10663.7
0.5652 10683.2
0.5653 10702.7
0.5654 10722.2
0.5655 10741.7
0.5656 10761.2
0.5657 10780.7
0.5658 10800.2
0.5659 10819.6
0.566 10839.1
0.5661 10858.5
0.5662 10878
0.5663 10897.4
0.5664 10916.8
0.5665 10936.2
0.5666 10955.6
0.5667 10975
0.5668 10994.4
0.5669 11013.8
0.567 11033.1
0.5671 11052.5
0.5672 11071.8
0.5673 11091.2
0.5674 11110.5
0.5675 11129.8
0.5676 11149.1
0.5677 11168.4
0.5678 11187.7
0.5679 11207
0.568 11226.3
0.5681 11245.5
0.5682 11264.8
0.5683 11284
0.5684 11303.3
0.5685 11322.5
0.5686 11341.7
0.5687 11360.9
0.5688 11380.1
0.5689 11399.3
0.569 11418.5
0.5691 11437.6
0.5692 11456.8
0.5693 11476
0.5694 11495.1
0.5695 11514.2
0.5696 11533.4
0.5697 11552.5
0.5698 11571.6
0.5699 11590.7
0.57 11609.8
0.5701 11628.8
0.5702 11647.9
0.5703 11667
0.5704 11686
0.5705 11705
0.5706 11724.1
0.5707 11743.1
0.5708 11762.1
0.5709 11781.1
0.571 11800.1
0.5711 11819.1
0.5712 11838
0.5713 11857
0.5714 11876
0.5715 11894.9
0.5716 11913.8
0.5717 11932.8
0.5718 11951.7
0.5719 11970.6
0.572 11989.5
0.5721 12008.3
0.5722 12027.2
0.5723 12046.1
0.5724 12064.9
0.5725 12083.8
0.5726 12102.6
0.5727 12121.4
0.5728 12140.3
0.5729 12159.1
0.573 12177.9
0.5731 12196.6
0.5732 12215.4
0.5733 12234.2
0.5734 12252.9
0.5735 12271.7
0.5736 12290.4
0.5737 12309.1
0.5738 12327.9
0.5739 12346.6
0.574 12365.3
0.5741 12383.9
0.5742 12402.6
0.5743 12421.3
0.5744 12439.9
0.5745 12458.6
0.5746 12477.2
0.5747 12495.8
0.5748 12514.4
0.5749 12533.1
0.575 12551.6
0.5751 12570.2
0.5752 12588.8
0.5753 12607.4
0.5754 12625.9
0.5755 12644.5
0.5756 12663
0.5757 12681.5
0.5758 12700
0.5759 12718.5
0.576 12737
0.5761 12755.5
0.5762 12774
0.5763 12792.4
0.5764 12810.9
0.5765 12829.3
0.5766 12847.7
0.5767 12866.1
0.5768 12884.6
0.5769 12902.9
0.577 12921.3
0.5771 12939.7
0.5772 12958.1
0.5773 12976.4
0.5774 12994.8
0.5775 13013.1
0.5776 13031.4
0.5777 13049.7
0.5778 13068
0.5779 13086.3
0.578 13104.6
0.5781 13122.9
0.5782 13141.1
0.5783 13159.4
0.5784 13177.6
0.5785 13195.8
0.5786 13214
0.5787 13232.2
0.5788 13250.4
0.5789 13268.6
0.579 13286.8
0.5791 13305
0.5792 13323.1
0.5793 13341.2
0.5794 13359.4
0.5795 13377.5
0.5796 13395.6
0.5797 13413.7
0.5798 13431.8
0.5799 13449.8
0.58 13467.9
0.5801 13486
0.5802 13504
0.5803 13522
0.5804 13540
0.5805 13558.1
0.5806 13576
0.5807 13594
0.5808 13612
0.5809 13630
0.581 13647.9
0.5811 13665.9
0.5812 13683.8
0.5813 13701.7
0.5814 13719.6
0.5815 13737.5
0.5816 13755.4
0.5817 13773.3
0.5818 13791.1
0.5819 13809
0.582 13826.8
0.5821 13844.6
0.5822 13862.5
0.5823 13880.3
0.5824 13898.1
0.5825 13915.8
0.5826 13933.6
0.5827 13951.4
0.5828 13969.1
0.5829 13986.9
0.583 14004.6
0.5831 14022.3
0.5832 14040
0.5833 14057.7
0.5834 14075.4
0.5835 14093
0.5836 14110.7
0.5837 14128.3
0.5838 14146
0.5839 14163.6
0.584 14181.2
0.5841 14198.8
0.5842 14216.4
0.5843 14234
0.5844 14251.5
0.5845 14269.1
0.5846 14286.6
0.5847 14304.2
0.5848 14321.7
0.5849 14339.2
0.585 14356.7
0.5851 14374.2
0.5852 14391.6
0.5853 14409.1
0.5854 14426.5
0.5855 14444
0.5856 14461.4
0.5857 14478.8
0.5858 14496.2
0.5859 14513.6
0.586 14531
0.5861 14548.3
0.5862 14565.7
0.5863 14583
0.5864 14600.3
0.5865 14617.7
0.5866 14635
0.5867 14652.3
0.5868 14669.5
0.5869 14686.8
0.587 14704.1
0.5871 14721.3
0.5872 14738.5
0.5873 14755.8
0.5874 14773
0.5875 14790.2
0.5876 14807.4
0.5877 14824.5
0.5878 14841.7
0.5879 14858.8
0.588 14876
0.5881 14893.1
0.5882 14910.2
0.5883 14927.3
0.5884 14944.4
0.5885 14961.5
0.5886 14978.5
0.5887 14995.6
0.5888 15012.6
0.5889 15029.6
0.589 15046.7
0.5891 15063.7
0.5892 15080.7
0.5893 15097.6
0.5894 15114.6
0.5895 15131.5
0.5896 15148.5
0.5897 15165.4
0.5898 15182.3
0.5899 15199.2
0.59 15216.1
0.5901 15233
0.5902 15249.9
0.5903 15266.7
0.5904 15283.6
0.5905 15300.4
0.5906 15317.2
0.5907 15334
0.5908 15350.8
0.5909 15367.6
0.591 15384.3
0.5911 15401.1
0.5912 15417.8
0.5913 15434.6
0.5914 15451.3
0.5915 15468
0.5916 15484.7
0.5917 15501.3
0.5918 15518
0.5919 15534.7
0.592 15551.3
0.5921 15567.9
0.5922 15584.5
0.5923 15601.1
0.5924 15617.7
0.5925 15634.3
0.5926 15650.9
0.5927 15667.4
0.5928 15684
0.5929 15700.5
0.593 15717
0.5931 15733.5
0.5932 15750
0.5933 15766.4
0.5934 15782.9
0.5935 15799.4
0.5936 15815.8
0.5937 15832.2
0.5938 15848.6
0.5939 15865
0.594 15881.4
0.5941 15897.8
0.5942 15914.1
0.5943 15930.5
0.5944 15946.8
0.5945 15963.1
0.5946 15979.4
0.5947 15995.7
0.5948 16012
0.5949 16028.3
0.595 16044.5
0.5951 16060.7
0.5952 16077
0.5953 16093.2
0.5954 16109.4
0.5955 16125.6
0.5956 16141.7
0.5957 16157.9
0.5958 16174
0.5959 16190.2
0.596 16206.3
0.5961 16222.4
0.5962 16238.5
0.5963 16254.6
0.5964 16270.7
0.5965 16286.7
0.5966 16302.7
0.5967 16318.8
0.5968 16334.8
0.5969 16350.8
0.597 16366.8
0.5971 16382.8
0.5972 16398.7
0.5973 16414.7
0.5974 16430.6
0.5975 16446.5
0.5976 16462.4
0.5977 16478.3
0.5978 16494.2
0.5979 16510.1
0.598 16525.9
0.5981 16541.8
0.5982 16557.6
0.5983 16573.4
0.5984 16589.2
0.5985 16605
0.5986 16620.8
0.5987 16636.5
0.5988 16652.3
0.5989 16668
0.599 16683.7
0.5991 16699.4
0.5992 16715.1
0.5993 16730.8
0.5994 16746.4
0.5995 16762.1
0.5996 16777.7
0.5997 16793.3
0.5998 16809
0.5999 16824.6
0.6 16840.1
0.6001 16855.7
0.6002 16871.3
0.6003 16886.8
0.6004 16902.3
0.6005 16917.8
0.6006 16933.3
0.6007 16948.8
0.6008 16964.3
0.6009 16979.7
0.601 16995.2
0.6011 17010.6
0.6012 17026
0.6013 17041.4
0.6014 17056.8
0.6015 17072.2
0.6016 17087.5
0.6017 17102.9
0.6018 17118.2
0.6019 17133.5
0.602 17148.8
0.6021 17164.1
0.6022 17179.4
0.6023 17194.7
0.6024 17209.9
0.6025 17225.2
0.6026 17240.4
0.6027 17255.6
0.6028 17270.8
0.6029 17285.9
0.603 17301.1
0.6031 17316.3
0.6032 17331.4
0.6033 17346.5
0.6034 17361.6
0.6035 17376.7
0.6036 17391.8
0.6037 17406.9
0.6038 17421.9
0.6039 17436.9
0.604 17452
0.6041 17467
0.6042 17482
0.6043 17496.9
0.6044 17511.9
0.6045 17526.8
0.6046 17541.8
0.6047 17556.7
0.6048 17571.6
0.6049 17586.5
0.605 17601.4
0.6051 17616.2
0.6052 17631.1
0.6053 17645.9
0.6054 17660.7
0.6055 17675.6
0.6056 17690.3
0.6057 17705.1
0.6058 17719.9
0.6059 17734.6
0.606 17749.4
0.6061 17764.1
0.6062 17778.8
0.6063 17793.5
0.6064 17808.2
0.6065 17822.8
0.6066 17837.5
0.6067 17852.1
0.6068 17866.7
0.6069 17881.3
0.607 17895.9
0.6071 17910.5
0.6072 17925
0.6073 17939.6
0.6074 17954.1
0.6075 17968.6
0.6076 17983.1
0.6077 17997.6
0.6078 18012.1
0.6079 18026.5
0.608 18041
0.6081 18055.4
0.6082 18069.8
0.6083 18084.2
0.6084 18098.6
0.6085 18113
0.6086 18127.3
0.6087 18141.7
0.6088 18156
0.6089 18170.3
0.609 18184.6
0.6091 18198.9
0.6092 18213.1
0.6093 18227.4
0.6094 18241.6
0.6095 18255.8
0.6096 18270
0.6097 18284.2
0.6098 18298.4
0.6099 18312.5
0.61 18326.7
0.6101 18340.8
0.6102 18354.9
0.6103 18369
0.6104 18383.1
0.6105 18397.2
0.6106 18411.2
0.6107 18425.3
0.6108 18439.3
0.6109 18453.3
0.611 18467.3
0.6111 18481.3
0.6112 18495.3
0.6113 18509.2
0.6114 18523.1
0.6115 18537.1
0.6116 18551
0.6117 18564.9
0.6118 18578.7
0.6119 18592.6
0.612 18606.4
0.6121 18620.3
0.6122 18634.1
0.6123 18647.9
0.6124 18661.6
0.6125 18675.4
0.6126 18689.2
0.6127 18702.9
0.6128 18716.6
0.6129 18730.3
0.613 18744
0.6131 18757.7
0.6132 18771.4
0.6133 18785
0.6134 18798.6
0.6135 18812.2
0.6136 18825.8
0.6137 18839.4
0.6138 18853
0.6139 18866.5
0.614 18880.1
0.6141 18893.6
0.6142 18907.1
0.6143 18920.6
0.6144 18934.1
0.6145 18947.5
0.6146 18961
0.6147 18974.4
0.6148 18987.8
0.6149 19001.2
0.615 19014.6
0.6151 19028
0.6152 19041.3
0.6153 19054.6
0.6154 19068
0.6155 19081.3
0.6156 19094.6
0.6157 19107.8
0.6158 19121.1
0.6159 19134.3
0.616 19147.6
0.6161 19160.8
0.6162 19174
0.6163 19187.1
0.6164 19200.3
0.6165 19213.5
0.6166 19226.6
0.6167 19239.7
0.6168 19252.8
0.6169 19265.9
0.617 19279
0.6171 19292
0.6172 19305.1
0.6173 19318.1
0.6174 19331.1
0.6175 19344.1
0.6176 19357.1
0.6177 19370
0.6178 19383
0.6179 19395.9
0.618 19408.8
0.6181 19421.7
0.6182 19434.6
0.6183 19447.4
0.6184 19460.3
0.6185 19473.1
0.6186 19485.9
0.6187 19498.7
0.6188 19511.5
0.6189 19524.3
0.619 19537
0.6191 19549.8
0.6192 19562.5
0.6193 19575.2
0.6194 19587.9
0.6195 19600.6
0.6196 19613.2
0.6197 19625.9
0.6198 19638.5
0.6199 19651.1
0.62 19663.7
0.6201 19676.3
0.6202 19688.8
0.6203 19701.4
0.6204 19713.9
0.6205 19726.4
0.6206 19738.9
0.6207 19751.4
0.6208 19763.8
0.6209 19776.3
0.621 19788.7
0.6211 19801.1
0.6212 19813.5
0.6213 19825.9
0.6214 19838.3
0.6215 19850.6
0.6216 19863
0.6217 19875.3
0.6218 19887.6
0.6219 19899.9
0.622 19912.1
0.6221 19924.4
0.6222 19936.6
0.6223 19948.9
0.6224 19961.1
0.6225 19973.3
0.6226 19985.4
0.6227 19997.6
0.6228 20009.7
0.6229 20021.8
0.623 20033.9
0.6231 20046
0.6232 20058.1
0.6233 20070.2
0.6234 20082.2
0.6235 20094.2
0.6236 20106.2
0.6237 20118.2
0.6238 20130.2
0.6239 20142.2
0.624 20154.1
0.6241 20166
0.6242 20177.9
0.6243 20189.8
0.6244 20201.7
0.6245 20213.6
0.6246 20225.4
0.6247 20237.2
0.6248 20249.1
0.6249 20260.9
0.625 20272.6
0.6251 20284.4
0.6252 20296.1
0.6253 20307.9
0.6254 20319.6
0.6255 20331.3
0.6256 20342.9
0.6257 20354.6
0.6258 20366.3
0.6259 20377.9
0.626 20389.5
0.6261 20401.1
0.6262 20412.7
0.6263 20424.2
0.6264 20435.8
0.6265 20447.3
0.6266 20458.8
0.6267 20470.3
0.6268 20481.8
0.6269 20493.2
0.627 20504.7
0.6271 20516.1
0.6272 20527.5
0.6273 20538.9
0.6274 20550.3
0.6275 20561.7
0.6276 20573
0.6277 20584.3
0.6278 20595.6
0.6279 20606.9
0.628 20618.2
0.6281 20629.5
0.6282 20640.7
0.6283 20651.9
0.6284 20663.1
0.6285 20674.3
0.6286 20685.5
0.6287 20696.7
0.6288 20707.8
0.6289 20718.9
0.629 20730
0.6291 20741.1
0.6292 20752.2
0.6293 20763.3
0.6294 20774.3
0.6295 20785.3
0.6296 20796.3
0.6297 20807.3
0.6298 20818.3
0.6299 20829.3
0.63 20840.2
0.6301 20851.1
0.6302 20862
0.6303 20872.9
0.6304 20883.8
0.6305 20894.6
0.6306 20905.5
0.6307 20916.3
0.6308 20927.1
0.6309 20937.9
0.631 20948.6
0.6311 20959.4
0.6312 20970.1
0.6313 20980.8
0.6314 20991.5
0.6315 21002.2
0.6316 21012.9
0.6317 21023.5
0.6318 21034.2
0.6319 21044.8
0.632 21055.4
0.6321 21065.9
0.6322 21076.5
0.6323 21087.1
0.6324 21097.6
0.6325 21108.1
0.6326 21118.6
0.6327 21129.1
0.6328 21139.5
0.6329 21150
0.633 21160.4
0.6331 21170.8
0.6332 21181.2
0.6333 21191.6
0.6334 21201.9
0.6335 21212.2
0.6336 21222.6
0.6337 21232.9
0.6338 21243.2
0.6339 21253.4
0.634 21263.7
0.6341 21273.9
0.6342 21284.1
0.6343 21294.3
0.6344 21304.5
0.6345 21314.7
0.6346 21324.8
0.6347 21334.9
0.6348 21345
0.6349 21355.1
0.635 21365.2
0.6351 21375.3
0.6352 21385.3
0.6353 21395.3
0.6354 21405.3
0.6355 21415.3
0.6356 21425.3
0.6357 21435.3
0.6358 21445.2
0.6359 21455.1
0.636 21465
0.6361 21474.9
0.6362 21484.8
0.6363 21494.6
0.6364 21504.5
0.6365 21514.3
0.6366 21524.1
0.6367 21533.8
0.6368 21543.6
0.6369 21553.3
0.637 21563.1
0.6371 21572.8
0.6372 21582.5
0.6373 21592.1
0.6374 21601.8
0.6375 21611.4
0.6376 21621.1
0.6377 21630.7
0.6378 21640.2
0.6379 21649.8
0.638 21659.4
0.6381 21668.9
0.6382 21678.4
0.6383 21687.9
0.6384 21697.4
0.6385 21706.8
0.6386 21716.3
0.6387 21725.7
0.6388 21735.1
0.6389 21744.5
0.639 21753.9
0.6391 21763.2
0.6392 21772.6
0.6393 21781.9
0.6394 21791.2
0.6395 21800.5
0.6396 21809.7
0.6397 21819
0.6398 21828.2
0.6399 21837.4
0.64 21846.6
0.6401 21855.8
0.6402 21865
0.6403 21874.1
0.6404 21883.2
0.6405 21892.3
0.6406 21901.4
0.6407 21910.5
0.6408 21919.5
0.6409 21928.6
0.641 21937.6
0.6411 21946.6
0.6412 21955.6
0.6413 21964.5
0.6414 21973.5
0.6415 21982.4
0.6416 21991.3
0.6417 22000.2
0.6418 22009.1
0.6419 22017.9
0.642 22026.8
0.6421 22035.6
0.6422 22044.4
0.6423 22053.2
0.6424 22061.9
0.6425 22070.7
0.6426 22079.4
0.6427 22088.1
0.6428 22096.8
0.6429 22105.5
0.643 22114.1
0.6431 22122.8
0.6432 22131.4
0.6433 22140
0.6434 22148.6
0.6435 22157.1
0.6436 22165.7
0.6437 22174.2
0.6438 22182.7
0.6439 22191.2
0.644 22199.7
0.6441 22208.2
0.6442 22216.6
0.6443 22225
0.6444 22233.4
0.6445 22241.8
0.6446 22250.2
0.6447 22258.5
0.6448 22266.9
0.6449 22275.2
0.645 22283.5
0.6451 22291.7
0.6452 22300
0.6453 22308.2
0.6454 22316.4
0.6455 22324.7
0.6456 22332.8
0.6457 22341
0.6458 22349.1
0.6459 22357.3
0.646 22365.4
0.6461 22373.5
0.6462 22381.6
0.6463 22389.6
0.6464 22397.7
0.6465 22405.7
0.6466 22413.7
0.6467 22421.7
0.6468 22429.6
0.6469 22437.6
0.647 22445.5
0.6471 22453.4
0.6472 22461.3
0.6473 22469.2
0.6474 22477
0.6475 22484.9
0.6476 22492.7
0.6477 22500.5
0.6478 22508.3
0.6479 22516
0.648 22523.8
0.6481 22531.5
0.6482 22539.2
0.6483 22546.9
0.6484 22554.6
0.6485 22562.2
0.6486 22569.9
0.6487 22577.5
0.6488 22585.1
0.6489 22592.6
0.649 22600.2
0.6491 22607.8
0.6492 22615.3
0.6493 22622.8
0.6494 22630.3
0.6495 22637.7
0.6496 22645.2
0.6497 22652.6
0.6498 22660
0.6499 22667.4
0.65 22674.8
0.6501 22682.2
0.6502 22689.5
0.6503 22696.8
0.6504 22704.1
0.6505 22711.4
0.6506 22718.7
0.6507 22725.9
0.6508 22733.1
0.6509 22740.3
0.651 22747.5
0.6511 22754.7
0.6512 22761.9
0.6513 22769
0.6514 22776.1
0.6515 22783.2
0.6516 22790.3
0.6517 22797.3
0.6518 22804.4
0.6519 22811.4
0.652 22818.4
0.6521 22825.4
0.6522 22832.4
0.6523 22839.3
0.6524 22846.2
0.6525 22853.2
0.6526 22860.1
0.6527 22866.9
0.6528 22873.8
0.6529 22880.6
0.653 22887.4
0.6531 22894.2
0.6532 22901
0.6533 22907.8
0.6534 22914.5
0.6535 22921.2
0.6536 22927.9
0.6537 22934.6
0.6538 22941.3
0.6539 22948
0.654 22954.6
0.6541 22961.2
0.6542 22967.8
0.6543 22974.4
0.6544 22980.9
0.6545 22987.5
0.6546 22994
0.6547 23000.5
0.6548 23007
0.6549 23013.4
0.655 23019.9
0.6551 23026.3
0.6552 23032.7
0.6553 23039.1
0.6554 23045.4
0.6555 23051.8
0.6556 23058.1
0.6557 23064.4
0.6558 23070.7
0.6559 23077
0.656 23083.3
0.6561 23089.5
0.6562 23095.7
0.6563 23101.9
0.6564 23108.1
0.6565 23114.2
0.6566 23120.4
0.6567 23126.5
0.6568 23132.6
0.6569 23138.7
0.657 23144.8
0.6571 23150.8
0.6572 23156.8
0.6573 23162.8
0.6574 23168.8
0.6575 23174.8
0.6576 23180.8
0.6577 23186.7
0.6578 23192.6
0.6579 23198.5
0.658 23204.4
0.6581 23210.2
0.6582 23216.1
0.6583 23221.9
0.6584 23227.7
0.6585 23233.5
0.6586 23239.2
0.6587 23245
0.6588 23250.7
0.6589 23256.4
0.659 23262.1
0.6591 23267.8
0.6592 23273.4
0.6593 23279.1
0.6594 23284.7
0.6595 23290.3
0.6596 23295.8
0.6597 23301.4
0.6598 23306.9
0.6599 23312.4
0.66 23317.9
0.6601 23323.4
0.6602 23328.9
0.6603 23334.3
0.6604 23339.7
0.6605 23345.1
0.6606 23350.5
0.6607 23355.9
0.6608 23361.2
0.6609 23366.6
0.661 23371.9
0.6611 23377.1
0.6612 23382.4
0.6613 23387.7
0.6614 23392.9
0.6615 23398.1
0.6616 23403.3
0.6617 23408.5
0.6618 23413.6
0.6619 23418.8
0.662 23423.9
0.6621 23429
0.6622 23434
0.6623 23439.1
0.6624 23444.1
0.6625 23449.2
0.6626 23454.2
0.6627 23459.1
0.6628 23464.1
0.6629 23469.1
0.663 23474
0.6631 23478.9
0.6632 23483.8
0.6633 23488.6
0.6634 23493.5
0.6635 23498.3
0.6636 23503.1
0.6637 23507.9
0.6638 23512.7
0.6639 23517.4
0.664 23522.2
0.6641 23526.9
0.6642 23531.6
0.6643 23536.2
0.6644 23540.9
0.6645 23545.5
0.6646 23550.1
0.6647 23554.7
0.6648 23559.3
0.6649 23563.9
0.665 23568.4
0.6651 23572.9
0.6652 23577.4
0.6653 23581.9
0.6654 23586.4
0.6655 23590.8
0.6656 23595.3
0.6657 23599.7
0.6658 23604
0.6659 23608.4
0.666 23612.8
0.6661 23617.1
0.6662 23621.4
0.6663 23625.7
0.6664 23630
0.6665 23634.2
0.6666 23638.4
0.6667 23642.7
0.6668 23646.8
0.6669 23651
0.667 23655.2
0.6671 23659.3
0.6672 23663.4
0.6673 23667.5
0.6674 23671.6
0.6675 23675.7
0.6676 23679.7
0.6677 23683.7
0.6678 23687.7
0.6679 23691.7
0.668 23695.7
0.6681 23699.6
0.6682 23703.5
0.6683 23707.4
0.6684 23711.3
0.6685 23715.2
0.6686 23719
0.6687 23722.8
0.6688 23726.6
0.6689 23730.4
0.669 23734.2
0.6691 23737.9
0.6692 23741.7
0.6693 23745.4
0.6694 23749.1
0.6695 23752.7
0.6696 23756.4
0.6697 23760
0.6698 23763.6
0.6699 23767.2
0.67 23770.8
0.6701 23774.4
0.6702 23777.9
0.6703 23781.4
0.6704 23784.9
0.6705 23788.4
0.6706 23791.8
0.6707 23795.3
0.6708 23798.7
0.6709 23802.1
0.671 23805.5
0.6711 23808.8
0.6712 23812.2
0.6713 23815.5
0.6714 23818.8
0.6715 23822.1
0.6716 23825.3
0.6717 23828.6
0.6718 23831.8
0.6719 23835
0.672 23838.2
0.6721 23841.4
0.6722 23844.5
0.6723 23847.6
0.6724 23850.7
0.6725 23853.8
0.6726 23856.9
0.6727 23859.9
0.6728 23863
0.6729 23866
0.673 23869
0.6731 23871.9
0.6732 23874.9
0.6733 23877.8
0.6734 23880.7
0.6735 23883.6
0.6736 23886.5
0.6737 23889.4
0.6738 23892.2
0.6739 23895
0.674 23897.8
0.6741 23900.6
0.6742 23903.3
0.6743 23906.1
0.6744 23908.8
0.6745 23911.5
0.6746 23914.2
0.6747 23916.8
0.6748 23919.5
0.6749 23922.1
0.675 23924.7
0.6751 23927.3
0.6752 23929.8
0.6753 23932.4
0.6754 23934.9
0.6755 23937.4
0.6756 23939.9
0.6757 23942.3
0.6758 23944.8
0.6759 23947.2
0.676 23949.6
0.6761 23952
0.6762 23954.4
0.6763 23956.7
0.6764 23959
0.6765 23961.3
0.6766 23963.6
0.6767 23965.9
0.6768 23968.1
0.6769 23970.4
0.677 23972.6
0.6771 23974.8
0.6772 23976.9
0.6773 23979.1
0.6774 23981.2
0.6775 23983.3
0.6776 23985.4
0.6777 23987.5
0.6778 23989.5
0.6779 23991.6
0.678 23993.6
0.6781 23995.6
0.6782 23997.5
0.6783 23999.5
0.6784 24001.4
0.6785 24003.3
0.6786 24005.2
0.6787 24007.1
0.6788 24009
0.6789 24010.8
0.679 24012.6
0.6791 24014.4
0.6792 24016.2
0.6793 24018
0.6794 24019.7
0.6795 24021.4
0.6796 24023.1
0.6797 24024.8
0.6798 24026.5
0.6799 24028.1
0.68 24029.7
0.6801 24031.3
0.6802 24032.9
0.6803 24034.5
0.6804 24036
0.6805 24037.5
0.6806 24039
0.6807 24040.5
0.6808 24042
0.6809 24043.4
0.681 24044.8
0.6811 24046.3
0.6812 24047.6
0.6813 24049
0.6814 24050.3
0.6815 24051.7
0.6816 24053
0.6817 24054.3
0.6818 24055.5
0.6819 24056.8
0.682 24058
0.6821 24059.2
0.6822 24060.4
0.6823 24061.6
0.6824 24062.7
0.6825 24063.9
0.6826 24065
0.6827 24066.1
0.6828 24067.1
0.6829 24068.2
0.683 24069.2
0.6831 24070.2
0.6832 24071.2
0.6833 24072.2
0.6834 24073.1
0.6835 24074.1
0.6836 24075
0.6837 24075.9
0.6838 24076.8
0.6839 24077.6
0.684 24078.4
0.6841 24079.3
0.6842 24080.1
0.6843 24080.8
0.6844 24081.6
0.6845 24082.3
0.6846 24083
0.6847 24083.7
0.6848 24084.4
0.6849 24085.1
0.685 24085.7
0.6851 24086.3
0.6852 24086.9
0.6853 24087.5
0.6854 24088.1
0.6855 24088.6
0.6856 24089.1
0.6857 24089.6
0.6858 24090.1
0.6859 24090.6
0.686 24091
0.6861 24091.4
0.6862 24091.8
0.6863 24092.2
0.6864 24092.6
0.6865 24092.9
0.6866 24093.3
0.6867 24093.6
0.6868 24093.8
0.6869 24094.1
0.687 24094.4
0.6871 24094.6
0.6872 24094.8
0.6873 24095
0.6874 24095.1
0.6875 24095.3
0.6876 24095.4
0.6877 24095.5
0.6878 24095.6
0.6879 24095.7
0.688 24095.7
0.6881 24095.8
0.6882 24095.8
0.6883 24095.8
0.6884 24095.7
0.6885 24095.7
0.6886 24095.6
0.6887 24095.5
0.6888 24095.4
0.6889 24095.3
0.689 24095.1
0.6891 24095
0.6892 24094.8
0.6893 24094.6
0.6894 24094.3
0.6895 24094.1
0.6896 24093.8
0.6897 24093.5
0.6898 24093.2
0.6899 24092.9
0.69 24092.6
0.6901 24092.2
0.6902 24091.8
0.6903 24091.4
0.6904 24091
0.6905 24090.5
0.6906 24090.1
0.6907 24089.6
0.6908 24089.1
0.6909 24088.6
0.691 24088
0.6911 24087.5
0.6912 24086.9
0.6913 24086.3
0.6914 24085.7
0.6915 24085
0.6916 24084.4
0.6917 24083.7
0.6918 24083
0.6919 24082.3
0.692 24081.5
0.6921 24080.8
0.6922 24080
0.6923 24079.2
0.6924 24078.4
0.6925 24077.5
0.6926 24076.7
0.6927 24075.8
0.6928 24074.9
0.6929 24074
0.693 24073.1
0.6931 24072.1
0.6932 24071.1
0.6933 24070.1
0.6934 24069.1
0.6935 24068.1
0.6936 24067
0.6937 24066
0.6938 24064.9
0.6939 24063.8
0.694 24062.6
0.6941 24061.5
0.6942 24060.3
0.6943 24059.1
0.6944 24057.9
0.6945 24056.7
0.6946 24055.4
0.6947 24054.2
0.6948 24052.9
0.6949 24051.6
0.695 24050.2
0.6951 24048.9
0.6952 24047.5
