0 0
0.0001 0
0.0002 0
0.0003 0
0.0004 0
0.0005 0
0.0006 0
0.0007 0
0.0008 0
0.0009 0
0.001 0
0.0011 0
0.0012 0
0.0013 0
0.0014 0
0.0015 0
0.0016 0
0.0017 0
0.0018 0
0.0019 0
0.002 0
0.0021 0
0.0022 0
0.0023 0
0.0024 0
0.0025 0
0.0026 0
0.0027 0
0.0028 0
0.0029 0
0.003 0
0.0031 0
0.0032 0
0.0033 0
0.0034 0
0.0035 0
0.0036 0
0.0037 0
0.0038 0
0.0039 0
0.004 0
0.0041 0
0.0042 0
0.0043 0
0.0044 0
0.0045 0
0.0046 0
0.0047 0
0.0048 0
0.0049 0
0.005 0
0.0051 0
0.0052 0
0.0053 0
0.0054 0
0.0055 0
0.0056 0
0.0057 0
0.0058 0
0.0059 0
0.006 0
0.0061 0
0.0062 0
0.0063 0
0.0064 0
0.0065 0
0.0066 0
0.0067 0
0.0068 0
0.0069 0
0.007 0
0.0071 0
0.0072 0
0.0073 0
0.0074 0
0.0075 0
0.0076 0
0.0077 0
0.0078 0
0.0079 0
0.008 0
0.0081 0
0.0082 0
0.0083 0
0.0084 0
0.0085 0
0.0086 0
0.0087 0
0.0088 0
0.0089 0
0.009 0
0.0091 0
0.0092 0
0.0093 0
0.0094 0
0.0095 0
0.0096 0
0.0097 0
0.0098 0
0.0099 0
0.01 0
0.0101 0
0.0102 0
0.0103 0
0.0104 0
0.0105 0
0.0106 0
0.0107 0
0.0108 0
0.0109 0
0.011 0
0.0111 0
0.0112 0
0.0113 0
0.0114 0
0.0115 0
0.0116 0
0.0117 0
0.0118 0
0.0119 0
0.012 0
0.0121 0
0.0122 0
0.0123 0
0.0124 0
0.0125 0
0.0126 0
0.0127 0
0.0128 0
0.0129 0
0.013 0
0.0131 0
0.0132 0
0.0133 0
0.0134 0
0.0135 0
0.0136 0
0.0137 0
0.0138 0
0.0139 0
0.014 0
0.0141 0
0.0142 0
0.0143 0
0.0144 0
0.0145 0
0.0146 0
0.0147 0
0.0148 0
0.0149 0
0.015 0
0.0151 0
0.0152 0
0.0153 0
0.0154 0
0.0155 0
0.0156 0
0.0157 0
0.0158 0
0.0159 0
0.016 0
0.0161 0
0.0162 0
0.0163 0
0.0164 0
0.0165 0
0.0166 0
0.0167 0
0.0168 0
0.0169 0
0.017 0
0.0171 0
0.0172 0
0.0173 0
0.0174 0
0.0175 0
0.0176 0
0.0177 0
0.0178 0
0.0179 0
0.018 0
0.0181 0
0.0182 0
0.0183 0
0.0184 0
0.0185 0
0.0186 0
0.0187 0
0.0188 0
0.0189 0
0.019 0
0.0191 0
0.0192 0
0.0193 0
0.0194 0
0.0195 0
0.0196 0
0.0197 0
0.0198 0
0.0199 0
0.02 0
0.0201 0
0.0202 0
0.0203 0
0.0204 0
0.0205 0
0.0206 0
0.0207 0
0.0208 0
0.0209 0
0.021 0
0.0211 0
0.0212 0
0.0213 0
0.0214 0
0.0215 0
0.0216 0
0.0217 0
0.0218 0
0.0219 0
0.022 0
0.0221 0
0.0222 0
0.0223 0
0.0224 0
0.0225 0
0.0226 0
0.0227 0
0.0228 0
0.0229 0
0.023 0
0.0231 0
0.0232 0
0.0233 0
0.0234 0
0.0235 0
0.0236 0
0.0237 0
0.0238 0
0.0239 0
0.024 0
0.0241 0
0.0242 0
0.0243 0
0.0244 0
0.0245 0
0.0246 0
0.0247 0
0.0248 0
0.0249 0
0.025 0
0.0251 0
0.0252 0
0.0253 0
0.0254 0
0.0255 0
0.0256 0
0.0257 0
0.0258 0
0.0259 0
0.026 0
0.0261 0
0.0262 0
0.0263 0
0.0264 0
0.0265 0
0.0266 0
0.0267 0
0.0268 0
0.0269 0
0.027 0
0.0271 0
0.0272 0
0.0273 0
0.0274 0
0.0275 0
0.0276 0
0.0277 0
0.0278 0
0.0279 0
0.028 0
0.0281 0
0.0282 0
0.0283 0
0.0284 0
0.0285 0
0.0286 0
0.0287 0
0.0288 0
0.0289 0
0.029 0
0.0291 0
0.0292 0
0.0293 0
0.0294 0
0.0295 0
0.0296 0
0.0297 0
0.0298 0
0.0299 0
0.03 0
0.0301 0
0.0302 0
0.0303 0
0.0304 0
0.0305 0
0.0306 0
0.0307 0
0.0308 0
0.0309 0
0.031 0
0.0311 0
0.0312 0
0.0313 0
0.0314 0
0.0315 0
0.0316 0
0.0317 0
0.0318 0
0.0319 0
0.032 0
0.0321 0
0.0322 0
0.0323 0
0.0324 0
0.0325 0
0.0326 0
0.0327 0
0.0328 0
0.0329 0
0.033 0
0.0331 0
0.0332 0
0.0333 0
0.0334 0
0.0335 0
0.0336 0
0.0337 0
0.0338 0
0.0339 0
0.034 0
0.0341 0
0.0342 0
0.0343 0
0.0344 0
0.0345 0
0.0346 0
0.0347 0
0.0348 0
0.0349 0
0.035 0
0.0351 0
0.0352 0
0.0353 0
0.0354 0
0.0355 0
0.0356 0
0.0357 0
0.0358 0
0.0359 0
0.036 0
0.0361 0
0.0362 0
0.0363 0
0.0364 0
0.0365 0
0.0366 0
0.0367 0
0.0368 0
0.0369 0
0.037 0
0.0371 0
0.0372 0
0.0373 0
0.0374 0
0.0375 0
0.0376 0
0.0377 0
0.0378 0
0.0379 0
0.038 0
0.0381 0
0.0382 0
0.0383 0
0.0384 0
0.0385 0
0.0386 0
0.0387 0
0.0388 0
0.0389 0
0.039 0
0.0391 0
0.0392 0
0.0393 0
0.0394 0
0.0395 0
0.0396 0
0.0397 0
0.0398 0
0.0399 0
0.04 0
0.0401 0
0.0402 0
0.0403 0
0.0404 0
0.0405 0
0.0406 0
0.0407 0
0.0408 0
0.0409 0
0.041 0
0.0411 0
0.0412 0
0.0413 0
0.0414 0
0.0415 0
0.0416 0
0.0417 0
0.0418 0
0.0419 0
0.042 0
0.0421 0
0.0422 0
0.0423 0
0.0424 0
0.0425 0
0.0426 0
0.0427 0
0.0428 0
0.0429 0
0.043 0
0.0431 0
0.0432 0
0.0433 0
0.0434 0
0.0435 0
0.0436 0
0.0437 0
0.0438 0
0.0439 0
0.044 0
0.0441 0
0.0442 0
0.0443 0
0.0444 0
0.0445 0
0.0446 0
0.0447 0
0.0448 0
0.0449 0
0.045 0
0.0451 0
0.0452 0
0.0453 0
0.0454 0
0.0455 0
0.0456 0
0.0457 0
0.0458 0
0.0459 0
0.046 0
0.0461 0
0.0462 0
0.0463 0
0.0464 0
0.0465 0
0.0466 0
0.0467 0
0.0468 0
0.0469 0
0.047 0
0.0471 0
0.0472 0
0.0473 0
0.0474 0
0.0475 0
0.0476 0
0.0477 0
0.0478 0
0.0479 0
0.048 0
0.0481 0
0.0482 0
0.0483 0
0.0484 0
0.0485 0
0.0486 0
0.0487 0
0.0488 0
0.0489 0
0.049 0
0.0491 0
0.0492 0
0.0493 0
0.0494 0
0.0495 0
0.0496 0
0.0497 0
0.0498 0
0.0499 0
0.05 0
0.0501 0
0.0502 0
0.0503 0
0.0504 0
0.0505 0
0.0506 0
0.0507 0
0.0508 0
0.0509 0
0.051 0
0.0511 0
0.0512 0
0.0513 0
0.0514 0
0.0515 0
0.0516 0
0.0517 0
0.0518 0
0.0519 0
0.052 0
0.0521 0
0.0522 0
0.0523 0
0.0524 0
0.0525 0
0.0526 0
0.0527 0
0.0528 0
0.0529 0
0.053 0
0.0531 0
0.0532 0
0.0533 0
0.0534 0
0.0535 0
0.0536 0
0.0537 0
0.0538 0
0.0539 0
0.054 0
0.0541 0
0.0542 0
0.0543 0
0.0544 0
0.0545 0
0.0546 0
0.0547 0
0.0548 0
0.0549 0
0.055 0
0.0551 0
0.0552 0
0.0553 0
0.0554 0
0.0555 0
0.0556 0
0.0557 0
0.0558 0
0.0559 0
0.056 0
0.0561 0
0.0562 0
0.0563 0
0.0564 0
0.0565 0
0.0566 0
0.0567 0
0.0568 0
0.0569 0
0.057 0
0.0571 0
0.0572 0
0.0573 0
0.0574 0
0.0575 0
0.0576 0
0.0577 0
0.0578 0
0.0579 0
0.058 0
0.0581 0
0.0582 0
0.0583 0
0.0584 0
0.0585 0
0.0586 0
0.0587 0
0.0588 0
0.0589 0
0.059 0
0.0591 0
0.0592 0
0.0593 0
0.0594 0
0.0595 0
0.0596 0
0.0597 0
0.0598 0
0.0599 0
0.06 0
0.0601 0
0.0602 0
0.0603 0
0.0604 0
0.0605 0
0.0606 0
0.0607 0
0.0608 0
0.0609 0
0.061 0
0.0611 0
0.0612 0
0.0613 0
0.0614 0
0.0615 0
0.0616 0
0.0617 0
0.0618 0
0.0619 0
0.062 0
0.0621 0
0.0622 0
0.0623 0
0.0624 0
0.0625 0
0.0626 0
0.0627 0
0.0628 0
0.0629 0
0.063 0
0.0631 0
0.0632 0
0.0633 0
0.0634 0
0.0635 0
0.0636 0
0.0637 0
0.0638 0
0.0639 0
0.064 0
0.0641 0
0.0642 0
0.0643 0
0.0644 0
0.0645 0
0.0646 0
0.0647 0
0.0648 0
0.0649 0
0.065 0
0.0651 0
0.0652 0
0.0653 0
0.0654 0
0.0655 0
0.0656 0
0.0657 0
0.0658 0
0.0659 0
0.066 0
0.0661 0
0.0662 0
0.0663 0
0.0664 0
0.0665 0
0.0666 0
0.0667 0
0.0668 0
0.0669 0
0.067 0
0.0671 0
0.0672 0
0.0673 0
0.0674 0
0.0675 0
0.0676 0
0.0677 0
0.0678 0
0.0679 0
0.068 0
0.0681 0
0.0682 0
0.0683 0
0.0684 0
0.0685 0
0.0686 0
0.0687 0
0.0688 0
0.0689 0
0.069 0
0.0691 0
0.0692 0
0.0693 0
0.0694 0
0.0695 0
0.0696 0
0.0697 0
0.0698 0
0.0699 0
0.07 0
0.0701 0
0.0702 0
0.0703 0
0.0704 0
0.0705 0
0.0706 0
0.0707 0
0.0708 0
0.0709 0
0.071 0
0.0711 0
0.0712 0
0.0713 0
0.0714 0
0.0715 0
0.0716 0
0.0717 0
0.0718 0
0.0719 0
0.072 0
0.0721 0
0.0722 0
0.0723 0
0.0724 0
0.0725 0
0.0726 0
0.0727 0
0.0728 0
0.0729 0
0.073 0
0.0731 0
0.0732 0
0.0733 0
0.0734 0
0.0735 0
0.0736 0
0.0737 0
0.0738 0
0.0739 0
0.074 0
0.0741 0
0.0742 0
0.0743 0
0.0744 0
0.0745 0
0.0746 0
0.0747 0
0.0748 0
0.0749 0
0.075 0
0.0751 0
0.0752 0
0.0753 0
0.0754 0
0.0755 0
0.0756 0
0.0757 0
0.0758 0
0.0759 0
0.076 0
0.0761 0
0.0762 0
0.0763 0
0.0764 0
0.0765 0
0.0766 0
0.0767 0
0.0768 0
0.0769 0
0.077 0
0.0771 0
0.0772 0
0.0773 0
0.0774 0
0.0775 0
0.0776 0
0.0777 0
0.0778 0
0.0779 0
0.078 0
0.0781 0
0.0782 0
0.0783 0
0.0784 0
0.0785 0
0.0786 0
0.0787 0
0.0788 0
0.0789 0
0.079 0
0.0791 0
0.0792 0
0.0793 0
0.0794 0
0.0795 0
0.0796 0
0.0797 0
0.0798 0
0.0799 0
0.08 0
0.0801 0
0.0802 0
0.0803 0
0.0804 0
0.0805 0
0.0806 0
0.0807 0
0.0808 0
0.0809 0
0.081 0
0.0811 0
0.0812 0
0.0813 0
0.0814 0
0.0815 0
0.0816 0
0.0817 0
0.0818 0
0.0819 0
0.082 0
0.0821 0
0.0822 0
0.0823 0
0.0824 0
0.0825 0
0.0826 0
0.0827 0
0.0828 0
0.0829 0
0.083 0
0.0831 0
0.0832 0
0.0833 0
0.0834 0
0.0835 0
0.0836 0
0.0837 0
0.0838 0
0.0839 0
0.084 0
0.0841 0
0.0842 0
0.0843 0
0.0844 0
0.0845 0
0.0846 0
0.0847 0
0.0848 0
0.0849 0
0.085 0
0.0851 0
0.0852 0
0.0853 0
0.0854 0
0.0855 0
0.0856 0
0.0857 0
0.0858 0
0.0859 0
0.086 0
0.0861 0
0.0862 0
0.0863 0
0.0864 0
0.0865 0
0.0866 0
0.0867 0
0.0868 0
0.0869 0
0.087 0
0.0871 0
0.0872 0
0.0873 0
0.0874 0
0.0875 0
0.0876 0
0.0877 0
0.0878 0
0.0879 0
0.088 0
0.0881 0
0.0882 0
0.0883 0
0.0884 0
0.0885 0
0.0886 0
0.0887 0
0.0888 0
0.0889 0
0.089 0
0.0891 0
0.0892 0
0.0893 0
0.0894 0
0.0895 0
0.0896 0
0.0897 0
0.0898 0
0.0899 0
0.09 0
0.0901 0
0.0902 0
0.0903 0
0.0904 0
0.0905 0
0.0906 0
0.0907 0
0.0908 0
0.0909 0
0.091 0
0.0911 0
0.0912 0
0.0913 0
0.0914 0
0.0915 0
0.0916 0
0.0917 0
0.0918 0
0.0919 0
0.092 0
0.0921 0
0.0922 0
0.0923 0
0.0924 0
0.0925 0
0.0926 0
0.0927 0
0.0928 0
0.0929 0
0.093 0
0.0931 0
0.0932 0
0.0933 0
0.0934 0
0.0935 0
0.0936 0
0.0937 0
0.0938 0
0.0939 0
0.094 0
0.0941 0
0.0942 0
0.0943 0
0.0944 0
0.0945 0
0.0946 0
0.0947 0
0.0948 0
0.0949 0
0.095 0
0.0951 0
0.0952 0
0.0953 0
0.0954 0
0.0955 0
0.0956 0
0.0957 0
0.0958 0
0.0959 0
0.096 0
0.0961 0
0.0962 0
0.0963 0
0.0964 0
0.0965 0
0.0966 0
0.0967 0
0.0968 0
0.0969 0
0.097 0
0.0971 0
0.0972 0
0.0973 0
0.0974 0
0.0975 0
0.0976 0
0.0977 0
0.0978 0
0.0979 0
0.098 0
0.0981 0
0.0982 0
0.0983 0
0.0984 0
0.0985 0
0.0986 0
0.0987 0
0.0988 0
0.0989 0
0.099 0
0.0991 0
0.0992 0
0.0993 0
0.0994 0
0.0995 0
0.0996 0
0.0997 0
0.0998 0
0.0999 0
0.1 0
0.1001 0
0.1002 0
0.1003 0
0.1004 0
0.1005 0
0.1006 0
0.1007 0
0.1008 0
0.1009 0
0.101 0
0.1011 0
0.1012 0
0.1013 0
0.1014 0
0.1015 0
0.1016 0
0.1017 0
0.1018 0
0.1019 0
0.102 0
0.1021 0
0.1022 0
0.1023 0
0.1024 0
0.1025 0
0.1026 0
0.1027 0
0.1028 0
0.1029 0
0.103 0
0.1031 0
0.1032 0
0.1033 0
0.1034 0
0.1035 0
0.1036 0
0.1037 0
0.1038 0
0.1039 0
0.104 0
0.1041 0
0.1042 0
0.1043 0
0.1044 0
0.1045 0
0.1046 0
0.1047 0
0.1048 0
0.1049 0
0.105 0
0.1051 0
0.1052 0
0.1053 0
0.1054 0
0.1055 0
0.1056 0
0.1057 0
0.1058 0
0.1059 0
0.106 0
0.1061 0
0.1062 0
0.1063 0
0.1064 0
0.1065 0
0.1066 0
0.1067 0
0.1068 0
0.1069 0
0.107 0
0.1071 0
0.1072 0
0.1073 0
0.1074 0
0.1075 0
0.1076 0
0.1077 0
0.1078 0
0.1079 0
0.108 0
0.1081 0
0.1082 0
0.1083 0
0.1084 0
0.1085 0
0.1086 0
0.1087 0
0.1088 0
0.1089 0
0.109 0
0.1091 0
0.1092 0
0.1093 0
0.1094 0
0.1095 0
0.1096 0
0.1097 0
0.1098 0
0.1099 0
0.11 0
0.1101 0
0.1102 0
0.1103 0
0.1104 0
0.1105 0
0.1106 0
0.1107 0
0.1108 0
0.1109 0
0.111 0
0.1111 0
0.1112 0
0.1113 0
0.1114 0
0.1115 0
0.1116 0
0.1117 0
0.1118 0
0.1119 0
0.112 0
0.1121 0
0.1122 0
0.1123 0
0.1124 0
0.1125 0
0.1126 0
0.1127 0
0.1128 0
0.1129 0
0.113 0
0.1131 0
0.1132 0
0.1133 0
0.1134 0
0.1135 0
0.1136 0
0.1137 0
0.1138 0
0.1139 0
0.114 0
0.1141 0
0.1142 0
0.1143 0
0.1144 0
0.1145 0
0.1146 0
0.1147 0
0.1148 0
0.1149 0
0.115 0
0.1151 0
0.1152 0
0.1153 0
0.1154 0
0.1155 0
0.1156 0
0.1157 0
0.1158 0
0.1159 0
0.116 0
0.1161 0
0.1162 0
0.1163 0
0.1164 0
0.1165 0
0.1166 0
0.1167 0
0.1168 0
0.1169 0
0.117 0
0.1171 0
0.1172 0
0.1173 0
0.1174 0
0.1175 0
0.1176 0
0.1177 0
0.1178 0
0.1179 0
0.118 0
0.1181 0
0.1182 0
0.1183 0
0.1184 0
0.1185 0
0.1186 0
0.1187 0
0.1188 0
0.1189 0
0.119 0
0.1191 0
0.1192 0
0.1193 0
0.1194 0
0.1195 0
0.1196 0
0.1197 0
0.1198 0
0.1199 0
0.12 0
0.1201 0
0.1202 0
0.1203 0
0.1204 0
0.1205 0
0.1206 0
0.1207 0
0.1208 0
0.1209 0
0.121 0
0.1211 0
0.1212 0
0.1213 0
0.1214 0
0.1215 0
0.1216 0
0.1217 0
0.1218 0
0.1219 0
0.122 0
0.1221 0
0.1222 0
0.1223 0
0.1224 0
0.1225 0
0.1226 0
0.1227 0
0.1228 0
0.1229 0
0.123 0
0.1231 0
0.1232 0
0.1233 0
0.1234 0
0.1235 0
0.1236 0
0.1237 0
0.1238 0
0.1239 0
0.124 0
0.1241 0
0.1242 0
0.1243 0
0.1244 0
0.1245 0
0.1246 0
0.1247 0
0.1248 0
0.1249 0
0.125 0
0.1251 0
0.1252 0
0.1253 0
0.1254 0
0.1255 0
0.1256 0
0.1257 0
0.1258 0
0.1259 0
0.126 0
0.1261 0
0.1262 0
0.1263 0
0.1264 0
0.1265 0
0.1266 0
0.1267 0
0.1268 0
0.1269 0
0.127 0
0.1271 0
0.1272 0
0.1273 0
0.1274 0
0.1275 0
0.1276 0
0.1277 0
0.1278 0
0.1279 0
0.128 0
0.1281 0
0.1282 0
0.1283 0
0.1284 0
0.1285 0
0.1286 0
0.1287 0
0.1288 0
0.1289 0
0.129 0
0.1291 0
0.1292 0
0.1293 0
0.1294 0
0.1295 0
0.1296 0
0.1297 0
0.1298 0
0.1299 0
0.13 0
0.1301 0
0.1302 0
0.1303 0
0.1304 0
0.1305 0
0.1306 0
0.1307 0
0.1308 0
0.1309 0
0.131 0
0.1311 0
0.1312 0
0.1313 0
0.1314 0
0.1315 0
0.1316 0
0.1317 0
0.1318 0
0.1319 0
0.132 0
0.1321 0
0.1322 0
0.1323 0
0.1324 0
0.1325 0
0.1326 0
0.1327 0
0.1328 0
0.1329 0
0.133 0
0.1331 0
0.1332 0
0.1333 0
0.1334 0
0.1335 0
0.1336 0
0.1337 0
0.1338 0
0.1339 0
0.134 0
0.1341 0
0.1342 0
0.1343 0
0.1344 0
0.1345 0
0.1346 0
0.1347 0
0.1348 0
0.1349 0
0.135 0
0.1351 0
0.1352 0
0.1353 0
0.1354 0
0.1355 0
0.1356 0
0.1357 0
0.1358 0
0.1359 0
0.136 0
0.1361 0
0.1362 0
0.1363 0
0.1364 0
0.1365 0
0.1366 0
0.1367 0
0.1368 0
0.1369 0
0.137 0
0.1371 0
0.1372 0
0.1373 0
0.1374 0
0.1375 0
0.1376 0
0.1377 0
0.1378 0
0.1379 0
0.138 0
0.1381 0
0.1382 0
0.1383 0
0.1384 0
0.1385 0
0.1386 0
0.1387 0
0.1388 0
0.1389 0
0.139 0
0.1391 0
0.1392 0
0.1393 0
0.1394 0
0.1395 0
0.1396 0
0.1397 0
0.1398 0
0.1399 0
0.14 0
0.1401 0
0.1402 0
0.1403 0
0.1404 0
0.1405 0
0.1406 0
0.1407 0
0.1408 0
0.1409 0
0.141 0
0.1411 0
0.1412 0
0.1413 0
0.1414 0
0.1415 0
0.1416 0
0.1417 0
0.1418 0
0.1419 0
0.142 0
0.1421 0
0.1422 0
0.1423 0
0.1424 0
0.1425 0
0.1426 0
0.1427 0
0.1428 0
0.1429 0
0.143 0
0.1431 0
0.1432 0
0.1433 0
0.1434 0
0.1435 0
0.1436 0
0.1437 0
0.1438 0
0.1439 0
0.144 0
0.1441 0
0.1442 0
0.1443 0
0.1444 0
0.1445 0
0.1446 0
0.1447 0
0.1448 0
0.1449 0
0.145 0
0.1451 0
0.1452 0
0.1453 0
0.1454 0
0.1455 0
0.1456 0
0.1457 0
0.1458 0
0.1459 0
0.146 0
0.1461 0
0.1462 0
0.1463 0
0.1464 0
0.1465 0
0.1466 0
0.1467 0
0.1468 0
0.1469 0
0.147 0
0.1471 0
0.1472 0
0.1473 0
0.1474 0
0.1475 0
0.1476 0
0.1477 0
0.1478 0
0.1479 0
0.148 0
0.1481 0
0.1482 0
0.1483 0
0.1484 0
0.1485 0
0.1486 0
0.1487 0
0.1488 0
0.1489 0
0.149 0
0.1491 0
0.1492 0
0.1493 0
0.1494 0
0.1495 0
0.1496 0
0.1497 0
0.1498 0
0.1499 0
0.15 0
0.1501 0
0.1502 0
0.1503 0
0.1504 0
0.1505 0
0.1506 0
0.1507 0
0.1508 0
0.1509 0
0.151 0
0.1511 0
0.1512 0
0.1513 0
0.1514 0
0.1515 0
0.1516 0
0.1517 0
0.1518 0
0.1519 0
0.152 0
0.1521 0
0.1522 0
0.1523 0
0.1524 0
0.1525 0
0.1526 0
0.1527 0
0.1528 0
0.1529 0
0.153 0
0.1531 0
0.1532 0
0.1533 0
0.1534 0
0.1535 0
0.1536 0
0.1537 0
0.1538 0
0.1539 0
0.154 0
0.1541 0
0.1542 0
0.1543 0
0.1544 0
0.1545 0
0.1546 0
0.1547 0
0.1548 0
0.1549 0
0.155 0
0.1551 0
0.1552 0
0.1553 0
0.1554 0
0.1555 0
0.1556 0
0.1557 0
0.1558 0
0.1559 0
0.156 0
0.1561 0
0.1562 0
0.1563 0
0.1564 0
0.1565 0
0.1566 0
0.1567 0
0.1568 0
0.1569 0
0.157 0
0.1571 0
0.1572 0
0.1573 0
0.1574 0
0.1575 0
0.1576 0
0.1577 0
0.1578 0
0.1579 0
0.158 0
0.1581 0
0.1582 0
0.1583 0
0.1584 0
0.1585 0
0.1586 0
0.1587 0
0.1588 0
0.1589 0
0.159 0
0.1591 0
0.1592 0
0.1593 0
0.1594 0
0.1595 0
0.1596 0
0.1597 0
0.1598 0
0.1599 0
0.16 0
0.1601 0
0.1602 0
0.1603 0
0.1604 0
0.1605 0
0.1606 0
0.1607 0
0.1608 0
0.1609 0
0.161 0
0.1611 0
0.1612 0
0.1613 0
0.1614 0
0.1615 0
0.1616 0
0.1617 0
0.1618 0
0.1619 0
0.162 0
0.1621 0
0.1622 0
0.1623 0
0.1624 0
0.1625 0
0.1626 0
0.1627 0
0.1628 0
0.1629 0
0.163 0
0.1631 0
0.1632 0
0.1633 0
0.1634 0
0.1635 0
0.1636 0
0.1637 0
0.1638 0
0.1639 0
0.164 0
0.1641 0
0.1642 0
0.1643 0
0.1644 0
0.1645 0
0.1646 0
0.1647 0
0.1648 0
0.1649 0
0.165 0
0.1651 0
0.1652 0
0.1653 0
0.1654 0
0.1655 0
0.1656 0
0.1657 0
0.1658 0
0.1659 0
0.166 0
0.1661 0
0.1662 0
0.1663 0
0.1664 0
0.1665 0
0.1666 0
0.1667 0
0.1668 0
0.1669 0
0.167 0
0.1671 0
0.1672 0
0.1673 0
0.1674 0
0.1675 0
0.1676 0
0.1677 0
0.1678 0
0.1679 0
0.168 0
0.1681 0
0.1682 0
0.1683 0
0.1684 0
0.1685 0
0.1686 0
0.1687 0
0.1688 0
0.1689 0
0.169 0
0.1691 0
0.1692 0
0.1693 0
0.1694 0
0.1695 0
0.1696 0
0.1697 0
0.1698 0
0.1699 0
0.17 0
0.1701 0
0.1702 0
0.1703 0
0.1704 0
0.1705 0
0.1706 0
0.1707 0
0.1708 0
0.1709 0
0.171 0
0.1711 0
0.1712 0
0.1713 0
0.1714 0
0.1715 0
0.1716 0
0.1717 0
0.1718 0
0.1719 0
0.172 0
0.1721 0
0.1722 0
0.1723 0
0.1724 0
0.1725 0
0.1726 0
0.1727 0
0.1728 0
0.1729 0
0.173 0
0.1731 0
0.1732 0
0.1733 0
0.1734 0
0.1735 0
0.1736 0
0.1737 0
0.1738 0
0.1739 0
0.174 0
0.1741 0
0.1742 0
0.1743 0
0.1744 0
0.1745 110597
0.1746 2.23933e+006
0.1747 5.64958e+006
0.1748 9.80294e+006
0.1749 1.43183e+007
0.175 1.88151e+007
0.1751 2.28978e+007
0.1752 2.61715e+007
0.1753 2.82728e+007
0.1754 2.89058e+007
0.1755 2.78794e+007
0.1756 2.51359e+007
0.1757 2.07689e+007
0.1758 1.50231e+007
0.1759 8.27673e+006
0.176 1.00725e+006
0.1761 -6.25642e+006
0.1762 -1.29878e+007
0.1763 -1.87158e+007
0.1764 -2.307e+007
0.1765 -2.5811e+007
0.1766 -2.68415e+007
0.1767 -2.61899e+007
0.1768 -2.3888e+007
0.1769 -2.05668e+007
0.177 -1.67235e+007
0.1771 -1.26419e+007
0.1772 -8.61841e+006
0.1773 -4.95131e+006
0.1774 -1.95418e+006
0.1775 -93375.6
0.1776 -2976.05
0.1777 -2997.22
0.1778 -3018.39
0.1779 -3039.55
0.178 -3060.71
0.1781 -3081.87
0.1782 -3103.03
0.1783 -3124.18
0.1784 -3145.33
0.1785 -3166.48
0.1786 -3187.62
0.1787 -3208.77
0.1788 -3229.91
0.1789 -3251.04
0.179 -3272.18
0.1791 -3293.31
0.1792 -3314.44
0.1793 -3335.57
0.1794 -3356.69
0.1795 -3377.81
0.1796 -3398.93
0.1797 -3420.05
0.1798 -3441.16
0.1799 -3462.27
0.18 -3483.38
0.1801 -3504.49
0.1802 -3525.59
0.1803 -3546.69
0.1804 -3567.78
0.1805 -3588.88
0.1806 -3609.97
0.1807 -3631.05
0.1808 -3652.14
0.1809 -3673.22
0.181 -3694.3
0.1811 -3715.37
0.1812 -3736.45
0.1813 -3757.51
0.1814 -3778.58
0.1815 -3799.64
0.1816 -3820.7
0.1817 -3841.76
0.1818 -3862.81
0.1819 -3883.87
0.182 -3904.91
0.1821 -3925.96
0.1822 -3947
0.1823 -3968.04
0.1824 -3989.07
0.1825 -4010.1
0.1826 -4031.13
0.1827 -4052.15
0.1828 -4073.18
0.1829 -4094.19
0.183 -4115.21
0.1831 -4136.22
0.1832 -4157.23
0.1833 -4178.23
0.1834 -4199.23
0.1835 -4220.23
0.1836 -4241.23
0.1837 -4262.22
0.1838 -4283.2
0.1839 -4304.19
0.184 -4325.17
0.1841 -4346.15
0.1842 -4367.12
0.1843 -4388.09
0.1844 -4409.05
0.1845 -4430.02
0.1846 -4450.98
0.1847 -4471.93
0.1848 -4492.88
0.1849 -4513.83
0.185 -4534.78
0.1851 -4555.72
0.1852 -4576.65
0.1853 -4597.59
0.1854 -4618.51
0.1855 -4639.44
0.1856 -4660.36
0.1857 -4681.28
0.1858 -4702.19
0.1859 -4723.1
0.186 -4744.01
0.1861 -4764.91
0.1862 -4785.81
0.1863 -4806.71
0.1864 -4827.6
0.1865 -4848.48
0.1866 -4869.37
0.1867 -4890.25
0.1868 -4911.12
0.1869 -4931.99
0.187 -4952.86
0.1871 -4973.72
0.1872 -4994.58
0.1873 -5015.44
0.1874 -5036.29
0.1875 -5057.13
0.1876 -5077.98
0.1877 -5098.81
0.1878 -5119.65
0.1879 -5140.48
0.188 -5161.3
0.1881 -5182.12
0.1882 -5202.94
0.1883 -5223.75
0.1884 -5244.56
0.1885 -5265.37
0.1886 -5286.17
0.1887 -5306.96
0.1888 -5327.76
0.1889 -5348.54
0.189 -5369.33
0.1891 -5390.1
0.1892 -5410.88
0.1893 -5431.65
0.1894 -5452.41
0.1895 -5473.17
0.1896 -5493.93
0.1897 -5514.68
0.1898 -5535.43
0.1899 -5556.17
0.19 -5576.91
0.1901 -5597.64
0.1902 -5618.37
0.1903 -5639.1
0.1904 -5659.82
0.1905 -5680.53
0.1906 -5701.24
0.1907 -5721.95
0.1908 -5742.65
0.1909 -5763.34
0.191 -5784.04
0.1911 -5804.72
0.1912 -5825.41
0.1913 -5846.08
0.1914 -5866.76
0.1915 -5887.42
0.1916 -5908.09
0.1917 -5928.75
0.1918 -5949.4
0.1919 -5970.05
0.192 -5990.69
0.1921 -6011.33
0.1922 -6031.96
0.1923 -6052.59
0.1924 -6073.22
0.1925 -6093.84
0.1926 -6114.45
0.1927 -6135.06
0.1928 -6155.66
0.1929 -6176.26
0.193 -6196.86
0.1931 -6217.45
0.1932 -6238.03
0.1933 -6258.61
0.1934 -6279.18
0.1935 -6299.75
0.1936 -6320.32
0.1937 -6340.87
0.1938 -6361.43
0.1939 -6381.97
0.194 -6402.52
0.1941 -6423.05
0.1942 -6443.59
0.1943 -6464.11
0.1944 -6484.64
0.1945 -6505.15
0.1946 -6525.66
0.1947 -6546.17
0.1948 -6566.67
0.1949 -6587.16
0.195 -6607.65
0.1951 -6628.14
0.1952 -6648.62
0.1953 -6669.09
0.1954 -6689.56
0.1955 -6710.02
0.1956 -6730.48
0.1957 -6750.93
0.1958 -6771.38
0.1959 -6791.82
0.196 -6812.25
0.1961 -6832.68
0.1962 -6853.1
0.1963 -6873.52
0.1964 -6893.93
0.1965 -6914.34
0.1966 -6934.74
0.1967 -6955.14
0.1968 -6975.53
0.1969 -6995.91
0.197 -7016.29
0.1971 -7036.66
0.1972 -7057.03
0.1973 -7077.39
0.1974 -7097.75
0.1975 -7118.1
0.1976 -7138.44
0.1977 -7158.78
0.1978 -7179.11
0.1979 -7199.44
0.198 -7219.76
0.1981 -7240.07
0.1982 -7260.38
0.1983 -7280.68
0.1984 -7300.98
0.1985 -7321.27
0.1986 -7341.56
0.1987 -7361.83
0.1988 -7382.11
0.1989 -7402.37
0.199 -7422.63
0.1991 -7442.89
0.1992 -7463.14
0.1993 -7483.38
0.1994 -7503.62
0.1995 -7523.85
0.1996 -7544.07
0.1997 -7564.29
0.1998 -7584.5
0.1999 -7604.71
0.2 -7624.91
0.2001 -7645.1
0.2002 -7665.29
0.2003 -7685.47
0.2004 -7705.64
0.2005 -7725.81
0.2006 -7745.97
0.2007 -7766.13
0.2008 -7786.27
0.2009 -7806.42
0.201 -7826.55
0.2011 -7846.68
0.2012 -7866.81
0.2013 -7886.92
0.2014 -7907.03
0.2015 -7927.14
0.2016 -7947.24
0.2017 -7967.33
0.2018 -7987.41
0.2019 -8007.49
0.202 -8027.56
0.2021 -8047.63
0.2022 -8067.69
0.2023 -8087.74
0.2024 -8107.78
0.2025 -8127.82
0.2026 -8147.85
0.2027 -8167.88
0.2028 -8187.9
0.2029 -8207.91
0.203 -8227.91
0.2031 -8247.91
0.2032 -8267.91
0.2033 -8287.89
0.2034 -8307.87
0.2035 -8327.84
0.2036 -8347.81
0.2037 -8367.76
0.2038 -8387.71
0.2039 -8407.66
0.204 -8427.6
0.2041 -8447.53
0.2042 -8467.45
0.2043 -8487.37
0.2044 -8507.28
0.2045 -8527.18
0.2046 -8547.07
0.2047 -8566.96
0.2048 -8586.85
0.2049 -8606.72
0.205 -8626.59
0.2051 -8646.45
0.2052 -8666.3
0.2053 -8686.15
0.2054 -8705.99
0.2055 -8725.82
0.2056 -8745.65
0.2057 -8765.46
0.2058 -8785.27
0.2059 -8805.08
0.206 -8824.88
0.2061 -8844.66
0.2062 -8864.45
0.2063 -8884.22
0.2064 -8903.99
0.2065 -8923.75
0.2066 -8943.5
0.2067 -8963.25
0.2068 -8982.99
0.2069 -9002.72
0.207 -9022.44
0.2071 -9042.16
0.2072 -9061.87
0.2073 -9081.57
0.2074 -9101.26
0.2075 -9120.95
0.2076 -9140.63
0.2077 -9160.3
0.2078 -9179.96
0.2079 -9199.62
0.208 -9219.27
0.2081 -9238.91
0.2082 -9258.55
0.2083 -9278.17
0.2084 -9297.79
0.2085 -9317.4
0.2086 -9337.01
0.2087 -9356.6
0.2088 -9376.19
0.2089 -9395.77
0.209 -9415.35
0.2091 -9434.91
0.2092 -9454.47
0.2093 -9474.02
0.2094 -9493.56
0.2095 -9513.1
0.2096 -9532.62
0.2097 -9552.14
0.2098 -9571.66
0.2099 -9591.16
0.21 -9610.65
0.2101 -9630.14
0.2102 -9649.62
0.2103 -9669.09
0.2104 -9688.56
0.2105 -9708.01
0.2106 -9727.46
0.2107 -9746.9
0.2108 -9766.34
0.2109 -9785.76
0.211 -9805.18
0.2111 -9824.58
0.2112 -9843.99
0.2113 -9863.38
0.2114 -9882.76
0.2115 -9902.14
0.2116 -9921.51
0.2117 -9940.87
0.2118 -9960.22
0.2119 -9979.56
0.212 -9998.9
0.2121 -10018.2
0.2122 -10037.5
0.2123 -10056.9
0.2124 -10076.2
0.2125 -10095.5
0.2126 -10114.7
0.2127 -10134
0.2128 -10153.3
0.2129 -10172.5
0.213 -10191.8
0.2131 -10211
0.2132 -10230.3
0.2133 -10249.5
0.2134 -10268.7
0.2135 -10287.9
0.2136 -10307.1
0.2137 -10326.3
0.2138 -10345.5
0.2139 -10364.7
0.214 -10383.9
0.2141 -10403
0.2142 -10422.2
0.2143 -10441.3
0.2144 -10460.5
0.2145 -10479.6
0.2146 -10498.7
0.2147 -10517.8
0.2148 -10536.9
0.2149 -10556
0.215 -10575.1
0.2151 -10594.2
0.2152 -10613.2
0.2153 -10632.3
0.2154 -10651.3
0.2155 -10670.4
0.2156 -10689.4
0.2157 -10708.4
0.2158 -10727.5
0.2159 -10746.5
0.216 -10765.5
0.2161 -10784.4
0.2162 -10803.4
0.2163 -10822.4
0.2164 -10841.4
0.2165 -10860.3
0.2166 -10879.3
0.2167 -10898.2
0.2168 -10917.1
0.2169 -10936
0.217 -10954.9
0.2171 -10973.8
0.2172 -10992.7
0.2173 -11011.6
0.2174 -11030.5
0.2175 -11049.3
0.2176 -11068.2
0.2177 -11087
0.2178 -11105.9
0.2179 -11124.7
0.218 -11143.5
0.2181 -11162.3
0.2182 -11181.1
0.2183 -11199.9
0.2184 -11218.7
0.2185 -11237.5
0.2186 -11256.2
0.2187 -11275
0.2188 -11293.7
0.2189 -11312.5
0.219 -11331.2
0.2191 -11349.9
0.2192 -11368.6
0.2193 -11387.3
0.2194 -11406
0.2195 -11424.7
0.2196 -11443.4
0.2197 -11462
0.2198 -11480.7
0.2199 -11499.3
0.22 -11517.9
0.2201 -11536.6
0.2202 -11555.2
0.2203 -11573.8
0.2204 -11592.4
0.2205 -11611
0.2206 -11629.5
0.2207 -11648.1
0.2208 -11666.7
0.2209 -11685.2
0.221 -11703.8
0.2211 -11722.3
0.2212 -11740.8
0.2213 -11759.3
0.2214 -11777.8
0.2215 -11796.3
0.2216 -11814.8
0.2217 -11833.3
0.2218 -11851.7
0.2219 -11870.2
0.222 -11888.6
0.2221 -11907
0.2222 -11925.5
0.2223 -11943.9
0.2224 -11962.3
0.2225 -11980.7
0.2226 -11999.1
0.2227 -12017.4
0.2228 -12035.8
0.2229 -12054.1
0.223 -12072.5
0.2231 -12090.8
0.2232 -12109.1
0.2233 -12127.5
0.2234 -12145.8
0.2235 -12164.1
0.2236 -12182.3
0.2237 -12200.6
0.2238 -12218.9
0.2239 -12237.1
0.224 -12255.4
0.2241 -12273.6
0.2242 -12291.8
0.2243 -12310.1
0.2244 -12328.3
0.2245 -12346.5
0.2246 -12364.6
0.2247 -12382.8
0.2248 -12401
0.2249 -12419.1
0.225 -12437.3
0.2251 -12455.4
0.2252 -12473.5
0.2253 -12491.6
0.2254 -12509.8
0.2255 -12527.8
0.2256 -12545.9
0.2257 -12564
0.2258 -12582.1
0.2259 -12600.1
0.226 -12618.2
0.2261 -12636.2
0.2262 -12654.2
0.2263 -12672.2
0.2264 -12690.2
0.2265 -12708.2
0.2266 -12726.2
0.2267 -12744.2
0.2268 -12762.1
0.2269 -12780.1
0.227 -12798
0.2271 -12815.9
0.2272 -12833.8
0.2273 -12851.8
0.2274 -12869.6
0.2275 -12887.5
0.2276 -12905.4
0.2277 -12923.3
0.2278 -12941.1
0.2279 -12959
0.228 -12976.8
0.2281 -12994.6
0.2282 -13012.4
0.2283 -13030.2
0.2284 -13048
0.2285 -13065.8
0.2286 -13083.6
0.2287 -13101.3
0.2288 -13119.1
0.2289 -13136.8
0.229 -13154.5
0.2291 -13172.3
0.2292 -13190
0.2293 -13207.7
0.2294 -13225.3
0.2295 -13243
0.2296 -13260.7
0.2297 -13278.3
0.2298 -13296
0.2299 -13313.6
0.23 -13331.2
0.2301 -13348.8
0.2302 -13366.4
0.2303 -13384
0.2304 -13401.6
0.2305 -13419.1
0.2306 -13436.7
0.2307 -13454.2
0.2308 -13471.8
0.2309 -13489.3
0.231 -13506.8
0.2311 -13524.3
0.2312 -13541.8
0.2313 -13559.3
0.2314 -13576.7
0.2315 -13594.2
0.2316 -13611.6
0.2317 -13629
0.2318 -13646.5
0.2319 -13663.9
0.232 -13681.3
0.2321 -13698.7
0.2322 -13716
0.2323 -13733.4
0.2324 -13750.7
0.2325 -13768.1
0.2326 -13785.4
0.2327 -13802.7
0.2328 -13820
0.2329 -13837.3
0.233 -13854.6
0.2331 -13871.9
0.2332 -13889.2
0.2333 -13906.4
0.2334 -13923.7
0.2335 -13940.9
0.2336 -13958.1
0.2337 -13975.3
0.2338 -13992.5
0.2339 -14009.7
0.234 -14026.9
0.2341 -14044
0.2342 -14061.2
0.2343 -14078.3
0.2344 -14095.4
0.2345 -14112.5
0.2346 -14129.6
0.2347 -14146.7
0.2348 -14163.8
0.2349 -14180.9
0.235 -14197.9
0.2351 -14215
0.2352 -14232
0.2353 -14249
0.2354 -14266
0.2355 -14283
0.2356 -14300
0.2357 -14317
0.2358 -14334
0.2359 -14350.9
0.236 -14367.9
0.2361 -14384.8
0.2362 -14401.7
0.2363 -14418.6
0.2364 -14435.5
0.2365 -14452.4
0.2366 -14469.2
0.2367 -14486.1
0.2368 -14502.9
0.2369 -14519.8
0.237 -14536.6
0.2371 -14553.4
0.2372 -14570.2
0.2373 -14587
0.2374 -14603.8
0.2375 -14620.5
0.2376 -14637.3
0.2377 -14654
0.2378 -14670.7
0.2379 -14687.5
0.238 -14704.2
0.2381 -14720.8
0.2382 -14737.5
0.2383 -14754.2
0.2384 -14770.8
0.2385 -14787.5
0.2386 -14804.1
0.2387 -14820.7
0.2388 -14837.3
0.2389 -14853.9
0.239 -14870.5
0.2391 -14887.1
0.2392 -14903.6
0.2393 -14920.2
0.2394 -14936.7
0.2395 -14953.2
0.2396 -14969.7
0.2397 -14986.2
0.2398 -15002.7
0.2399 -15019.2
0.24 -15035.7
0.2401 -15052.1
0.2402 -15068.5
0.2403 -15085
0.2404 -15101.4
0.2405 -15117.8
0.2406 -15134.2
0.2407 -15150.5
0.2408 -15166.9
0.2409 -15183.2
0.241 -15199.6
0.2411 -15215.9
0.2412 -15232.2
0.2413 -15248.5
0.2414 -15264.8
0.2415 -15281.1
0.2416 -15297.3
0.2417 -15313.6
0.2418 -15329.8
0.2419 -15346
0.242 -15362.3
0.2421 -15378.4
0.2422 -15394.6
0.2423 -15410.8
0.2424 -15427
0.2425 -15443.1
0.2426 -15459.3
0.2427 -15475.4
0.2428 -15491.5
0.2429 -15507.6
0.243 -15523.7
0.2431 -15539.7
0.2432 -15555.8
0.2433 -15571.9
0.2434 -15587.9
0.2435 -15603.9
0.2436 -15619.9
0.2437 -15635.9
0.2438 -15651.9
0.2439 -15667.9
0.244 -15683.8
0.2441 -15699.8
0.2442 -15715.7
0.2443 -15731.6
0.2444 -15747.5
0.2445 -15763.4
0.2446 -15779.3
0.2447 -15795.2
0.2448 -15811
0.2449 -15826.9
0.245 -15842.7
0.2451 -15858.5
0.2452 -15874.3
0.2453 -15890.1
0.2454 -15905.9
0.2455 -15921.6
0.2456 -15937.4
0.2457 -15953.1
0.2458 -15968.9
0.2459 -15984.6
0.246 -16000.3
0.2461 -16016
0.2462 -16031.6
0.2463 -16047.3
0.2464 -16062.9
0.2465 -16078.6
0.2466 -16094.2
0.2467 -16109.8
0.2468 -16125.4
0.2469 -16141
0.247 -16156.5
0.2471 -16172.1
0.2472 -16187.6
0.2473 -16203.2
0.2474 -16218.7
0.2475 -16234.2
0.2476 -16249.7
0.2477 -16265.1
0.2478 -16280.6
0.2479 -16296.1
0.248 -16311.5
0.2481 -16326.9
0.2482 -16342.3
0.2483 -16357.7
0.2484 -16373.1
0.2485 -16388.5
0.2486 -16403.8
0.2487 -16419.2
0.2488 -16434.5
0.2489 -16449.8
0.249 -16465.1
0.2491 -16480.4
0.2492 -16495.7
0.2493 -16510.9
0.2494 -16526.2
0.2495 -16541.4
0.2496 -16556.6
0.2497 -16571.8
0.2498 -16587
0.2499 -16602.2
0.25 -16617.4
0.2501 -16632.5
0.2502 -16647.7
0.2503 -16662.8
0.2504 -16677.9
0.2505 -16693
0.2506 -16708.1
0.2507 -16723.2
0.2508 -16738.2
0.2509 -16753.3
0.251 -16768.3
0.2511 -16783.3
0.2512 -16798.3
0.2513 -16813.3
0.2514 -16828.3
0.2515 -16843.2
0.2516 -16858.2
0.2517 -16873.1
0.2518 -16888
0.2519 -16903
0.252 -16917.8
0.2521 -16932.7
0.2522 -16947.6
0.2523 -16962.4
0.2524 -16977.3
0.2525 -16992.1
0.2526 -17006.9
0.2527 -17021.7
0.2528 -17036.5
0.2529 -17051.3
0.253 -17066
0.2531 -17080.7
0.2532 -17095.5
0.2533 -17110.2
0.2534 -17124.9
0.2535 -17139.6
0.2536 -17154.2
0.2537 -17168.9
0.2538 -17183.5
0.2539 -17198.2
0.254 -17212.8
0.2541 -17227.4
0.2542 -17242
0.2543 -17256.5
0.2544 -17271.1
0.2545 -17285.6
0.2546 -17300.2
0.2547 -17314.7
0.2548 -17329.2
0.2549 -17343.7
0.255 -17358.1
0.2551 -17372.6
0.2552 -17387
0.2553 -17401.5
0.2554 -17415.9
0.2555 -17430.3
0.2556 -17444.7
0.2557 -17459.1
0.2558 -17473.4
0.2559 -17487.8
0.256 -17502.1
0.2561 -17516.4
0.2562 -17530.7
0.2563 -17545
0.2564 -17559.3
0.2565 -17573.5
0.2566 -17587.8
0.2567 -17602
0.2568 -17616.2
0.2569 -17630.4
0.257 -17644.6
0.2571 -17658.8
0.2572 -17672.9
0.2573 -17687.1
0.2574 -17701.2
0.2575 -17715.3
0.2576 -17729.4
0.2577 -17743.5
0.2578 -17757.6
0.2579 -17771.6
0.258 -17785.7
0.2581 -17799.7
0.2582 -17813.7
0.2583 -17827.7
0.2584 -17841.7
0.2585 -17855.7
0.2586 -17869.6
0.2587 -17883.6
0.2588 -17897.5
0.2589 -17911.4
0.259 -17925.3
0.2591 -17939.2
0.2592 -17953.1
0.2593 -17966.9
0.2594 -17980.8
0.2595 -17994.6
0.2596 -18008.4
0.2597 -18022.2
0.2598 -18036
0.2599 -18049.7
0.26 -18063.5
0.2601 -18077.2
0.2602 -18090.9
0.2603 -18104.6
0.2604 -18118.3
0.2605 -18132
0.2606 -18145.7
0.2607 -18159.3
0.2608 -18172.9
0.2609 -18186.6
0.261 -18200.2
0.2611 -18213.7
0.2612 -18227.3
0.2613 -18240.9
0.2614 -18254.4
0.2615 -18267.9
0.2616 -18281.5
0.2617 -18295
0.2618 -18308.4
0.2619 -18321.9
0.262 -18335.4
0.2621 -18348.8
0.2622 -18362.2
0.2623 -18375.6
0.2624 -18389
0.2625 -18402.4
0.2626 -18415.8
0.2627 -18429.1
0.2628 -18442.4
0.2629 -18455.8
0.263 -18469.1
0.2631 -18482.3
0.2632 -18495.6
0.2633 -18508.9
0.2634 -18522.1
0.2635 -18535.3
0.2636 -18548.6
0.2637 -18561.8
0.2638 -18574.9
0.2639 -18588.1
0.264 -18601.3
0.2641 -18614.4
0.2642 -18627.5
0.2643 -18640.6
0.2644 -18653.7
0.2645 -18666.8
0.2646 -18679.8
0.2647 -18692.9
0.2648 -18705.9
0.2649 -18718.9
0.265 -18731.9
0.2651 -18744.9
0.2652 -18757.9
0.2653 -18770.8
0.2654 -18783.8
0.2655 -18796.7
0.2656 -18809.6
0.2657 -18822.5
0.2658 -18835.4
0.2659 -18848.2
0.266 -18861.1
0.2661 -18873.9
0.2662 -18886.7
0.2663 -18899.5
0.2664 -18912.3
0.2665 -18925.1
0.2666 -18937.8
0.2667 -18950.6
0.2668 -18963.3
0.2669 -18976
0.267 -18988.7
0.2671 -19001.3
0.2672 -19014
0.2673 -19026.7
0.2674 -19039.3
0.2675 -19051.9
0.2676 -19064.5
0.2677 -19077.1
0.2678 -19089.6
0.2679 -19102.2
0.268 -19114.7
0.2681 -19127.2
0.2682 -19139.7
0.2683 -19152.2
0.2684 -19164.7
0.2685 -19177.2
0.2686 -19189.6
0.2687 -19202
0.2688 -19214.4
0.2689 -19226.8
0.269 -19239.2
0.2691 -19251.6
0.2692 -19263.9
0.2693 -19276.3
0.2694 -19288.6
0.2695 -19300.9
0.2696 -19313.2
0.2697 -19325.4
0.2698 -19337.7
0.2699 -19349.9
0.27 -19362.1
0.2701 -19374.3
0.2702 -19386.5
0.2703 -19398.7
0.2704 -19410.9
0.2705 -19423
0.2706 -19435.1
0.2707 -19447.2
0.2708 -19459.3
0.2709 -19471.4
0.271 -19483.5
0.2711 -19495.5
0.2712 -19507.6
0.2713 -19519.6
0.2714 -19531.6
0.2715 -19543.6
0.2716 -19555.5
0.2717 -19567.5
0.2718 -19579.4
0.2719 -19591.3
0.272 -19603.2
0.2721 -19615.1
0.2722 -19627
0.2723 -19638.8
0.2724 -19650.7
0.2725 -19662.5
0.2726 -19674.3
0.2727 -19686.1
0.2728 -19697.9
0.2729 -19709.6
0.273 -19721.4
0.2731 -19733.1
0.2732 -19744.8
0.2733 -19756.5
0.2734 -19768.2
0.2735 -19779.8
0.2736 -19791.5
0.2737 -19803.1
0.2738 -19814.7
0.2739 -19826.3
0.274 -19837.9
0.2741 -19849.5
0.2742 -19861
0.2743 -19872.6
0.2744 -19884.1
0.2745 -19895.6
0.2746 -19907.1
0.2747 -19918.5
0.2748 -19930
0.2749 -19941.4
0.275 -19952.8
0.2751 -19964.2
0.2752 -19975.6
0.2753 -19987
0.2754 -19998.3
0.2755 -20009.7
0.2756 -20021
0.2757 -20032.3
0.2758 -20043.6
0.2759 -20054.9
0.276 -20066.1
0.2761 -20077.4
0.2762 -20088.6
0.2763 -20099.8
0.2764 -20111
0.2765 -20122.1
0.2766 -20133.3
0.2767 -20144.4
0.2768 -20155.6
0.2769 -20166.7
0.277 -20177.8
0.2771 -20188.8
0.2772 -20199.9
0.2773 -20210.9
0.2774 -20222
0.2775 -20233
0.2776 -20244
0.2777 -20254.9
0.2778 -20265.9
0.2779 -20276.8
0.278 -20287.8
0.2781 -20298.7
0.2782 -20309.6
0.2783 -20320.4
0.2784 -20331.3
0.2785 -20342.1
0.2786 -20353
0.2787 -20363.8
0.2788 -20374.6
0.2789 -20385.3
0.279 -20396.1
0.2791 -20406.9
0.2792 -20417.6
0.2793 -20428.3
0.2794 -20439
0.2795 -20449.7
0.2796 -20460.3
0.2797 -20471
0.2798 -20481.6
0.2799 -20492.2
0.28 -20502.8
0.2801 -20513.4
0.2802 -20523.9
0.2803 -20534.5
0.2804 -20545
0.2805 -20555.5
0.2806 -20566
0.2807 -20576.5
0.2808 -20586.9
0.2809 -20597.4
0.281 -20607.8
0.2811 -20618.2
0.2812 -20628.6
0.2813 -20639
0.2814 -20649.3
0.2815 -20659.7
0.2816 -20670
0.2817 -20680.3
0.2818 -20690.6
0.2819 -20700.9
0.282 -20711.1
0.2821 -20721.4
0.2822 -20731.6
0.2823 -20741.8
0.2824 -20752
0.2825 -20762.1
0.2826 -20772.3
0.2827 -20782.4
0.2828 -20792.6
0.2829 -20802.7
0.283 -20812.7
0.2831 -20822.8
0.2832 -20832.9
0.2833 -20842.9
0.2834 -20852.9
0.2835 -20862.9
0.2836 -20872.9
0.2837 -20882.9
0.2838 -20892.8
0.2839 -20902.8
0.284 -20912.7
0.2841 -20922.6
0.2842 -20932.5
0.2843 -20942.3
0.2844 -20952.2
0.2845 -20962
0.2846 -20971.8
0.2847 -20981.6
0.2848 -20991.4
0.2849 -21001.2
0.285 -21010.9
0.2851 -21020.6
0.2852 -21030.3
0.2853 -21040
0.2854 -21049.7
0.2855 -21059.4
0.2856 -21069
0.2857 -21078.6
0.2858 -21088.2
0.2859 -21097.8
0.286 -21107.4
0.2861 -21117
0.2862 -21126.5
0.2863 -21136
0.2864 -21145.5
0.2865 -21155
0.2866 -21164.5
0.2867 -21173.9
0.2868 -21183.4
0.2869 -21192.8
0.287 -21202.2
0.2871 -21211.6
0.2872 -21220.9
0.2873 -21230.3
0.2874 -21239.6
0.2875 -21248.9
0.2876 -21258.2
0.2877 -21267.5
0.2878 -21276.8
0.2879 -21286
0.288 -21295.2
0.2881 -21304.4
0.2882 -21313.6
0.2883 -21322.8
0.2884 -21332
0.2885 -21341.1
0.2886 -21350.2
0.2887 -21359.3
0.2888 -21368.4
0.2889 -21377.5
0.289 -21386.6
0.2891 -21395.6
0.2892 -21404.6
0.2893 -21413.6
0.2894 -21422.6
0.2895 -21431.6
0.2896 -21440.5
0.2897 -21449.4
0.2898 -21458.3
0.2899 -21467.2
0.29 -21476.1
0.2901 -21485
0.2902 -21493.8
0.2903 -21502.6
0.2904 -21511.5
0.2905 -21520.2
0.2906 -21529
0.2907 -21537.8
0.2908 -21546.5
0.2909 -21555.2
0.291 -21563.9
0.2911 -21572.6
0.2912 -21581.3
0.2913 -21589.9
0.2914 -21598.6
0.2915 -21607.2
0.2916 -21615.8
0.2917 -21624.4
0.2918 -21632.9
0.2919 -21641.5
0.292 -21650
0.2921 -21658.5
0.2922 -21667
0.2923 -21675.5
0.2924 -21683.9
0.2925 -21692.3
0.2926 -21700.8
0.2927 -21709.2
0.2928 -21717.6
0.2929 -21725.9
0.293 -21734.3
0.2931 -21742.6
0.2932 -21750.9
0.2933 -21759.2
0.2934 -21767.5
0.2935 -21775.7
0.2936 -21784
0.2937 -21792.2
0.2938 -21800.4
0.2939 -21808.6
0.294 -21816.8
0.2941 -21824.9
0.2942 -21833.1
0.2943 -21841.2
0.2944 -21849.3
0.2945 -21857.4
0.2946 -21865.4
0.2947 -21873.5
0.2948 -21881.5
0.2949 -21889.5
0.295 -21897.5
0.2951 -21905.5
0.2952 -21913.4
0.2953 -21921.4
0.2954 -21929.3
0.2955 -21937.2
0.2956 -21945.1
0.2957 -21953
0.2958 -21960.8
0.2959 -21968.6
0.296 -21976.4
0.2961 -21984.2
0.2962 -21992
0.2963 -21999.8
0.2964 -22007.5
0.2965 -22015.2
0.2966 -22023
0.2967 -22030.6
0.2968 -22038.3
0.2969 -22046
0.297 -22053.6
0.2971 -22061.2
0.2972 -22068.8
0.2973 -22076.4
0.2974 -22083.9
0.2975 -22091.5
0.2976 -22099
0.2977 -22106.5
0.2978 -22114
0.2979 -22121.5
0.298 -22128.9
0.2981 -22136.4
0.2982 -22143.8
0.2983 -22151.2
0.2984 -22158.6
0.2985 -22165.9
0.2986 -22173.3
0.2987 -22180.6
0.2988 -22187.9
0.2989 -22195.2
0.299 -22202.5
0.2991 -22209.7
0.2992 -22217
0.2993 -22224.2
0.2994 -22231.4
0.2995 -22238.6
0.2996 -22245.7
0.2997 -22252.9
0.2998 -22260
0.2999 -22267.1
0.3 -22274.2
0.3001 -22281.3
0.3002 -22288.3
0.3003 -22295.4
0.3004 -22302.4
0.3005 -22309.4
0.3006 -22316.4
0.3007 -22323.3
0.3008 -22330.3
0.3009 -22337.2
0.301 -22344.1
0.3011 -22351
0.3012 -22357.9
0.3013 -22364.7
0.3014 -22371.6
0.3015 -22378.4
0.3016 -22385.2
0.3017 -22392
0.3018 -22398.7
0.3019 -22405.5
0.302 -22412.2
0.3021 -22418.9
0.3022 -22425.6
0.3023 -22432.3
0.3024 -22438.9
0.3025 -22445.5
0.3026 -22452.2
0.3027 -22458.8
0.3028 -22465.3
0.3029 -22471.9
0.303 -22478.4
0.3031 -22485
0.3032 -22491.5
0.3033 -22498
0.3034 -22504.4
0.3035 -22510.9
0.3036 -22517.3
0.3037 -22523.7
0.3038 -22530.1
0.3039 -22536.5
0.304 -22542.9
0.3041 -22549.2
0.3042 -22555.5
0.3043 -22561.8
0.3044 -22568.1
0.3045 -22574.4
0.3046 -22580.6
0.3047 -22586.9
0.3048 -22593.1
0.3049 -22599.3
0.305 -22605.4
0.3051 -22611.6
0.3052 -22617.7
0.3053 -22623.8
0.3054 -22629.9
0.3055 -22636
0.3056 -22642.1
0.3057 -22648.1
0.3058 -22654.2
0.3059 -22660.2
0.306 -22666.2
0.3061 -22672.1
0.3062 -22678.1
0.3063 -22684
0.3064 -22689.9
0.3065 -22695.8
0.3066 -22701.7
0.3067 -22707.6
0.3068 -22713.4
0.3069 -22719.2
0.307 -22725
0.3071 -22730.8
0.3072 -22736.6
0.3073 -22742.3
0.3074 -22748.1
0.3075 -22753.8
0.3076 -22759.5
0.3077 -22765.1
0.3078 -22770.8
0.3079 -22776.4
0.308 -22782.1
0.3081 -22787.7
0.3082 -22793.2
0.3083 -22798.8
0.3084 -22804.4
0.3085 -22809.9
0.3086 -22815.4
0.3087 -22820.9
0.3088 -22826.3
0.3089 -22831.8
0.309 -22837.2
0.3091 -22842.6
0.3092 -22848
0.3093 -22853.4
0.3094 -22858.8
0.3095 -22864.1
0.3096 -22869.4
0.3097 -22874.7
0.3098 -22880
0.3099 -22885.3
0.31 -22890.5
0.3101 -22895.7
0.3102 -22901
0.3103 -22906.1
0.3104 -22911.3
0.3105 -22916.5
0.3106 -22921.6
0.3107 -22926.7
0.3108 -22931.8
0.3109 -22936.9
0.311 -22942
0.3111 -22947
0.3112 -22952
0.3113 -22957
0.3114 -22962
0.3115 -22967
0.3116 -22971.9
0.3117 -22976.8
0.3118 -22981.7
0.3119 -22986.6
0.312 -22991.5
0.3121 -22996.4
0.3122 -23001.2
0.3123 -23006
0.3124 -23010.8
0.3125 -23015.6
0.3126 -23020.3
0.3127 -23025.1
0.3128 -23029.8
0.3129 -23034.5
0.313 -23039.2
0.3131 -23043.9
0.3132 -23048.5
0.3133 -23053.1
0.3134 -23057.7
0.3135 -23062.3
0.3136 -23066.9
0.3137 -23071.4
0.3138 -23076
0.3139 -23080.5
0.314 -23085
0.3141 -23089.5
0.3142 -23093.9
0.3143 -23098.4
0.3144 -23102.8
0.3145 -23107.2
0.3146 -23111.6
0.3147 -23115.9
0.3148 -23120.3
0.3149 -23124.6
0.315 -23128.9
0.3151 -23133.2
0.3152 -23137.5
0.3153 -23141.7
0.3154 -23145.9
0.3155 -23150.1
0.3156 -23154.3
0.3157 -23158.5
0.3158 -23162.7
0.3159 -23166.8
0.316 -23170.9
0.3161 -23175
0.3162 -23179.1
0.3163 -23183.2
0.3164 -23187.2
0.3165 -23191.2
0.3166 -23195.2
0.3167 -23199.2
0.3168 -23203.2
0.3169 -23207.1
0.317 -23211.1
0.3171 -23215
0.3172 -23218.9
0.3173 -23222.7
0.3174 -23226.6
0.3175 -23230.4
0.3176 -23234.2
0.3177 -23238
0.3178 -23241.8
0.3179 -23245.6
0.318 -23249.3
0.3181 -23253
0.3182 -23256.7
0.3183 -23260.4
0.3184 -23264.1
0.3185 -23267.7
0.3186 -23271.3
0.3187 -23274.9
0.3188 -23278.5
0.3189 -23282.1
0.319 -23285.6
0.3191 -23289.2
0.3192 -23292.7
0.3193 -23296.2
0.3194 -23299.6
0.3195 -23303.1
0.3196 -23306.5
0.3197 -23309.9
0.3198 -23313.3
0.3199 -23316.7
0.32 -23320.1
0.3201 -23323.4
0.3202 -23326.7
0.3203 -23330
0.3204 -23333.3
0.3205 -23336.6
0.3206 -23339.8
0.3207 -23343
0.3208 -23346.2
0.3209 -23349.4
0.321 -23352.6
0.3211 -23355.7
0.3212 -23358.9
0.3213 -23362
0.3214 -23365.1
0.3215 -23368.1
0.3216 -23371.2
0.3217 -23374.2
0.3218 -23377.3
0.3219 -23380.2
0.322 -23383.2
0.3221 -23386.2
0.3222 -23389.1
0.3223 -23392
0.3224 -23394.9
0.3225 -23397.8
0.3226 -23400.7
0.3227 -23403.5
0.3228 -23406.4
0.3229 -23409.2
0.323 -23411.9
0.3231 -23414.7
0.3232 -23417.5
0.3233 -23420.2
0.3234 -23422.9
0.3235 -23425.6
0.3236 -23428.3
0.3237 -23430.9
0.3238 -23433.5
0.3239 -23436.2
0.324 -23438.7
0.3241 -23441.3
0.3242 -23443.9
0.3243 -23446.4
0.3244 -23448.9
0.3245 -23451.4
0.3246 -23453.9
0.3247 -23456.4
0.3248 -23458.8
0.3249 -23461.2
0.325 -23463.6
0.3251 -23466
0.3252 -23468.4
0.3253 -23470.7
0.3254 -23473.1
0.3255 -23475.4
0.3256 -23477.7
0.3257 -23479.9
0.3258 -23482.2
0.3259 -23484.4
0.326 -23486.6
0.3261 -23488.8
0.3262 -23491
0.3263 -23493.1
0.3264 -23495.3
0.3265 -23497.4
0.3266 -23499.5
0.3267 -23501.6
0.3268 -23503.6
0.3269 -23505.7
0.327 -23507.7
0.3271 -23509.7
0.3272 -23511.7
0.3273 -23513.6
0.3274 -23515.6
0.3275 -23517.5
0.3276 -23519.4
0.3277 -23521.3
0.3278 -23523.1
0.3279 -23525
0.328 -23526.8
0.3281 -23528.6
0.3282 -23530.4
0.3283 -23532.2
0.3284 -23533.9
0.3285 -23535.7
0.3286 -23537.4
0.3287 -23539.1
0.3288 -23540.7
0.3289 -23542.4
0.329 -23544
0.3291 -23545.6
0.3292 -23547.2
0.3293 -23548.8
0.3294 -23550.4
0.3295 -23551.9
0.3296 -23553.4
0.3297 -23554.9
0.3298 -23556.4
0.3299 -23557.9
0.33 -23559.3
0.3301 -23560.7
0.3302 -23562.2
0.3303 -23563.5
0.3304 -23564.9
0.3305 -23566.2
0.3306 -23567.6
0.3307 -23568.9
0.3308 -23570.2
0.3309 -23571.4
0.331 -23572.7
0.3311 -23573.9
0.3312 -23575.1
0.3313 -23576.3
0.3314 -23577.5
0.3315 -23578.7
0.3316 -23579.8
0.3317 -23580.9
0.3318 -23582
0.3319 -23583.1
0.332 -23584.1
0.3321 -23585.2
0.3322 -23586.2
0.3323 -23587.2
0.3324 -23588.2
0.3325 -23589.1
0.3326 -23590.1
0.3327 -23591
0.3328 -23591.9
0.3329 -23592.8
0.333 -23593.7
0.3331 -23594.5
0.3332 -23595.3
0.3333 -23596.1
0.3334 -23596.9
0.3335 -23597.7
0.3336 -23598.5
0.3337 -23599.2
0.3338 -23599.9
0.3339 -23600.6
0.334 -23601.3
0.3341 -23601.9
0.3342 -23602.5
0.3343 -23603.2
0.3344 -23603.8
0.3345 -23604.3
0.3346 -23604.9
0.3347 -23605.4
0.3348 -23605.9
0.3349 -23606.4
0.335 -23606.9
0.3351 -23607.4
0.3352 -23607.8
0.3353 -23608.3
0.3354 -23608.7
0.3355 -23609
0.3356 -23609.4
0.3357 -23609.7
0.3358 -23610.1
0.3359 -23610.4
0.336 -23610.7
0.3361 -23610.9
0.3362 -23611.2
0.3363 -23611.4
0.3364 -23611.6
0.3365 -23611.8
0.3366 -23612
0.3367 -23612.1
0.3368 -23612.3
0.3369 -23612.4
0.337 -23612.5
0.3371 -23612.6
0.3372 -23612.6
0.3373 -23612.6
0.3374 -23612.7
0.3375 -23612.7
0.3376 -23612.6
0.3377 -23612.6
0.3378 -23612.5
0.3379 -23612.5
0.338 -23612.4
0.3381 -23612.2
0.3382 -23612.1
0.3383 -23612
0.3384 -23611.8
0.3385 -23611.6
0.3386 -23611.4
0.3387 -23611.1
0.3388 -23610.9
0.3389 -23610.6
0.339 -23610.3
0.3391 -23610
0.3392 -23609.7
0.3393 -23609.3
0.3394 -23609
0.3395 -23608.6
0.3396 -23608.2
0.3397 -23607.7
0.3398 -23607.3
0.3399 -23606.8
0.34 -23606.4
0.3401 -23605.8
0.3402 -23605.3
0.3403 -23604.8
0.3404 -23604.2
0.3405 -23603.6
0.3406 -23603
0.3407 -23602.4
0.3408 -23601.8
0.3409 -23601.1
0.341 -23600.5
0.3411 -23599.8
0.3412 -23599
0.3413 -23598.3
0.3414 -23597.6
0.3415 -23596.8
0.3416 -23596
0.3417 -23595.2
0.3418 -23594.3
0.3419 -23593.5
0.342 -23592.6
0.3421 -23591.7
0.3422 -23590.8
0.3423 -23589.9
0.3424 -23589
0.3425 -23588
0.3426 -23587
0.3427 -23586
0.3428 -23585
0.3429 -23583.9
0.343 -23582.9
0.3431 -23581.8
0.3432 -23580.7
0.3433 -23579.6
0.3434 -23578.4
0.3435 -23577.3
0.3436 -23576.1
0.3437 -23574.9
0.3438 -23573.7
0.3439 -23572.5
0.344 -23571.2
0.3441 -23569.9
0.3442 -23568.6
0.3443 -23567.3
0.3444 -23566
0.3445 -23564.6
0.3446 -23563.3
0.3447 -23561.9
0.3448 -23560.5
0.3449 -23559
0.345 -23557.6
0.3451 -23556.1
0.3452 -23554.6
0.3453 -23553.1
0.3454 -23551.6
0.3455 -23550.1
0.3456 -23548.5
0.3457 -23546.9
0.3458 -23545.3
0.3459 -23543.7
0.346 -23542.1
0.3461 -23540.4
0.3462 -23538.7
0.3463 -23537
0.3464 -23535.3
0.3465 -23533.6
0.3466 -23531.8
0.3467 -23530.1
0.3468 -23528.3
0.3469 -23526.5
0.347 -23524.6
0.3471 -23522.8
0.3472 -23520.9
0.3473 -23519
0.3474 -23517.1
0.3475 -23515.2
0.3476 -23513.2
0.3477 -23511.3
0.3478 -23509.3
0.3479 -23507.3
0.348 -23505.3
0.3481 -23503.2
0.3482 -23501.2
0.3483 -23499.1
0.3484 -23497
0.3485 -23494.9
0.3486 -23492.7
0.3487 -23490.6
0.3488 -23488.4
0.3489 -23486.2
0.349 -23484
0.3491 -23481.7
0.3492 -23479.5
0.3493 -23477.2
0.3494 -23474.9
0.3495 -23472.6
0.3496 -23470.3
0.3497 -23467.9
0.3498 -23465.6
0.3499 -23463.2
0.35 -23460.8
0.3501 -23458.3
0.3502 -23455.9
0.3503 -23453.4
0.3504 -23450.9
0.3505 -23448.4
0.3506 -23445.9
0.3507 -23443.4
0.3508 -23440.8
0.3509 -23438.2
0.351 -23435.6
0.3511 -23433
0.3512 -23430.4
0.3513 -23427.7
0.3514 -23425.1
0.3515 -23422.4
0.3516 -23419.7
0.3517 -23416.9
0.3518 -23414.2
0.3519 -23411.4
0.352 -23408.6
0.3521 -23405.8
0.3522 -23403
0.3523 -23400.1
0.3524 -23397.3
0.3525 -23394.4
0.3526 -23391.5
0.3527 -23388.5
0.3528 -23385.6
0.3529 -23382.6
0.353 -23379.7
0.3531 -23376.7
0.3532 -23373.6
0.3533 -23370.6
0.3534 -23367.5
0.3535 -23364.5
0.3536 -23361.4
0.3537 -23358.3
0.3538 -23355.1
0.3539 -23352
0.354 -23348.8
0.3541 -23345.6
0.3542 -23342.4
0.3543 -23339.2
0.3544 -23335.9
0.3545 -23332.7
0.3546 -23329.4
0.3547 -23326.1
0.3548 -23322.8
0.3549 -23319.4
0.355 -23316
0.3551 -23312.7
0.3552 -23309.3
0.3553 -23305.8
0.3554 -23302.4
0.3555 -23299
0.3556 -23295.5
0.3557 -23292
0.3558 -23288.5
0.3559 -23284.9
0.356 -23281.4
0.3561 -23277.8
0.3562 -23274.2
0.3563 -23270.6
0.3564 -23267
0.3565 -23263.3
0.3566 -23259.7
0.3567 -23256
0.3568 -23252.3
0.3569 -23248.6
0.357 -23244.8
0.3571 -23241.1
0.3572 -23237.3
0.3573 -23233.5
0.3574 -23229.7
0.3575 -23225.8
0.3576 -23222
0.3577 -23218.1
0.3578 -23214.2
0.3579 -23210.3
0.358 -23206.4
0.3581 -23202.4
0.3582 -23198.4
0.3583 -23194.4
0.3584 -23190.4
0.3585 -23186.4
0.3586 -23182.4
0.3587 -23178.3
0.3588 -23174.2
0.3589 -23170.1
0.359 -23166
0.3591 -23161.9
0.3592 -23157.7
0.3593 -23153.5
0.3594 -23149.3
0.3595 -23145.1
0.3596 -23140.9
0.3597 -23136.6
0.3598 -23132.3
0.3599 -23128.1
0.36 -23123.7
0.3601 -23119.4
0.3602 -23115.1
0.3603 -23110.7
0.3604 -23106.3
0.3605 -23101.9
0.3606 -23097.5
0.3607 -23093
0.3608 -23088.6
0.3609 -23084.1
0.361 -23079.6
0.3611 -23075.1
0.3612 -23070.6
0.3613 -23066
0.3614 -23061.4
0.3615 -23056.8
0.3616 -23052.2
0.3617 -23047.6
0.3618 -23042.9
0.3619 -23038.3
0.362 -23033.6
0.3621 -23028.9
0.3622 -23024.2
0.3623 -23019.4
0.3624 -23014.6
0.3625 -23009.9
0.3626 -23005.1
0.3627 -23000.2
0.3628 -22995.4
0.3629 -22990.6
0.363 -22985.7
0.3631 -22980.8
0.3632 -22975.9
0.3633 -22970.9
0.3634 -22966
0.3635 -22961
0.3636 -22956
0.3637 -22951
0.3638 -22946
0.3639 -22941
0.364 -22935.9
0.3641 -22930.8
0.3642 -22925.7
0.3643 -22920.6
0.3644 -22915.5
0.3645 -22910.3
0.3646 -22905.1
0.3647 -22899.9
0.3648 -22894.7
0.3649 -22889.5
0.365 -22884.2
0.3651 -22879
0.3652 -22873.7
0.3653 -22868.4
0.3654 -22863.1
0.3655 -22857.7
0.3656 -22852.4
0.3657 -22847
0.3658 -22841.6
0.3659 -22836.2
0.366 -22830.7
0.3661 -22825.3
0.3662 -22819.8
0.3663 -22814.3
0.3664 -22808.8
0.3665 -22803.3
0.3666 -22797.7
0.3667 -22792.2
0.3668 -22786.6
0.3669 -22781
0.367 -22775.3
0.3671 -22769.7
0.3672 -22764
0.3673 -22758.4
0.3674 -22752.7
0.3675 -22747
0.3676 -22741.2
0.3677 -22735.5
0.3678 -22729.7
0.3679 -22723.9
0.368 -22718.1
0.3681 -22712.3
0.3682 -22706.4
0.3683 -22700.6
0.3684 -22694.7
0.3685 -22688.8
0.3686 -22682.9
0.3687 -22676.9
0.3688 -22671
0.3689 -22665
0.369 -22659
0.3691 -22653
0.3692 -22647
0.3693 -22640.9
0.3694 -22634.8
0.3695 -22628.8
0.3696 -22622.6
0.3697 -22616.5
0.3698 -22610.4
0.3699 -22604.2
0.37 -22598
0.3701 -22591.8
0.3702 -22585.6
0.3703 -22579.4
0.3704 -22573.1
0.3705 -22566.9
0.3706 -22560.6
0.3707 -22554.3
0.3708 -22548
0.3709 -22541.6
0.371 -22535.2
0.3711 -22528.9
0.3712 -22522.5
0.3713 -22516.1
0.3714 -22509.6
0.3715 -22503.2
0.3716 -22496.7
0.3717 -22490.2
0.3718 -22483.7
0.3719 -22477.2
0.372 -22470.6
0.3721 -22464
0.3722 -22457.5
0.3723 -22450.9
0.3724 -22444.2
0.3725 -22437.6
0.3726 -22431
0.3727 -22424.3
0.3728 -22417.6
0.3729 -22410.9
0.373 -22404.1
0.3731 -22397.4
0.3732 -22390.6
0.3733 -22383.8
0.3734 -22377
0.3735 -22370.2
0.3736 -22363.4
0.3737 -22356.5
0.3738 -22349.6
0.3739 -22342.8
0.374 -22335.8
0.3741 -22328.9
0.3742 -22322
0.3743 -22315
0.3744 -22308
0.3745 -22301
0.3746 -22294
0.3747 -22286.9
0.3748 -22279.9
0.3749 -22272.8
0.375 -22265.7
0.3751 -22258.6
0.3752 -22251.5
0.3753 -22244.3
0.3754 -22237.2
0.3755 -22230
0.3756 -22222.8
0.3757 -22215.6
0.3758 -22208.3
0.3759 -22201.1
0.376 -22193.8
0.3761 -22186.5
0.3762 -22179.2
0.3763 -22171.8
0.3764 -22164.5
0.3765 -22157.1
0.3766 -22149.7
0.3767 -22142.3
0.3768 -22134.9
0.3769 -22127.5
0.377 -22120
0.3771 -22112.5
0.3772 -22105.1
0.3773 -22097.5
0.3774 -22090
0.3775 -22082.5
0.3776 -22074.9
0.3777 -22067.3
0.3778 -22059.7
0.3779 -22052.1
0.378 -22044.5
0.3781 -22036.8
0.3782 -22029.1
0.3783 -22021.4
0.3784 -22013.7
0.3785 -22006
0.3786 -21998.3
0.3787 -21990.5
0.3788 -21982.7
0.3789 -21974.9
0.379 -21967.1
0.3791 -21959.3
0.3792 -21951.4
0.3793 -21943.5
0.3794 -21935.7
0.3795 -21927.7
0.3796 -21919.8
0.3797 -21911.9
0.3798 -21903.9
0.3799 -21895.9
0.38 -21887.9
0.3801 -21879.9
0.3802 -21871.9
0.3803 -21863.9
0.3804 -21855.8
0.3805 -21847.7
0.3806 -21839.6
0.3807 -21831.5
0.3808 -21823.3
0.3809 -21815.2
0.381 -21807
0.3811 -21798.8
0.3812 -21790.6
0.3813 -21782.4
0.3814 -21774.1
0.3815 -21765.9
0.3816 -21757.6
0.3817 -21749.3
0.3818 -21741
0.3819 -21732.6
0.382 -21724.3
0.3821 -21715.9
0.3822 -21707.5
0.3823 -21699.1
0.3824 -21690.7
0.3825 -21682.3
0.3826 -21673.8
0.3827 -21665.3
0.3828 -21656.8
0.3829 -21648.3
0.383 -21639.8
0.3831 -21631.2
0.3832 -21622.7
0.3833 -21614.1
0.3834 -21605.5
0.3835 -21596.9
0.3836 -21588.2
0.3837 -21579.6
0.3838 -21570.9
0.3839 -21562.2
0.384 -21553.5
0.3841 -21544.8
0.3842 -21536.1
0.3843 -21527.3
0.3844 -21518.5
0.3845 -21509.7
0.3846 -21500.9
0.3847 -21492.1
0.3848 -21483.2
0.3849 -21474.4
0.385 -21465.5
0.3851 -21456.6
0.3852 -21447.7
0.3853 -21438.8
0.3854 -21429.8
0.3855 -21420.8
0.3856 -21411.8
0.3857 -21402.8
0.3858 -21393.8
0.3859 -21384.8
0.386 -21375.7
0.3861 -21366.7
0.3862 -21357.6
0.3863 -21348.5
0.3864 -21339.3
0.3865 -21330.2
0.3866 -21321
0.3867 -21311.8
0.3868 -21302.6
0.3869 -21293.4
0.387 -21284.2
0.3871 -21275
0.3872 -21265.7
0.3873 -21256.4
0.3874 -21247.1
0.3875 -21237.8
0.3876 -21228.5
0.3877 -21219.1
0.3878 -21209.7
0.3879 -21200.3
0.388 -21190.9
0.3881 -21181.5
0.3882 -21172.1
0.3883 -21162.6
0.3884 -21153.2
0.3885 -21143.7
0.3886 -21134.2
0.3887 -21124.6
0.3888 -21115.1
0.3889 -21105.5
0.389 -21096
0.3891 -21086.4
0.3892 -21076.7
0.3893 -21067.1
0.3894 -21057.5
0.3895 -21047.8
0.3896 -21038.1
0.3897 -21028.4
0.3898 -21018.7
0.3899 -21009
0.39 -20999.2
0.3901 -20989.5
0.3902 -20979.7
0.3903 -20969.9
0.3904 -20960.1
0.3905 -20950.2
0.3906 -20940.4
0.3907 -20930.5
0.3908 -20920.6
0.3909 -20910.7
0.391 -20900.8
0.3911 -20890.9
0.3912 -20880.9
0.3913 -20871
0.3914 -20861
0.3915 -20851
0.3916 -20840.9
0.3917 -20830.9
0.3918 -20820.8
0.3919 -20810.8
0.392 -20800.7
0.3921 -20790.6
0.3922 -20780.4
0.3923 -20770.3
0.3924 -20760.2
0.3925 -20750
0.3926 -20739.8
0.3927 -20729.6
0.3928 -20719.3
0.3929 -20709.1
0.393 -20698.8
0.3931 -20688.6
0.3932 -20678.3
0.3933 -20668
0.3934 -20657.6
0.3935 -20647.3
0.3936 -20636.9
0.3937 -20626.6
0.3938 -20616.2
0.3939 -20605.8
0.394 -20595.3
0.3941 -20584.9
0.3942 -20574.4
0.3943 -20563.9
0.3944 -20553.4
0.3945 -20542.9
0.3946 -20532.4
0.3947 -20521.9
0.3948 -20511.3
0.3949 -20500.7
0.395 -20490.1
0.3951 -20479.5
0.3952 -20468.9
0.3953 -20458.2
0.3954 -20447.6
0.3955 -20436.9
0.3956 -20426.2
0.3957 -20415.5
0.3958 -20404.8
0.3959 -20394
0.396 -20383.2
0.3961 -20372.5
0.3962 -20361.7
0.3963 -20350.9
0.3964 -20340
0.3965 -20329.2
0.3966 -20318.3
0.3967 -20307.4
0.3968 -20296.5
0.3969 -20285.6
0.397 -20274.7
0.3971 -20263.8
0.3972 -20252.8
0.3973 -20241.8
0.3974 -20230.8
0.3975 -20219.8
0.3976 -20208.8
0.3977 -20197.7
0.3978 -20186.7
0.3979 -20175.6
0.398 -20164.5
0.3981 -20153.4
0.3982 -20142.3
0.3983 -20131.1
0.3984 -20120
0.3985 -20108.8
0.3986 -20097.6
0.3987 -20086.4
0.3988 -20075.2
0.3989 -20063.9
0.399 -20052.7
0.3991 -20041.4
0.3992 -20030.1
0.3993 -20018.8
0.3994 -20007.5
0.3995 -19996.1
0.3996 -19984.8
0.3997 -19973.4
0.3998 -19962
0.3999 -19950.6
0.4 -19939.2
0.4001 -19927.7
0.4002 -19916.3
0.4003 -19904.8
0.4004 -19893.3
0.4005 -19881.8
0.4006 -19870.3
0.4007 -19858.8
0.4008 -19847.2
0.4009 -19835.6
0.401 -19824.1
0.4011 -19812.5
0.4012 -19800.8
0.4013 -19789.2
0.4014 -19777.6
0.4015 -19765.9
0.4016 -19754.2
0.4017 -19742.5
0.4018 -19730.8
0.4019 -19719.1
0.402 -19707.3
0.4021 -19695.6
0.4022 -19683.8
0.4023 -19672
0.4024 -19660.2
0.4025 -19648.4
0.4026 -19636.5
0.4027 -19624.7
0.4028 -19612.8
0.4029 -19600.9
0.403 -19589
0.4031 -19577.1
0.4032 -19565.1
0.4033 -19553.2
0.4034 -19541.2
0.4035 -19529.2
0.4036 -19517.2
0.4037 -19505.2
0.4038 -19493.2
0.4039 -19481.1
0.404 -19469.1
0.4041 -19457
0.4042 -19444.9
0.4043 -19432.8
0.4044 -19420.6
0.4045 -19408.5
0.4046 -19396.3
0.4047 -19384.1
0.4048 -19372
0.4049 -19359.7
0.405 -19347.5
0.4051 -19335.3
0.4052 -19323
0.4053 -19310.8
0.4054 -19298.5
0.4055 -19286.2
0.4056 -19273.8
0.4057 -19261.5
0.4058 -19249.2
0.4059 -19236.8
0.406 -19224.4
0.4061 -19212
0.4062 -19199.6
0.4063 -19187.2
0.4064 -19174.7
0.4065 -19162.3
0.4066 -19149.8
0.4067 -19137.3
0.4068 -19124.8
0.4069 -19112.3
0.407 -19099.7
0.4071 -19087.2
0.4072 -19074.6
0.4073 -19062
0.4074 -19049.4
0.4075 -19036.8
0.4076 -19024.2
0.4077 -19011.5
0.4078 -18998.9
0.4079 -18986.2
0.408 -18973.5
0.4081 -18960.8
0.4082 -18948.1
0.4083 -18935.3
0.4084 -18922.6
0.4085 -18909.8
0.4086 -18897
0.4087 -18884.2
0.4088 -18871.4
0.4089 -18858.6
0.409 -18845.7
0.4091 -18832.8
0.4092 -18820
0.4093 -18807.1
0.4094 -18794.2
0.4095 -18781.2
0.4096 -18768.3
0.4097 -18755.3
0.4098 -18742.4
0.4099 -18729.4
0.41 -18716.4
0.4101 -18703.4
0.4102 -18690.3
0.4103 -18677.3
0.4104 -18664.2
0.4105 -18651.1
0.4106 -18638
0.4107 -18624.9
0.4108 -18611.8
0.4109 -18598.7
0.411 -18585.5
0.4111 -18572.4
0.4112 -18559.2
0.4113 -18546
0.4114 -18532.8
0.4115 -18519.5
0.4116 -18506.3
0.4117 -18493
0.4118 -18479.7
0.4119 -18466.5
0.412 -18453.2
0.4121 -18439.8
0.4122 -18426.5
0.4123 -18413.1
0.4124 -18399.8
0.4125 -18386.4
0.4126 -18373
0.4127 -18359.6
0.4128 -18346.2
0.4129 -18332.7
0.413 -18319.3
0.4131 -18305.8
0.4132 -18292.3
0.4133 -18278.8
0.4134 -18265.3
0.4135 -18251.8
0.4136 -18238.2
0.4137 -18224.7
0.4138 -18211.1
0.4139 -18197.5
0.414 -18183.9
0.4141 -18170.3
0.4142 -18156.6
0.4143 -18143
0.4144 -18129.3
0.4145 -18115.6
0.4146 -18102
0.4147 -18088.2
0.4148 -18074.5
0.4149 -18060.8
0.415 -18047
0.4151 -18033.3
0.4152 -18019.5
0.4153 -18005.7
0.4154 -17991.9
0.4155 -17978
0.4156 -17964.2
0.4157 -17950.3
0.4158 -17936.5
0.4159 -17922.6
0.416 -17908.7
0.4161 -17894.8
0.4162 -17880.9
0.4163 -17866.9
0.4164 -17852.9
0.4165 -17839
0.4166 -17825
0.4167 -17811
0.4168 -17797
0.4169 -17782.9
0.417 -17768.9
0.4171 -17754.8
0.4172 -17740.8
0.4173 -17726.7
0.4174 -17712.6
0.4175 -17698.5
0.4176 -17684.3
0.4177 -17670.2
0.4178 -17656
0.4179 -17641.8
0.418 -17627.6
0.4181 -17613.4
0.4182 -17599.2
0.4183 -17585
0.4184 -17570.7
0.4185 -17556.5
0.4186 -17542.2
0.4187 -17527.9
0.4188 -17513.6
0.4189 -17499.3
0.419 -17485
0.4191 -17470.6
0.4192 -17456.2
0.4193 -17441.9
0.4194 -17427.5
0.4195 -17413.1
0.4196 -17398.7
0.4197 -17384.2
0.4198 -17369.8
0.4199 -17355.3
0.42 -17340.8
0.4201 -17326.3
0.4202 -17311.8
0.4203 -17297.3
0.4204 -17282.8
0.4205 -17268.2
0.4206 -17253.7
0.4207 -17239.1
0.4208 -17224.5
0.4209 -17209.9
0.421 -17195.3
0.4211 -17180.7
0.4212 -17166
0.4213 -17151.4
0.4214 -17136.7
0.4215 -17122
0.4216 -17107.3
0.4217 -17092.6
0.4218 -17077.9
0.4219 -17063.1
0.422 -17048.4
0.4221 -17033.6
0.4222 -17018.8
0.4223 -17004
0.4224 -16989.2
0.4225 -16974.4
0.4226 -16959.5
0.4227 -16944.7
0.4228 -16929.8
0.4229 -16914.9
0.423 -16900
0.4231 -16885.1
0.4232 -16870.2
0.4233 -16855.3
0.4234 -16840.3
0.4235 -16825.4
0.4236 -16810.4
0.4237 -16795.4
0.4238 -16780.4
0.4239 -16765.4
0.424 -16750.3
0.4241 -16735.3
0.4242 -16720.2
0.4243 -16705.1
0.4244 -16690.1
0.4245 -16675
0.4246 -16659.8
0.4247 -16644.7
0.4248 -16629.6
0.4249 -16614.4
0.425 -16599.2
0.4251 -16584.1
0.4252 -16568.9
0.4253 -16553.7
0.4254 -16538.4
0.4255 -16523.2
0.4256 -16507.9
0.4257 -16492.7
0.4258 -16477.4
0.4259 -16462.1
0.426 -16446.8
0.4261 -16431.5
0.4262 -16416.2
0.4263 -16400.8
0.4264 -16385.5
0.4265 -16370.1
0.4266 -16354.7
0.4267 -16339.3
0.4268 -16323.9
0.4269 -16308.5
0.427 -16293
0.4271 -16277.6
0.4272 -16262.1
0.4273 -16246.6
0.4274 -16231.1
0.4275 -16215.6
0.4276 -16200.1
0.4277 -16184.6
0.4278 -16169.1
0.4279 -16153.5
0.428 -16137.9
0.4281 -16122.3
0.4282 -16106.7
0.4283 -16091.1
0.4284 -16075.5
0.4285 -16059.9
0.4286 -16044.2
0.4287 -16028.6
0.4288 -16012.9
0.4289 -15997.2
0.429 -15981.5
0.4291 -15965.8
0.4292 -15950.1
0.4293 -15934.3
0.4294 -15918.6
0.4295 -15902.8
0.4296 -15887
0.4297 -15871.2
0.4298 -15855.4
0.4299 -15839.6
0.43 -15823.8
0.4301 -15807.9
0.4302 -15792.1
0.4303 -15776.2
0.4304 -15760.3
0.4305 -15744.4
0.4306 -15728.5
0.4307 -15712.6
0.4308 -15696.6
0.4309 -15680.7
0.431 -15664.7
0.4311 -15648.8
0.4312 -15632.8
0.4313 -15616.8
0.4314 -15600.8
0.4315 -15584.7
0.4316 -15568.7
0.4317 -15552.7
0.4318 -15536.6
0.4319 -15520.5
0.432 -15504.4
0.4321 -15488.3
0.4322 -15472.2
0.4323 -15456.1
0.4324 -15440
0.4325 -15423.8
0.4326 -15407.6
0.4327 -15391.5
0.4328 -15375.3
0.4329 -15359.1
0.433 -15342.9
0.4331 -15326.6
0.4332 -15310.4
0.4333 -15294.2
0.4334 -15277.9
0.4335 -15261.6
0.4336 -15245.3
0.4337 -15229
0.4338 -15212.7
0.4339 -15196.4
0.434 -15180
0.4341 -15163.7
0.4342 -15147.3
0.4343 -15131
0.4344 -15114.6
0.4345 -15098.2
0.4346 -15081.8
0.4347 -15065.3
0.4348 -15048.9
0.4349 -15032.4
0.435 -15016
0.4351 -14999.5
0.4352 -14983
0.4353 -14966.5
0.4354 -14950
0.4355 -14933.5
0.4356 -14917
0.4357 -14900.4
0.4358 -14883.8
0.4359 -14867.3
0.436 -14850.7
0.4361 -14834.1
0.4362 -14817.5
0.4363 -14800.9
0.4364 -14784.2
0.4365 -14767.6
0.4366 -14750.9
0.4367 -14734.3
0.4368 -14717.6
0.4369 -14700.9
0.437 -14684.2
0.4371 -14667.5
0.4372 -14650.7
0.4373 -14634
0.4374 -14617.2
0.4375 -14600.5
0.4376 -14583.7
0.4377 -14566.9
0.4378 -14550.1
0.4379 -14533.3
0.438 -14516.5
0.4381 -14499.6
0.4382 -14482.8
0.4383 -14465.9
0.4384 -14449.1
0.4385 -14432.2
0.4386 -14415.3
0.4387 -14398.4
0.4388 -14381.5
0.4389 -14364.5
0.439 -14347.6
0.4391 -14330.6
0.4392 -14313.7
0.4393 -14296.7
0.4394 -14279.7
0.4395 -14262.7
0.4396 -14245.7
0.4397 -14228.7
0.4398 -14211.6
0.4399 -14194.6
0.44 -14177.5
0.4401 -14160.5
0.4402 -14143.4
0.4403 -14126.3
0.4404 -14109.2
0.4405 -14092.1
0.4406 -14074.9
0.4407 -14057.8
0.4408 -14040.7
0.4409 -14023.5
0.441 -14006.3
0.4411 -13989.1
0.4412 -13971.9
0.4413 -13954.7
0.4414 -13937.5
0.4415 -13920.3
0.4416 -13903
0.4417 -13885.8
0.4418 -13868.5
0.4419 -13851.2
0.442 -13834
0.4421 -13816.7
0.4422 -13799.3
0.4423 -13782
0.4424 -13764.7
0.4425 -13747.4
0.4426 -13730
0.4427 -13712.6
0.4428 -13695.3
0.4429 -13677.9
0.443 -13660.5
0.4431 -13643.1
0.4432 -13625.6
0.4433 -13608.2
0.4434 -13590.8
0.4435 -13573.3
0.4436 -13555.8
0.4437 -13538.4
0.4438 -13520.9
0.4439 -13503.4
0.444 -13485.9
0.4441 -13468.3
0.4442 -13450.8
0.4443 -13433.3
0.4444 -13415.7
0.4445 -13398.1
0.4446 -13380.6
0.4447 -13363
0.4448 -13345.4
0.4449 -13327.8
0.445 -13310.1
0.4451 -13292.5
0.4452 -13274.9
0.4453 -13257.2
0.4454 -13239.6
0.4455 -13221.9
0.4456 -13204.2
0.4457 -13186.5
0.4458 -13168.8
0.4459 -13151.1
0.446 -13133.4
0.4461 -13115.6
0.4462 -13097.9
0.4463 -13080.1
0.4464 -13062.3
0.4465 -13044.5
0.4466 -13026.8
0.4467 -13009
0.4468 -12991.1
0.4469 -12973.3
0.447 -12955.5
0.4471 -12937.6
0.4472 -12919.8
0.4473 -12901.9
0.4474 -12884
0.4475 -12866.1
0.4476 -12848.3
0.4477 -12830.3
0.4478 -12812.4
0.4479 -12794.5
0.448 -12776.6
0.4481 -12758.6
0.4482 -12740.6
0.4483 -12722.7
0.4484 -12704.7
0.4485 -12686.7
0.4486 -12668.7
0.4487 -12650.7
0.4488 -12632.7
0.4489 -12614.6
0.449 -12596.6
0.4491 -12578.5
0.4492 -12560.5
0.4493 -12542.4
0.4494 -12524.3
0.4495 -12506.2
0.4496 -12488.1
0.4497 -12470
0.4498 -12451.9
0.4499 -12433.7
0.45 -12415.6
0.4501 -12397.4
0.4502 -12379.3
0.4503 -12361.1
0.4504 -12342.9
0.4505 -12324.7
0.4506 -12306.5
0.4507 -12288.3
0.4508 -12270.1
0.4509 -12251.8
0.451 -12233.6
0.4511 -12215.3
0.4512 -12197
0.4513 -12178.8
0.4514 -12160.5
0.4515 -12142.2
0.4516 -12123.9
0.4517 -12105.6
0.4518 -12087.2
0.4519 -12068.9
0.452 -12050.6
0.4521 -12032.2
0.4522 -12013.8
0.4523 -11995.5
0.4524 -11977.1
0.4525 -11958.7
0.4526 -11940.3
0.4527 -11921.9
0.4528 -11903.4
0.4529 -11885
0.453 -11866.6
0.4531 -11848.1
0.4532 -11829.6
0.4533 -11811.2
0.4534 -11792.7
0.4535 -11774.2
0.4536 -11755.7
0.4537 -11737.2
0.4538 -11718.7
0.4539 -11700.1
0.454 -11681.6
0.4541 -11663
0.4542 -11644.5
0.4543 -11625.9
0.4544 -11607.3
0.4545 -11588.7
0.4546 -11570.1
0.4547 -11551.5
0.4548 -11532.9
0.4549 -11514.3
0.455 -11495.7
0.4551 -11477
0.4552 -11458.4
0.4553 -11439.7
0.4554 -11421
0.4555 -11402.4
0.4556 -11383.7
0.4557 -11365
0.4558 -11346.3
0.4559 -11327.5
0.456 -11308.8
0.4561 -11290.1
0.4562 -11271.3
0.4563 -11252.6
0.4564 -11233.8
0.4565 -11215
0.4566 -11196.2
0.4567 -11177.5
0.4568 -11158.7
0.4569 -11139.8
0.457 -11121
0.4571 -11102.2
0.4572 -11083.4
0.4573 -11064.5
0.4574 -11045.7
0.4575 -11026.8
0.4576 -11007.9
0.4577 -10989
0.4578 -10970.1
0.4579 -10951.2
0.458 -10932.3
0.4581 -10913.4
0.4582 -10894.5
0.4583 -10875.5
0.4584 -10856.6
0.4585 -10837.6
0.4586 -10818.7
0.4587 -10799.7
0.4588 -10780.7
0.4589 -10761.7
0.459 -10742.7
0.4591 -10723.7
0.4592 -10704.7
0.4593 -10685.7
0.4594 -10666.7
0.4595 -10647.6
0.4596 -10628.6
0.4597 -10609.5
0.4598 -10590.4
0.4599 -10571.4
0.46 -10552.3
0.4601 -10533.2
0.4602 -10514.1
0.4603 -10495
0.4604 -10475.8
0.4605 -10456.7
0.4606 -10437.6
0.4607 -10418.4
0.4608 -10399.3
0.4609 -10380.1
0.461 -10361
0.4611 -10341.8
0.4612 -10322.6
0.4613 -10303.4
0.4614 -10284.2
0.4615 -10265
0.4616 -10245.7
0.4617 -10226.5
0.4618 -10207.3
0.4619 -10188
0.462 -10168.8
0.4621 -10149.5
0.4622 -10130.2
0.4623 -10111
0.4624 -10091.7
0.4625 -10072.4
0.4626 -10053.1
0.4627 -10033.8
0.4628 -10014.4
0.4629 -9995.11
0.463 -9975.78
0.4631 -9956.43
0.4632 -9937.08
0.4633 -9917.72
0.4634 -9898.35
0.4635 -9878.97
0.4636 -9859.58
0.4637 -9840.19
0.4638 -9820.79
0.4639 -9801.38
0.464 -9781.96
0.4641 -9762.53
0.4642 -9743.1
0.4643 -9723.66
0.4644 -9704.21
0.4645 -9684.75
0.4646 -9665.28
0.4647 -9645.81
0.4648 -9626.33
0.4649 -9606.84
0.465 -9587.34
0.4651 -9567.84
0.4652 -9548.33
0.4653 -9528.8
0.4654 -9509.28
0.4655 -9489.74
0.4656 -9470.2
0.4657 -9450.64
0.4658 -9431.08
0.4659 -9411.52
0.466 -9391.94
0.4661 -9372.36
0.4662 -9352.77
0.4663 -9333.17
0.4664 -9313.57
0.4665 -9293.95
0.4666 -9274.33
0.4667 -9254.71
0.4668 -9235.07
0.4669 -9215.43
0.467 -9195.78
0.4671 -9176.12
0.4672 -9156.45
0.4673 -9136.78
0.4674 -9117.1
0.4675 -9097.41
0.4676 -9077.71
0.4677 -9058.01
0.4678 -9038.3
0.4679 -9018.58
0.468 -8998.86
0.4681 -8979.12
0.4682 -8959.39
0.4683 -8939.64
0.4684 -8919.88
0.4685 -8900.12
0.4686 -8880.35
0.4687 -8860.58
0.4688 -8840.79
0.4689 -8821
0.469 -8801.2
0.4691 -8781.4
0.4692 -8761.59
0.4693 -8741.77
0.4694 -8721.94
0.4695 -8702.11
0.4696 -8682.27
0.4697 -8662.42
0.4698 -8642.56
0.4699 -8622.7
0.47 -8602.83
0.4701 -8582.96
0.4702 -8563.07
0.4703 -8543.18
0.4704 -8523.28
0.4705 -8503.38
0.4706 -8483.47
0.4707 -8463.55
0.4708 -8443.63
0.4709 -8423.69
0.471 -8403.76
0.4711 -8383.81
0.4712 -8363.86
0.4713 -8343.9
0.4714 -8323.93
0.4715 -8303.96
0.4716 -8283.98
0.4717 -8263.99
0.4718 -8244
0.4719 -8224
0.472 -8203.99
0.4721 -8183.98
0.4722 -8163.96
0.4723 -8143.93
0.4724 -8123.9
0.4725 -8103.86
0.4726 -8083.81
0.4727 -8063.76
0.4728 -8043.7
0.4729 -8023.64
0.473 -8003.56
0.4731 -7983.48
0.4732 -7963.4
0.4733 -7943.3
0.4734 -7923.21
0.4735 -7903.1
0.4736 -7882.99
0.4737 -7862.87
0.4738 -7842.75
0.4739 -7822.61
0.474 -7802.48
0.4741 -7782.33
0.4742 -7762.18
0.4743 -7742.03
0.4744 -7721.86
0.4745 -7701.69
0.4746 -7681.52
0.4747 -7661.34
0.4748 -7641.15
0.4749 -7620.95
0.475 -7600.75
0.4751 -7580.55
0.4752 -7560.33
0.4753 -7540.11
0.4754 -7519.89
0.4755 -7499.66
0.4756 -7479.42
0.4757 -7459.18
0.4758 -7438.93
0.4759 -7418.67
0.476 -7398.41
0.4761 -7378.14
0.4762 -7357.87
0.4763 -7337.59
0.4764 -7317.3
0.4765 -7297.01
0.4766 -7276.71
0.4767 -7256.41
0.4768 -7236.1
0.4769 -7215.78
0.477 -7195.46
0.4771 -7175.13
0.4772 -7154.8
0.4773 -7134.46
0.4774 -7114.12
0.4775 -7093.76
0.4776 -7073.41
0.4777 -7053.05
0.4778 -7032.68
0.4779 -7012.3
0.478 -6991.92
0.4781 -6971.54
0.4782 -6951.15
0.4783 -6930.75
0.4784 -6910.35
0.4785 -6889.94
0.4786 -6869.53
0.4787 -6849.11
0.4788 -6828.68
0.4789 -6808.25
0.479 -6787.82
0.4791 -6767.37
0.4792 -6746.93
0.4793 -6726.48
0.4794 -6706.02
0.4795 -6685.55
0.4796 -6665.08
0.4797 -6644.61
0.4798 -6624.13
0.4799 -6603.64
0.48 -6583.15
0.4801 -6562.66
0.4802 -6542.16
0.4803 -6521.65
0.4804 -6501.14
0.4805 -6480.62
0.4806 -6460.1
0.4807 -6439.57
0.4808 -6419.04
0.4809 -6398.5
0.481 -6377.95
0.4811 -6357.41
0.4812 -6336.85
0.4813 -6316.29
0.4814 -6295.73
0.4815 -6275.16
0.4816 -6254.58
0.4817 -6234
0.4818 -6213.42
0.4819 -6192.83
0.482 -6172.23
0.4821 -6151.63
0.4822 -6131.03
0.4823 -6110.42
0.4824 -6089.8
0.4825 -6069.18
0.4826 -6048.56
0.4827 -6027.93
0.4828 -6007.29
0.4829 -5986.65
0.483 -5966.01
0.4831 -5945.36
0.4832 -5924.7
0.4833 -5904.04
0.4834 -5883.38
0.4835 -5862.71
0.4836 -5842.04
0.4837 -5821.36
0.4838 -5800.68
0.4839 -5779.99
0.484 -5759.3
0.4841 -5738.6
0.4842 -5717.9
0.4843 -5697.19
0.4844 -5676.48
0.4845 -5655.76
0.4846 -5635.04
0.4847 -5614.32
0.4848 -5593.59
0.4849 -5572.85
0.485 -5552.11
0.4851 -5531.37
0.4852 -5510.62
0.4853 -5489.87
0.4854 -5469.11
0.4855 -5448.35
0.4856 -5427.58
0.4857 -5406.81
0.4858 -5386.04
0.4859 -5365.26
0.486 -5344.48
0.4861 -5323.69
0.4862 -5302.9
0.4863 -5282.1
0.4864 -5261.3
0.4865 -5240.49
0.4866 -5219.68
0.4867 -5198.87
0.4868 -5178.05
0.4869 -5157.23
0.487 -5136.4
0.4871 -5115.57
0.4872 -5094.74
0.4873 -5073.9
0.4874 -5053.05
0.4875 -5032.21
0.4876 -5011.36
0.4877 -4990.5
0.4878 -4969.64
0.4879 -4948.78
0.488 -4927.91
0.4881 -4907.04
0.4882 -4886.16
0.4883 -4865.28
0.4884 -4844.4
0.4885 -4823.51
0.4886 -4802.62
0.4887 -4781.72
0.4888 -4760.82
0.4889 -4739.92
0.489 -4719.01
0.4891 -4698.1
0.4892 -4677.19
0.4893 -4656.27
0.4894 -4635.35
0.4895 -4614.42
0.4896 -4593.49
0.4897 -4572.56
0.4898 -4551.62
0.4899 -4530.68
0.49 -4509.73
0.4901 -4488.78
0.4902 -4467.83
0.4903 -4446.88
0.4904 -4425.92
0.4905 -4404.95
0.4906 -4383.99
0.4907 -4363.02
0.4908 -4342.04
0.4909 -4321.06
0.491 -4300.08
0.4911 -4279.1
0.4912 -4258.11
0.4913 -4237.12
0.4914 -4216.12
0.4915 -4195.12
0.4916 -4174.12
0.4917 -4153.12
0.4918 -4132.11
0.4919 -4111.1
0.492 -4090.08
0.4921 -4069.06
0.4922 -4048.04
0.4923 -4027.02
0.4924 -4005.99
0.4925 -3984.95
0.4926 -3963.92
0.4927 -3942.88
0.4928 -3921.84
0.4929 -3900.79
0.493 -3879.75
0.4931 -3858.7
0.4932 -3837.64
0.4933 -3816.58
0.4934 -3795.52
0.4935 -3774.46
0.4936 -3753.39
0.4937 -3732.32
0.4938 -3711.25
0.4939 -3690.17
0.494 -3669.09
0.4941 -3648.01
0.4942 -3626.93
0.4943 -3605.84
0.4944 -3584.75
0.4945 -3563.66
0.4946 -3542.56
0.4947 -3521.46
0.4948 -3500.36
0.4949 -3479.25
0.495 -3458.14
0.4951 -3437.03
0.4952 -3415.92
0.4953 -3394.8
0.4954 -3373.68
0.4955 -3352.56
0.4956 -3331.44
0.4957 -3310.31
0.4958 -3289.18
0.4959 -3268.04
0.496 -3246.91
0.4961 -3225.77
0.4962 -3204.63
0.4963 -3183.49
0.4964 -3162.34
0.4965 -3141.19
0.4966 -3120.04
0.4967 -3098.89
0.4968 -3077.73
0.4969 -3056.57
0.497 -3035.41
0.4971 -3014.25
0.4972 -2993.08
0.4973 -2971.91
0.4974 -2950.74
0.4975 -2929.57
0.4976 -2908.39
0.4977 -2887.21
0.4978 -2866.03
0.4979 -2844.85
0.498 -2823.66
0.4981 -2802.47
0.4982 -2781.28
0.4983 -2760.09
0.4984 -2738.9
0.4985 -2717.7
0.4986 -2696.5
0.4987 -2675.3
0.4988 -2654.1
0.4989 -2632.89
0.499 -2611.68
0.4991 -2590.47
0.4992 -2569.26
0.4993 -2548.05
0.4994 -2526.83
0.4995 -2505.61
0.4996 -2484.39
0.4997 -2463.17
0.4998 -2441.95
0.4999 -2420.72
0.5 -2399.49
0.5001 -2378.26
0.5002 -2357.03
0.5003 -2335.8
0.5004 -2314.56
0.5005 -2293.32
0.5006 -2272.08
0.5007 -2250.84
0.5008 -2229.6
0.5009 -2208.35
0.501 -2187.1
0.5011 -2165.86
0.5012 -2144.6
0.5013 -2123.35
0.5014 -2102.1
0.5015 -2080.84
0.5016 -2059.58
0.5017 -2038.33
0.5018 -2017.06
0.5019 -1995.8
0.502 -1974.54
0.5021 -1953.27
0.5022 -1932
0.5023 -1910.74
0.5024 -1889.47
0.5025 -1868.19
0.5026 -1846.92
0.5027 -1825.64
0.5028 -1804.37
0.5029 -1783.09
0.503 -1761.81
0.5031 -1740.53
0.5032 -1719.25
0.5033 -1697.96
0.5034 -1676.68
0.5035 -1655.39
0.5036 -1634.1
0.5037 -1612.81
0.5038 -1591.52
0.5039 -1570.23
0.504 -1548.94
0.5041 -1527.64
0.5042 -1506.35
0.5043 -1485.05
0.5044 -1463.75
0.5045 -1442.45
0.5046 -1421.15
0.5047 -1399.85
0.5048 -1378.55
0.5049 -1357.25
0.505 -1335.94
0.5051 -1314.63
0.5052 -1293.33
0.5053 -1272.02
0.5054 -1250.71
0.5055 -1229.4
0.5056 -1208.09
0.5057 -1186.78
0.5058 -1165.46
0.5059 -1144.15
0.506 -1122.83
0.5061 -1101.52
0.5062 -1080.2
0.5063 -1058.88
0.5064 -1037.56
0.5065 -1016.24
0.5066 -994.924
0.5067 -973.602
0.5068 -952.28
0.5069 -930.958
0.507 -909.634
0.5071 -888.31
0.5072 -866.985
0.5073 -845.659
0.5074 -824.333
0.5075 -803.006
0.5076 -781.678
0.5077 -760.35
0.5078 -739.021
0.5079 -717.691
0.508 -696.361
0.5081 -675.03
0.5082 -653.699
0.5083 -632.367
0.5084 -611.035
0.5085 -589.702
0.5086 -568.368
0.5087 -547.035
0.5088 -525.7
0.5089 -504.366
0.509 -483.031
0.5091 -461.695
0.5092 -440.359
0.5093 -419.023
0.5094 -397.686
0.5095 -376.35
0.5096 -355.012
0.5097 -333.675
0.5098 -312.337
0.5099 -290.999
0.51 -269.661
0.5101 -248.322
0.5102 -226.984
0.5103 -205.645
0.5104 -184.306
0.5105 -162.967
0.5106 -141.627
0.5107 -120.288
0.5108 -98.9485
0.5109 -77.6089
0.511 -56.2692
0.5111 -34.9295
0.5112 -13.5898
0.5113 7.74996
0.5114 29.0897
0.5115 50.4294
0.5116 71.7691
0.5117 93.1087
0.5118 114.448
0.5119 135.788
0.512 157.127
0.5121 178.466
0.5122 199.805
0.5123 221.144
0.5124 242.483
0.5125 263.821
0.5126 285.16
0.5127 306.498
0.5128 327.836
0.5129 349.173
0.513 370.511
0.5131 391.847
0.5132 413.184
0.5133 434.52
0.5134 455.856
0.5135 477.192
0.5136 498.527
0.5137 519.862
0.5138 541.196
0.5139 562.53
0.514 583.864
0.5141 605.197
0.5142 626.529
0.5143 647.861
0.5144 669.193
0.5145 690.523
0.5146 711.854
0.5147 733.184
0.5148 754.513
0.5149 775.841
0.515 797.169
0.5151 818.496
0.5152 839.823
0.5153 861.149
0.5154 882.474
0.5155 903.799
0.5156 925.122
0.5157 946.445
0.5158 967.768
0.5159 989.089
0.516 1010.41
0.5161 1031.73
0.5162 1053.05
0.5163 1074.37
0.5164 1095.68
0.5165 1117
0.5166 1138.32
0.5167 1159.63
0.5168 1180.94
0.5169 1202.26
0.517 1223.57
0.5171 1244.88
0.5172 1266.19
0.5173 1287.5
0.5174 1308.8
0.5175 1330.11
0.5176 1351.42
0.5177 1372.72
0.5178 1394.02
0.5179 1415.32
0.518 1436.63
0.5181 1457.92
0.5182 1479.22
0.5183 1500.52
0.5184 1521.82
0.5185 1543.11
0.5186 1564.4
0.5187 1585.7
0.5188 1606.99
0.5189 1628.28
0.519 1649.57
0.5191 1670.85
0.5192 1692.14
0.5193 1713.42
0.5194 1734.71
0.5195 1755.99
0.5196 1777.27
0.5197 1798.54
0.5198 1819.82
0.5199 1841.1
0.52 1862.37
0.5201 1883.64
0.5202 1904.91
0.5203 1926.18
0.5204 1947.45
0.5205 1968.72
0.5206 1989.98
0.5207 2011.25
0.5208 2032.51
0.5209 2053.77
0.521 2075.02
0.5211 2096.28
0.5212 2117.54
0.5213 2138.79
0.5214 2160.04
0.5215 2181.29
0.5216 2202.54
0.5217 2223.78
0.5218 2245.03
0.5219 2266.27
0.522 2287.51
0.5221 2308.75
0.5222 2329.98
0.5223 2351.22
0.5224 2372.45
0.5225 2393.68
0.5226 2414.91
0.5227 2436.14
0.5228 2457.36
0.5229 2478.59
0.523 2499.81
0.5231 2521.02
0.5232 2542.24
0.5233 2563.46
0.5234 2584.67
0.5235 2605.88
0.5236 2627.09
0.5237 2648.29
0.5238 2669.5
0.5239 2690.7
0.524 2711.9
0.5241 80084.7
0.5242 255316
0.5243 485461
0.5244 754686
0.5245 1.05092e+006
0.5246 1.36299e+006
0.5247 1.67983e+006
0.5248 1.99036e+006
0.5249 2.28365e+006
0.525 2.54921e+006
0.5251 2.77738e+006
0.5252 2.95973e+006
0.5253 3.08939e+006
0.5254 3.16146e+006
0.5255 3.17318e+006
0.5256 3.1241e+006
0.5257 3.0161e+006
0.5258 2.85328e+006
0.5259 2.6418e+006
0.526 2.38952e+006
0.5261 2.10569e+006
0.5262 1.80051e+006
0.5263 1.48479e+006
0.5264 1.16958e+006
0.5265 865954
0.5266 345042
0.5267 -2.40655e+006
0.5268 -6.43296e+006
0.5269 -1.11696e+007
0.527 -1.62058e+007
0.5271 -2.1197e+007
0.5272 -2.57923e+007
0.5273 -2.95933e+007
0.5274 -3.21586e+007
0.5275 -3.31576e+007
0.5276 -3.23642e+007
0.5277 -2.96941e+007
0.5278 -2.52249e+007
0.5279 -1.91992e+007
0.528 -1.20066e+007
0.5281 -4.15e+006
0.5282 3.80368e+006
0.5283 1.12782e+007
0.5284 1.77417e+007
0.5285 2.27475e+007
0.5286 2.5941e+007
0.5287 2.68449e+007
0.5288 2.61313e+007
0.5289 2.44273e+007
0.529 2.1864e+007
0.5291 1.86347e+007
0.5292 1.49779e+007
0.5293 1.11571e+007
0.5294 7.44439e+006
0.5295 4.11304e+006
0.5296 1.45824e+006
0.5297 5987.23
0.5298 6018.77
0.5299 6050.31
0.53 6081.85
0.5301 6113.38
0.5302 6144.91
0.5303 6176.43
0.5304 6207.95
0.5305 6239.46
0.5306 6270.97
0.5307 6302.47
0.5308 6333.97
0.5309 6365.46
0.531 6396.94
0.5311 6428.43
0.5312 6459.9
0.5313 6491.37
0.5314 6522.84
0.5315 6554.3
0.5316 6585.75
0.5317 6617.2
0.5318 6648.64
0.5319 6680.08
0.532 6711.52
0.5321 6742.94
0.5322 6774.36
0.5323 6805.78
0.5324 6837.19
0.5325 6868.6
0.5326 6900
0.5327 6931.39
0.5328 6962.78
0.5329 6994.16
0.533 7025.54
0.5331 7056.91
0.5332 7088.27
0.5333 7119.63
0.5334 7150.99
0.5335 7182.33
0.5336 7213.68
0.5337 7245.01
0.5338 7276.34
0.5339 7307.67
0.534 7338.98
0.5341 7370.3
0.5342 7401.6
0.5343 7432.9
0.5344 7464.2
0.5345 7495.49
0.5346 7526.77
0.5347 7558.04
0.5348 7589.31
0.5349 7620.58
0.535 7651.83
0.5351 7683.08
0.5352 7714.33
0.5353 7745.57
0.5354 7776.8
0.5355 7808.02
0.5356 7839.24
0.5357 7870.46
0.5358 7901.66
0.5359 7932.86
0.536 7964.05
0.5361 7995.24
0.5362 8026.42
0.5363 8057.6
0.5364 8088.76
0.5365 8119.92
0.5366 8151.08
0.5367 8182.22
0.5368 8213.37
0.5369 8244.5
0.537 8275.63
0.5371 8306.75
0.5372 8337.86
0.5373 8368.97
0.5374 8400.07
0.5375 8431.16
0.5376 8462.25
0.5377 8493.33
0.5378 8524.4
0.5379 8555.46
0.538 8586.52
0.5381 8617.57
0.5382 8648.62
0.5383 8679.65
0.5384 8710.68
0.5385 8741.71
0.5386 8772.72
0.5387 8803.73
0.5388 8834.73
0.5389 8865.73
0.539 8896.71
0.5391 8927.69
0.5392 8958.67
0.5393 8989.63
0.5394 9020.59
0.5395 9051.54
0.5396 9082.48
0.5397 9113.42
0.5398 9144.35
0.5399 9175.27
0.54 9206.18
0.5401 9237.09
0.5402 9267.98
0.5403 9298.87
0.5404 9329.76
0.5405 9360.63
0.5406 9391.5
0.5407 9422.36
0.5408 9453.21
0.5409 9484.06
0.541 9514.89
0.5411 9545.72
0.5412 9576.54
0.5413 9607.36
0.5414 9638.16
0.5415 9668.96
0.5416 9699.75
0.5417 9730.53
0.5418 9761.31
0.5419 9792.07
0.542 9822.83
0.5421 9853.58
0.5422 9884.32
0.5423 9915.06
0.5424 9945.78
0.5425 9976.5
0.5426 10007.2
0.5427 10037.9
0.5428 10068.6
0.5429 10099.3
0.543 10130
0.5431 10160.6
0.5432 10191.3
0.5433 10221.9
0.5434 10252.6
0.5435 10283.2
0.5436 10313.8
0.5437 10344.5
0.5438 10375.1
0.5439 10405.7
0.544 10436.3
0.5441 10466.9
0.5442 10497.4
0.5443 10528
0.5444 10558.6
0.5445 10589.1
0.5446 10619.6
0.5447 10650.2
0.5448 10680.7
0.5449 10711.2
0.545 10741.7
0.5451 10772.2
0.5452 10802.7
0.5453 10833.2
0.5454 10863.7
0.5455 10894.1
0.5456 10924.6
0.5457 10955
0.5458 10985.5
0.5459 11015.9
0.546 11046.3
0.5461 11076.7
0.5462 11107.1
0.5463 11137.5
0.5464 11167.9
0.5465 11198.2
0.5466 11228.6
0.5467 11259
0.5468 11289.3
0.5469 11319.6
0.547 11350
0.5471 11380.3
0.5472 11410.6
0.5473 11440.9
0.5474 11471.2
0.5475 11501.5
0.5476 11531.7
0.5477 11562
0.5478 11592.2
0.5479 11622.5
0.548 11652.7
0.5481 11682.9
0.5482 11713.1
0.5483 11743.3
0.5484 11773.5
0.5485 11803.7
0.5486 11833.9
0.5487 11864.1
0.5488 11894.2
0.5489 11924.4
0.549 11954.5
0.5491 11984.6
0.5492 12014.7
0.5493 12044.8
0.5494 12074.9
0.5495 12105
0.5496 12135.1
0.5497 12165.2
0.5498 12195.2
0.5499 12225.3
0.55 12255.3
0.5501 12285.3
0.5502 12315.4
0.5503 12345.4
0.5504 12375.4
0.5505 12405.3
0.5506 12435.3
0.5507 12465.3
0.5508 12495.2
0.5509 12525.2
0.551 12555.1
0.5511 12585.1
0.5512 12615
0.5513 12644.9
0.5514 12674.8
0.5515 12704.7
0.5516 12734.5
0.5517 12764.4
0.5518 12794.2
0.5519 12824.1
0.552 12853.9
0.5521 12883.7
0.5522 12913.5
0.5523 12943.3
0.5524 12973.1
0.5525 13002.9
0.5526 13032.7
0.5527 13062.4
0.5528 13092.2
0.5529 13121.9
0.553 13151.7
0.5531 13181.4
0.5532 13211.1
0.5533 13240.8
0.5534 13270.4
0.5535 13300.1
0.5536 13329.8
0.5537 13359.4
0.5538 13389.1
0.5539 13418.7
0.554 13448.3
0.5541 13477.9
0.5542 13507.5
0.5543 13537.1
0.5544 13566.7
0.5545 13596.2
0.5546 13625.8
0.5547 13655.3
0.5548 13684.9
0.5549 13714.4
0.555 13743.9
0.5551 13773.4
0.5552 13802.9
0.5553 13832.3
0.5554 13861.8
0.5555 13891.2
0.5556 13920.7
0.5557 13950.1
0.5558 13979.5
0.5559 14008.9
0.556 14038.3
0.5561 14067.7
0.5562 14097.1
0.5563 14126.4
0.5564 14155.8
0.5565 14185.1
0.5566 14214.4
0.5567 14243.7
0.5568 14273
0.5569 14302.3
0.557 14331.6
0.5571 14360.9
0.5572 14390.1
0.5573 14419.4
0.5574 14448.6
0.5575 14477.8
0.5576 14507
0.5577 14536.2
0.5578 14565.4
0.5579 14594.6
0.558 14623.7
0.5581 14652.9
0.5582 14682
0.5583 14711.1
0.5584 14740.2
0.5585 14769.3
0.5586 14798.4
0.5587 14827.5
0.5588 14856.6
0.5589 14885.6
0.559 14914.7
0.5591 14943.7
0.5592 14972.7
0.5593 15001.7
0.5594 15030.7
0.5595 15059.7
0.5596 15088.6
0.5597 15117.6
0.5598 15146.5
0.5599 15175.4
0.56 15204.4
0.5601 15233.3
0.5602 15262.2
0.5603 15291
0.5604 15319.9
0.5605 15348.7
0.5606 15377.6
0.5607 15406.4
0.5608 15435.2
0.5609 15464
0.561 15492.8
0.5611 15521.6
0.5612 15550.4
0.5613 15579.1
0.5614 15607.9
0.5615 15636.6
0.5616 15665.3
0.5617 15694
0.5618 15722.7
0.5619 15751.4
0.562 15780
0.5621 15808.7
0.5622 15837.3
0.5623 15865.9
0.5624 15894.5
0.5625 15923.1
0.5626 15951.7
0.5627 15980.3
0.5628 16008.9
0.5629 16037.4
0.563 16065.9
0.5631 16094.5
0.5632 16123
0.5633 16151.4
0.5634 16179.9
0.5635 16208.4
0.5636 16236.8
0.5637 16265.3
0.5638 16293.7
0.5639 16322.1
0.564 16350.5
0.5641 16378.9
0.5642 16407.3
0.5643 16435.6
0.5644 16464
0.5645 16492.3
0.5646 16520.6
0.5647 16549
0.5648 16577.2
0.5649 16605.5
0.565 16633.8
0.5651 16662
0.5652 16690.3
0.5653 16718.5
0.5654 16746.7
0.5655 16774.9
0.5656 16803.1
0.5657 16831.3
0.5658 16859.4
0.5659 16887.6
0.566 16915.7
0.5661 16943.8
0.5662 16971.9
0.5663 17000
0.5664 17028.1
0.5665 17056.1
0.5666 17084.2
0.5667 17112.2
0.5668 17140.2
0.5669 17168.2
0.567 17196.2
0.5671 17224.2
0.5672 17252.1
0.5673 17280.1
0.5674 17308
0.5675 17335.9
0.5676 17363.8
0.5677 17391.7
0.5678 17419.6
0.5679 17447.5
0.568 17475.3
0.5681 17503.2
0.5682 17531
0.5683 17558.8
0.5684 17586.6
0.5685 17614.3
0.5686 17642.1
0.5687 17669.9
0.5688 17697.6
0.5689 17725.3
0.569 17753
0.5691 17780.7
0.5692 17808.4
0.5693 17836
0.5694 17863.7
0.5695 17891.3
0.5696 17918.9
0.5697 17946.5
0.5698 17974.1
0.5699 18001.7
0.57 18029.2
0.5701 18056.8
0.5702 18084.3
0.5703 18111.8
0.5704 18139.3
0.5705 18166.8
0.5706 18194.3
0.5707 18221.7
0.5708 18249.2
0.5709 18276.6
0.571 18304
0.5711 18331.4
0.5712 18358.8
0.5713 18386.1
0.5714 18413.5
0.5715 18440.8
0.5716 18468.1
0.5717 18495.4
0.5718 18522.7
0.5719 18550
0.572 18577.3
0.5721 18604.5
0.5722 18631.7
0.5723 18659
0.5724 18686.1
0.5725 18713.3
0.5726 18740.5
0.5727 18767.7
0.5728 18794.8
0.5729 18821.9
0.573 18849
0.5731 18876.1
0.5732 18903.2
0.5733 18930.2
0.5734 18957.3
0.5735 18984.3
0.5736 19011.3
0.5737 19038.3
0.5738 19065.3
0.5739 19092.3
0.574 19119.2
0.5741 19146.2
0.5742 19173.1
0.5743 19200
0.5744 19226.9
0.5745 19253.7
0.5746 19280.6
0.5747 19307.4
0.5748 19334.3
0.5749 19361.1
0.575 19387.9
0.5751 19414.6
0.5752 19441.4
0.5753 19468.2
0.5754 19494.9
0.5755 19521.6
0.5756 19548.3
0.5757 19575
0.5758 19601.6
0.5759 19628.3
0.576 19654.9
0.5761 19681.5
0.5762 19708.1
0.5763 19734.7
0.5764 19761.3
0.5765 19787.9
0.5766 19814.4
0.5767 19840.9
0.5768 19867.4
0.5769 19893.9
0.577 19920.4
0.5771 19946.8
0.5772 19973.3
0.5773 19999.7
0.5774 20026.1
0.5775 20052.5
0.5776 20078.9
0.5777 20105.2
0.5778 20131.6
0.5779 20157.9
0.578 20184.2
0.5781 20210.5
0.5782 20236.8
0.5783 20263
0.5784 20289.3
0.5785 20315.5
0.5786 20341.7
0.5787 20367.9
0.5788 20394.1
0.5789 20420.2
0.579 20446.4
0.5791 20472.5
0.5792 20498.6
0.5793 20524.7
0.5794 20550.8
0.5795 20576.9
0.5796 20602.9
0.5797 20628.9
0.5798 20654.9
0.5799 20680.9
0.58 20706.9
0.5801 20732.9
0.5802 20758.8
0.5803 20784.7
0.5804 20810.6
0.5805 20836.5
0.5806 20862.4
0.5807 20888.2
0.5808 20914.1
0.5809 20939.9
0.581 20965.7
0.5811 20991.5
0.5812 21017.3
0.5813 21043
0.5814 21068.8
0.5815 21094.5
0.5816 21120.2
0.5817 21145.9
0.5818 21171.5
0.5819 21197.2
0.582 21222.8
0.5821 21248.4
0.5822 21274
0.5823 21299.6
0.5824 21325.2
0.5825 21350.7
0.5826 21376.3
0.5827 21401.8
0.5828 21427.3
0.5829 21452.7
0.583 21478.2
0.5831 21503.6
0.5832 21529.1
0.5833 21554.5
0.5834 21579.8
0.5835 21605.2
0.5836 21630.6
0.5837 21655.9
0.5838 21681.2
0.5839 21706.5
0.584 21731.8
0.5841 21757.1
0.5842 21782.3
0.5843 21807.5
0.5844 21832.8
0.5845 21857.9
0.5846 21883.1
0.5847 21908.3
0.5848 21933.4
0.5849 21958.5
0.585 21983.6
0.5851 22008.7
0.5852 22033.8
0.5853 22058.8
0.5854 22083.9
0.5855 22108.9
0.5856 22133.9
0.5857 22158.9
0.5858 22183.8
0.5859 22208.8
0.586 22233.7
0.5861 22258.6
0.5862 22283.5
0.5863 22308.3
0.5864 22333.2
0.5865 22358
0.5866 22382.8
0.5867 22407.6
0.5868 22432.4
0.5869 22457.2
0.587 22481.9
0.5871 22506.6
0.5872 22531.3
0.5873 22556
0.5874 22580.7
0.5875 22605.3
0.5876 22630
0.5877 22654.6
0.5878 22679.2
0.5879 22703.7
0.588 22728.3
0.5881 22752.8
0.5882 22777.4
0.5883 22801.9
0.5884 22826.3
0.5885 22850.8
0.5886 22875.2
0.5887 22899.7
0.5888 22924.1
0.5889 22948.5
0.589 22972.8
0.5891 22997.2
0.5892 23021.5
0.5893 23045.8
0.5894 23070.1
0.5895 23094.4
0.5896 23118.7
0.5897 23142.9
0.5898 23167.1
0.5899 23191.3
0.59 23215.5
0.5901 23239.7
0.5902 23263.8
0.5903 23287.9
0.5904 23312
0.5905 23336.1
0.5906 23360.2
0.5907 23384.2
0.5908 23408.3
0.5909 23432.3
0.591 23456.3
0.5911 23480.2
0.5912 23504.2
0.5913 23528.1
0.5914 23552
0.5915 23575.9
0.5916 23599.8
0.5917 23623.6
0.5918 23647.5
0.5919 23671.3
0.592 23695.1
0.5921 23718.9
0.5922 23742.6
0.5923 23766.4
0.5924 23790.1
0.5925 23813.8
0.5926 23837.5
0.5927 23861.1
0.5928 23884.8
0.5929 23908.4
0.593 23932
0.5931 23955.6
0.5932 23979.2
0.5933 24002.7
0.5934 24026.2
0.5935 24049.7
0.5936 24073.2
0.5937 24096.7
0.5938 24120.1
0.5939 24143.6
0.594 24167
0.5941 24190.3
0.5942 24213.7
0.5943 24237.1
0.5944 24260.4
0.5945 24283.7
0.5946 24307
0.5947 24330.3
0.5948 24353.5
0.5949 24376.7
0.595 24399.9
0.5951 24423.1
0.5952 24446.3
0.5953 24469.4
0.5954 24492.6
0.5955 24515.7
0.5956 24538.8
0.5957 24561.8
0.5958 24584.9
0.5959 24607.9
0.596 24630.9
0.5961 24653.9
0.5962 24676.9
0.5963 24699.8
0.5964 24722.8
0.5965 24745.7
0.5966 24768.6
0.5967 24791.4
0.5968 24814.3
0.5969 24837.1
0.597 24859.9
0.5971 24882.7
0.5972 24905.5
0.5973 24928.2
0.5974 24950.9
0.5975 24973.6
0.5976 24996.3
0.5977 25019
0.5978 25041.6
0.5979 25064.2
0.598 25086.8
0.5981 25109.4
0.5982 25132
0.5983 25154.5
0.5984 25177
0.5985 25199.5
0.5986 25222
0.5987 25244.5
0.5988 25266.9
0.5989 25289.3
0.599 25311.7
0.5991 25334.1
0.5992 25356.5
0.5993 25378.8
0.5994 25401.1
0.5995 25423.4
0.5996 25445.7
0.5997 25467.9
0.5998 25490.2
0.5999 25512.4
0.6 25534.6
0.6001 25556.7
0.6002 25578.9
0.6003 25601
0.6004 25623.1
0.6005 25645.2
0.6006 25667.3
0.6007 25689.3
0.6008 25711.3
0.6009 25733.3
0.601 25755.3
0.6011 25777.3
0.6012 25799.2
0.6013 25821.1
0.6014 25843
0.6015 25864.9
0.6016 25886.7
0.6017 25908.6
0.6018 25930.4
0.6019 25952.2
0.602 25973.9
0.6021 25995.7
0.6022 26017.4
0.6023 26039.1
0.6024 26060.8
0.6025 26082.5
0.6026 26104.1
0.6027 26125.7
0.6028 26147.3
0.6029 26168.9
0.603 26190.5
0.6031 26212
0.6032 26233.5
0.6033 26255
0.6034 26276.5
0.6035 26297.9
0.6036 26319.3
0.6037 26340.7
0.6038 26362.1
0.6039 26383.5
0.604 26404.8
0.6041 26426.2
0.6042 26447.4
0.6043 26468.7
0.6044 26490
0.6045 26511.2
0.6046 26532.4
0.6047 26553.6
0.6048 26574.8
0.6049 26595.9
0.605 26617.1
0.6051 26638.2
0.6052 26659.2
0.6053 26680.3
0.6054 26701.3
0.6055 26722.3
0.6056 26743.3
0.6057 26764.3
0.6058 26785.3
0.6059 26806.2
0.606 26827.1
0.6061 26848
0.6062 26868.8
0.6063 26889.7
0.6064 26910.5
0.6065 26931.3
0.6066 26952.1
0.6067 26972.8
0.6068 26993.6
0.6069 27014.3
0.607 27035
0.6071 27055.6
0.6072 27076.3
0.6073 27096.9
0.6074 27117.5
0.6075 27138.1
0.6076 27158.6
0.6077 27179.1
0.6078 27199.6
0.6079 27220.1
0.608 27240.6
0.6081 27261
0.6082 27281.5
0.6083 27301.9
0.6084 27322.2
0.6085 27342.6
0.6086 27362.9
0.6087 27383.2
0.6088 27403.5
0.6089 27423.8
0.609 27444
0.6091 27464.2
0.6092 27484.4
0.6093 27504.6
0.6094 27524.8
0.6095 27544.9
0.6096 27565
0.6097 27585.1
0.6098 27605.1
0.6099 27625.2
0.61 27645.2
0.6101 27665.2
0.6102 27685.2
0.6103 27705.1
0.6104 27725
0.6105 27744.9
0.6106 27764.8
0.6107 27784.7
0.6108 27804.5
0.6109 27824.3
0.611 27844.1
0.6111 27863.9
0.6112 27883.6
0.6113 27903.4
0.6114 27923.1
0.6115 27942.7
0.6116 27962.4
0.6117 27982
0.6118 28001.6
0.6119 28021.2
0.612 28040.8
0.6121 28060.3
0.6122 28079.8
0.6123 28099.3
0.6124 28118.8
0.6125 28138.2
0.6126 28157.7
0.6127 28177.1
0.6128 28196.4
0.6129 28215.8
0.613 28235.1
0.6131 28254.4
0.6132 28273.7
0.6133 28293
0.6134 28312.2
0.6135 28331.4
0.6136 28350.6
0.6137 28369.8
0.6138 28389
0.6139 28408.1
0.614 28427.2
0.6141 28446.3
0.6142 28465.3
0.6143 28484.3
0.6144 28503.4
0.6145 28522.3
0.6146 28541.3
0.6147 28560.2
0.6148 28579.2
0.6149 28598
0.615 28616.9
0.6151 28635.8
0.6152 28654.6
0.6153 28673.4
0.6154 28692.2
0.6155 28710.9
0.6156 28729.6
0.6157 28748.3
0.6158 28767
0.6159 28785.7
0.616 28804.3
0.6161 28822.9
0.6162 28841.5
0.6163 28860.1
0.6164 28878.6
0.6165 28897.1
0.6166 28915.6
0.6167 28934.1
0.6168 28952.5
0.6169 28970.9
0.617 28989.3
0.6171 29007.7
0.6172 29026.1
0.6173 29044.4
0.6174 29062.7
0.6175 29081
0.6176 29099.2
0.6177 29117.5
0.6178 29135.7
0.6179 29153.9
0.618 29172
0.6181 29190.2
0.6182 29208.3
0.6183 29226.4
0.6184 29244.4
0.6185 29262.5
0.6186 29280.5
0.6187 29298.5
0.6188 29316.4
0.6189 29334.4
0.619 29352.3
0.6191 29370.2
0.6192 29388.1
0.6193 29405.9
0.6194 29423.8
0.6195 29441.6
0.6196 29459.3
0.6197 29477.1
0.6198 29494.8
0.6199 29512.5
0.62 29530.2
0.6201 29547.9
0.6202 29565.5
0.6203 29583.1
0.6204 29600.7
0.6205 29618.2
0.6206 29635.8
0.6207 29653.3
0.6208 29670.8
0.6209 29688.2
0.621 29705.7
0.6211 29723.1
0.6212 29740.5
0.6213 29757.9
0.6214 29775.2
0.6215 29792.5
0.6216 29809.8
0.6217 29827.1
0.6218 29844.3
0.6219 29861.5
0.622 29878.7
0.6221 29895.9
0.6222 29913.1
0.6223 29930.2
0.6224 29947.3
0.6225 29964.4
0.6226 29981.4
0.6227 29998.4
0.6228 30015.4
0.6229 30032.4
0.623 30049.4
0.6231 30066.3
0.6232 30083.2
0.6233 30100.1
0.6234 30116.9
0.6235 30133.8
0.6236 30150.6
0.6237 30167.3
0.6238 30184.1
0.6239 30200.8
0.624 30217.5
0.6241 30234.2
0.6242 30250.9
0.6243 30267.5
0.6244 30284.1
0.6245 30300.7
0.6246 30317.2
0.6247 30333.8
0.6248 30350.3
0.6249 30366.8
0.625 30383.2
0.6251 30399.7
0.6252 30416.1
0.6253 30432.4
0.6254 30448.8
0.6255 30465.1
0.6256 30481.4
0.6257 30497.7
0.6258 30514
0.6259 30530.2
0.626 30546.4
0.6261 30562.6
0.6262 30578.8
0.6263 30594.9
0.6264 30611
0.6265 30627.1
0.6266 30643.2
0.6267 30659.2
0.6268 30675.2
0.6269 30691.2
0.627 30707.2
0.6271 30723.1
0.6272 30739
0.6273 30754.9
0.6274 30770.7
0.6275 30786.6
0.6276 30802.4
0.6277 30818.2
0.6278 30833.9
0.6279 30849.7
0.628 30865.4
0.6281 30881.1
0.6282 30896.7
0.6283 30912.3
0.6284 30927.9
0.6285 30943.5
0.6286 30959.1
0.6287 30974.6
0.6288 30990.1
0.6289 31005.6
0.629 31021.1
0.6291 31036.5
0.6292 31051.9
0.6293 31067.3
0.6294 31082.6
0.6295 31098
0.6296 31113.3
0.6297 31128.5
0.6298 31143.8
0.6299 31159
0.63 31174.2
0.6301 31189.4
0.6302 31204.5
0.6303 31219.7
0.6304 31234.8
0.6305 31249.8
0.6306 31264.9
0.6307 31279.9
0.6308 31294.9
0.6309 31309.9
0.631 31324.8
0.6311 31339.8
0.6312 31354.7
0.6313 31369.5
0.6314 31384.4
0.6315 31399.2
0.6316 31414
0.6317 31428.7
0.6318 31443.5
0.6319 31458.2
0.632 31472.9
0.6321 31487.6
0.6322 31502.2
0.6323 31516.8
0.6324 31531.4
0.6325 31546
0.6326 31560.5
0.6327 31575
0.6328 31589.5
0.6329 31603.9
0.633 31618.4
0.6331 31632.8
0.6332 31647.2
0.6333 31661.5
0.6334 31675.8
0.6335 31690.2
0.6336 31704.4
0.6337 31718.7
0.6338 31732.9
0.6339 31747.1
0.634 31761.3
0.6341 31775.4
0.6342 31789.6
0.6343 31803.6
0.6344 31817.7
0.6345 31831.8
0.6346 31845.8
0.6347 31859.8
0.6348 31873.7
0.6349 31887.7
0.635 31901.6
0.6351 31915.5
0.6352 31929.3
0.6353 31943.2
0.6354 31957
0.6355 31970.8
0.6356 31984.5
0.6357 31998.3
0.6358 32012
0.6359 32025.6
0.636 32039.3
0.6361 32052.9
0.6362 32066.5
0.6363 32080.1
0.6364 32093.6
0.6365 32107.2
0.6366 32120.7
0.6367 32134.1
0.6368 32147.6
0.6369 32161
0.637 32174.4
0.6371 32187.8
0.6372 32201.1
0.6373 32214.4
0.6374 32227.7
0.6375 32241
0.6376 32254.2
0.6377 32267.4
0.6378 32280.6
0.6379 32293.7
0.638 32306.9
0.6381 32320
0.6382 32333
0.6383 32346.1
0.6384 32359.1
0.6385 32372.1
0.6386 32385.1
0.6387 32398
0.6388 32410.9
0.6389 32423.8
0.639 32436.7
0.6391 32449.5
0.6392 32462.3
0.6393 32475.1
0.6394 32487.9
0.6395 32500.6
0.6396 32513.3
0.6397 32526
0.6398 32538.6
0.6399 32551.3
0.64 32563.9
0.6401 32576.4
0.6402 32589
0.6403 32601.5
0.6404 32614
0.6405 32626.4
0.6406 32638.9
0.6407 32651.3
0.6408 32663.7
0.6409 32676
0.641 32688.4
0.6411 32700.7
0.6412 32713
0.6413 32725.2
0.6414 32737.4
0.6415 32749.6
0.6416 32761.8
0.6417 32774
0.6418 32786.1
0.6419 32798.2
0.642 32810.2
0.6421 32822.3
0.6422 32834.3
0.6423 32846.3
0.6424 32858.2
0.6425 32870.1
0.6426 32882
0.6427 32893.9
0.6428 32905.8
0.6429 32917.6
0.643 32929.4
0.6431 32941.2
0.6432 32952.9
0.6433 32964.6
0.6434 32976.3
0.6435 32988
0.6436 32999.6
0.6437 33011.2
0.6438 33022.8
0.6439 33034.4
0.644 33045.9
0.6441 33057.4
0.6442 33068.9
0.6443 33080.3
0.6444 33091.7
0.6445 33103.1
0.6446 33114.5
0.6447 33125.8
0.6448 33137.1
0.6449 33148.4
0.645 33159.7
0.6451 33170.9
0.6452 33182.1
0.6453 33193.3
0.6454 33204.4
0.6455 33215.5
0.6456 33226.6
0.6457 33237.7
0.6458 33248.7
0.6459 33259.8
0.646 33270.7
0.6461 33281.7
0.6462 33292.6
0.6463 33303.5
0.6464 33314.4
0.6465 33325.3
0.6466 33336.1
0.6467 33346.9
0.6468 33357.6
0.6469 33368.4
0.647 33379.1
0.6471 33389.8
0.6472 33400.4
0.6473 33411.1
0.6474 33421.7
0.6475 33432.3
0.6476 33442.8
0.6477 33453.3
0.6478 33463.8
0.6479 33474.3
0.648 33484.7
0.6481 33495.2
0.6482 33505.5
0.6483 33515.9
0.6484 33526.2
0.6485 33536.5
0.6486 33546.8
0.6487 33557.1
0.6488 33567.3
0.6489 33577.5
0.649 33587.6
0.6491 33597.8
0.6492 33607.9
0.6493 33618
0.6494 33628
0.6495 33638.1
0.6496 33648.1
0.6497 33658
0.6498 33668
0.6499 33677.9
0.65 33687.8
0.6501 33697.7
0.6502 33707.5
0.6503 33717.3
0.6504 33727.1
0.6505 33736.8
0.6506 33746.6
0.6507 33756.3
0.6508 33765.9
0.6509 33775.6
0.651 33785.2
0.6511 33794.8
0.6512 33804.4
0.6513 33813.9
0.6514 33823.4
0.6515 33832.9
0.6516 33842.3
0.6517 33851.8
0.6518 33861.2
0.6519 33870.5
0.652 33879.9
0.6521 33889.2
0.6522 33898.5
0.6523 33907.7
0.6524 33916.9
0.6525 33926.1
0.6526 33935.3
0.6527 33944.5
0.6528 33953.6
0.6529 33962.7
0.653 33971.7
0.6531 33980.8
0.6532 33989.8
0.6533 33998.8
0.6534 34007.7
0.6535 34016.6
0.6536 34025.5
0.6537 34034.4
0.6538 34043.3
0.6539 34052.1
0.654 34060.9
0.6541 34069.6
0.6542 34078.3
0.6543 34087.1
0.6544 34095.7
0.6545 34104.4
0.6546 34113
0.6547 34121.6
0.6548 34130.1
0.6549 34138.7
0.655 34147.2
0.6551 34155.7
0.6552 34164.1
0.6553 34172.5
0.6554 34180.9
0.6555 34189.3
0.6556 34197.7
0.6557 34206
0.6558 34214.2
0.6559 34222.5
0.656 34230.7
0.6561 34238.9
0.6562 34247.1
0.6563 34255.3
0.6564 34263.4
0.6565 34271.5
0.6566 34279.5
0.6567 34287.6
0.6568 34295.6
0.6569 34303.5
0.657 34311.5
0.6571 34319.4
0.6572 34327.3
0.6573 34335.2
0.6574 34343
0.6575 34350.8
0.6576 34358.6
0.6577 34366.3
0.6578 34374.1
0.6579 34381.8
0.658 34389.4
0.6581 34397.1
0.6582 34404.7
0.6583 34412.3
0.6584 34419.8
0.6585 34427.4
0.6586 34434.9
0.6587 34442.3
0.6588 34449.8
0.6589 34457.2
0.659 34464.6
0.6591 34471.9
0.6592 34479.3
0.6593 34486.6
0.6594 34493.8
0.6595 34501.1
0.6596 34508.3
0.6597 34515.5
0.6598 34522.7
0.6599 34529.8
0.66 34536.9
0.6601 34544
0.6602 34551
0.6603 34558
0.6604 34565
0.6605 34572
0.6606 34578.9
0.6607 34585.9
0.6608 34592.7
0.6609 34599.6
0.661 34606.4
0.6611 34613.2
0.6612 34620
0.6613 34626.7
0.6614 34633.4
0.6615 34640.1
0.6616 34646.8
0.6617 34653.4
0.6618 34660
0.6619 34666.6
0.662 34673.1
0.6621 34679.6
0.6622 34686.1
0.6623 34692.5
0.6624 34699
0.6625 34705.4
0.6626 34711.7
0.6627 34718.1
0.6628 34724.4
0.6629 34730.7
0.663 34736.9
0.6631 34743.2
0.6632 34749.4
0.6633 34755.5
0.6634 34761.7
0.6635 34767.8
0.6636 34773.9
0.6637 34780
0.6638 34786
0.6639 34792
0.664 34798
0.6641 34803.9
0.6642 34809.8
0.6643 34815.7
0.6644 34821.6
0.6645 34827.4
0.6646 34833.2
0.6647 34839
0.6648 34844.7
0.6649 34850.4
0.665 34856.1
0.6651 34861.8
0.6652 34867.4
0.6653 34873
0.6654 34878.6
0.6655 34884.2
0.6656 34889.7
0.6657 34895.2
0.6658 34900.6
0.6659 34906.1
0.666 34911.5
0.6661 34916.8
0.6662 34922.2
0.6663 34927.5
0.6664 34932.8
0.6665 34938.1
0.6666 34943.3
0.6667 34948.5
0.6668 34953.7
0.6669 34958.8
0.667 34964
0.6671 34969
0.6672 34974.1
0.6673 34979.1
0.6674 34984.1
0.6675 34989.1
0.6676 34994.1
0.6677 34999
0.6678 35003.9
0.6679 35008.7
0.668 35013.6
0.6681 35018.4
0.6682 35023.2
0.6683 35027.9
0.6684 35032.6
0.6685 35037.3
0.6686 35042
0.6687 35046.6
0.6688 35051.2
0.6689 35055.8
0.669 35060.3
0.6691 35064.9
0.6692 35069.4
0.6693 35073.8
0.6694 35078.3
0.6695 35082.7
0.6696 35087
0.6697 35091.4
0.6698 35095.7
0.6699 35100
0.67 35104.3
0.6701 35108.5
0.6702 35112.7
0.6703 35116.9
0.6704 35121
0.6705 35125.1
0.6706 35129.2
0.6707 35133.3
0.6708 35137.3
0.6709 35141.3
0.671 35145.3
0.6711 35149.2
0.6712 35153.2
0.6713 35157
0.6714 35160.9
0.6715 35164.7
0.6716 35168.5
0.6717 35172.3
0.6718 35176.1
0.6719 35179.8
0.672 35183.5
0.6721 35187.1
0.6722 35190.8
0.6723 35194.4
0.6724 35197.9
0.6725 35201.5
0.6726 35205
0.6727 35208.5
0.6728 35211.9
0.6729 35215.4
0.673 35218.8
0.6731 35222.1
0.6732 35225.5
0.6733 35228.8
0.6734 35232.1
0.6735 35235.3
0.6736 35238.6
0.6737 35241.8
0.6738 35244.9
0.6739 35248.1
0.674 35251.2
0.6741 35254.3
0.6742 35257.3
0.6743 35260.4
0.6744 35263.4
0.6745 35266.3
0.6746 35269.3
0.6747 35272.2
0.6748 35275.1
0.6749 35277.9
0.675 35280.7
0.6751 35283.5
0.6752 35286.3
0.6753 35289
0.6754 35291.8
0.6755 35294.4
0.6756 35297.1
0.6757 35299.7
0.6758 35302.3
0.6759 35304.9
0.676 35307.4
0.6761 35309.9
0.6762 35312.4
0.6763 35314.8
0.6764 35317.3
0.6765 35319.7
0.6766 35322
0.6767 35324.4
0.6768 35326.7
0.6769 35328.9
0.677 35331.2
0.6771 35333.4
0.6772 35335.6
0.6773 35337.8
0.6774 35339.9
0.6775 35342
0.6776 35344.1
0.6777 35346.1
0.6778 35348.1
0.6779 35350.1
0.678 35352.1
0.6781 35354
0.6782 35355.9
0.6783 35357.8
0.6784 35359.6
0.6785 35361.5
0.6786 35363.2
0.6787 35365
0.6788 35366.7
0.6789 35368.4
0.679 35370.1
0.6791 35371.8
0.6792 35373.4
0.6793 35374.9
0.6794 35376.5
0.6795 35378
0.6796 35379.5
0.6797 35381
0.6798 35382.4
0.6799 35383.9
0.68 35385.2
0.6801 35386.6
0.6802 35387.9
0.6803 35389.2
0.6804 35390.5
0.6805 35391.7
0.6806 35392.9
0.6807 35394.1
0.6808 35395.3
0.6809 35396.4
0.681 35397.5
0.6811 35398.5
0.6812 35399.6
0.6813 35400.6
0.6814 35401.6
0.6815 35402.5
0.6816 35403.4
0.6817 35404.3
0.6818 35405.2
0.6819 35406
0.682 35406.8
0.6821 35407.6
0.6822 35408.3
0.6823 35409.1
0.6824 35409.8
0.6825 35410.4
0.6826 35411
0.6827 35411.7
0.6828 35412.2
0.6829 35412.8
0.683 35413.3
0.6831 35413.8
0.6832 35414.2
0.6833 35414.7
0.6834 35415.1
0.6835 35415.4
0.6836 35415.8
0.6837 35416.1
0.6838 35416.4
0.6839 35416.6
0.684 35416.9
0.6841 35417.1
0.6842 35417.2
0.6843 35417.4
0.6844 35417.5
0.6845 35417.6
0.6846 35417.6
0.6847 35417.6
0.6848 35417.6
0.6849 35417.6
0.685 35417.5
0.6851 35417.4
0.6852 35417.3
0.6853 35417.2
0.6854 35417
0.6855 35416.8
0.6856 35416.6
0.6857 35416.3
0.6858 35416
0.6859 35415.7
0.686 35415.3
0.6861 35414.9
0.6862 35414.5
0.6863 35414.1
0.6864 35413.6
0.6865 35413.1
0.6866 35412.6
0.6867 35412.1
0.6868 35411.5
0.6869 35410.9
0.687 35410.2
0.6871 35409.5
0.6872 35408.9
0.6873 35408.1
0.6874 35407.4
0.6875 35406.6
0.6876 35405.8
0.6877 35404.9
0.6878 35404.1
0.6879 35403.2
0.688 35402.2
0.6881 35401.3
0.6882 35400.3
0.6883 35399.3
0.6884 35398.2
0.6885 35397.1
0.6886 35396
0.6887 35394.9
0.6888 35393.7
0.6889 35392.6
0.689 35391.3
0.6891 35390.1
0.6892 35388.8
0.6893 35387.5
0.6894 35386.2
0.6895 35384.8
0.6896 35383.4
0.6897 35382
0.6898 35380.6
0.6899 35379.1
0.69 35377.6
0.6901 35376
0.6902 35374.5
0.6903 35372.9
0.6904 35371.2
0.6905 35369.6
0.6906 35367.9
0.6907 35366.2
0.6908 35364.5
0.6909 35362.7
0.691 35360.9
0.6911 35359.1
0.6912 35357.2
0.6913 35355.3
0.6914 35353.4
0.6915 35351.5
0.6916 35349.5
0.6917 35347.5
0.6918 35345.5
0.6919 35343.4
0.692 35341.4
0.6921 35339.2
0.6922 35337.1
0.6923 35334.9
0.6924 35332.7
0.6925 35330.5
0.6926 35328.2
0.6927 35326
0.6928 35323.6
0.6929 35321.3
0.693 35318.9
0.6931 35316.5
0.6932 35314.1
0.6933 35311.6
0.6934 35309.1
0.6935 35306.6
0.6936 35304.1
0.6937 35301.5
0.6938 35298.9
0.6939 35296.3
0.694 35293.6
0.6941 35290.9
0.6942 35288.2
0.6943 35285.5
0.6944 35282.7
0.6945 35279.9
0.6946 35277
0.6947 35274.2
0.6948 35271.3
0.6949 35268.4
0.695 35265.4
0.6951 35262.4
0.6952 35259.4
