0 0
0.0001 0
0.0002 0
0.0003 0
0.0004 0
0.0005 0
0.0006 0
0.0007 0
0.0008 0
0.0009 0
0.001 0
0.0011 0
0.0012 0
0.0013 0
0.0014 0
0.0015 0
0.0016 0
0.0017 0
0.0018 0
0.0019 0
0.002 0
0.0021 0
0.0022 0
0.0023 0
0.0024 0
0.0025 0
0.0026 0
0.0027 0
0.0028 0
0.0029 0
0.003 0
0.0031 0
0.0032 0
0.0033 0
0.0034 0
0.0035 0
0.0036 0
0.0037 0
0.0038 0
0.0039 0
0.004 0
0.0041 0
0.0042 0
0.0043 0
0.0044 0
0.0045 0
0.0046 0
0.0047 0
0.0048 0
0.0049 0
0.005 0
0.0051 0
0.0052 0
0.0053 0
0.0054 0
0.0055 0
0.0056 0
0.0057 0
0.0058 0
0.0059 0
0.006 0
0.0061 0
0.0062 0
0.0063 0
0.0064 0
0.0065 0
0.0066 0
0.0067 0
0.0068 0
0.0069 0
0.007 0
0.0071 0
0.0072 0
0.0073 0
0.0074 0
0.0075 0
0.0076 0
0.0077 0
0.0078 0
0.0079 0
0.008 0
0.0081 0
0.0082 0
0.0083 0
0.0084 0
0.0085 0
0.0086 0
0.0087 0
0.0088 0
0.0089 0
0.009 0
0.0091 0
0.0092 0
0.0093 0
0.0094 0
0.0095 0
0.0096 0
0.0097 0
0.0098 0
0.0099 0
0.01 0
0.0101 0
0.0102 0
0.0103 0
0.0104 0
0.0105 0
0.0106 0
0.0107 0
0.0108 0
0.0109 0
0.011 0
0.0111 0
0.0112 0
0.0113 0
0.0114 0
0.0115 0
0.0116 0
0.0117 0
0.0118 0
0.0119 0
0.012 0
0.0121 0
0.0122 0
0.0123 0
0.0124 0
0.0125 0
0.0126 0
0.0127 0
0.0128 0
0.0129 0
0.013 0
0.0131 0
0.0132 0
0.0133 0
0.0134 0
0.0135 0
0.0136 0
0.0137 0
0.0138 0
0.0139 0
0.014 0
0.0141 0
0.0142 0
0.0143 0
0.0144 0
0.0145 0
0.0146 0
0.0147 0
0.0148 0
0.0149 0
0.015 0
0.0151 0
0.0152 0
0.0153 0
0.0154 0
0.0155 0
0.0156 0
0.0157 0
0.0158 0
0.0159 0
0.016 0
0.0161 0
0.0162 0
0.0163 0
0.0164 0
0.0165 0
0.0166 0
0.0167 0
0.0168 0
0.0169 0
0.017 0
0.0171 0
0.0172 0
0.0173 0
0.0174 0
0.0175 0
0.0176 0
0.0177 0
0.0178 0
0.0179 0
0.018 0
0.0181 0
0.0182 0
0.0183 0
0.0184 0
0.0185 0
0.0186 0
0.0187 0
0.0188 0
0.0189 0
0.019 0
0.0191 0
0.0192 0
0.0193 0
0.0194 0
0.0195 0
0.0196 0
0.0197 0
0.0198 0
0.0199 0
0.02 0
0.0201 0
0.0202 0
0.0203 0
0.0204 0
0.0205 0
0.0206 0
0.0207 0
0.0208 0
0.0209 0
0.021 0
0.0211 0
0.0212 0
0.0213 0
0.0214 0
0.0215 0
0.0216 0
0.0217 0
0.0218 0
0.0219 0
0.022 0
0.0221 0
0.0222 0
0.0223 0
0.0224 0
0.0225 0
0.0226 0
0.0227 0
0.0228 0
0.0229 0
0.023 0
0.0231 0
0.0232 0
0.0233 0
0.0234 0
0.0235 0
0.0236 0
0.0237 0
0.0238 0
0.0239 0
0.024 0
0.0241 0
0.0242 0
0.0243 0
0.0244 0
0.0245 0
0.0246 0
0.0247 0
0.0248 0
0.0249 0
0.025 0
0.0251 0
0.0252 0
0.0253 0
0.0254 0
0.0255 0
0.0256 0
0.0257 0
0.0258 0
0.0259 0
0.026 0
0.0261 0
0.0262 0
0.0263 0
0.0264 0
0.0265 0
0.0266 0
0.0267 0
0.0268 0
0.0269 0
0.027 0
0.0271 0
0.0272 0
0.0273 0
0.0274 0
0.0275 0
0.0276 0
0.0277 0
0.0278 0
0.0279 0
0.028 0
0.0281 0
0.0282 0
0.0283 0
0.0284 0
0.0285 0
0.0286 0
0.0287 0
0.0288 0
0.0289 0
0.029 0
0.0291 0
0.0292 0
0.0293 0
0.0294 0
0.0295 0
0.0296 0
0.0297 0
0.0298 0
0.0299 0
0.03 0
0.0301 0
0.0302 0
0.0303 0
0.0304 0
0.0305 0
0.0306 0
0.0307 0
0.0308 0
0.0309 0
0.031 0
0.0311 0
0.0312 0
0.0313 0
0.0314 0
0.0315 0
0.0316 0
0.0317 0
0.0318 0
0.0319 0
0.032 0
0.0321 0
0.0322 0
0.0323 0
0.0324 0
0.0325 0
0.0326 0
0.0327 0
0.0328 0
0.0329 0
0.033 0
0.0331 0
0.0332 0
0.0333 0
0.0334 0
0.0335 0
0.0336 0
0.0337 0
0.0338 0
0.0339 0
0.034 0
0.0341 0
0.0342 0
0.0343 0
0.0344 0
0.0345 0
0.0346 0
0.0347 0
0.0348 0
0.0349 0
0.035 0
0.0351 0
0.0352 0
0.0353 0
0.0354 0
0.0355 0
0.0356 0
0.0357 0
0.0358 0
0.0359 0
0.036 0
0.0361 0
0.0362 0
0.0363 0
0.0364 0
0.0365 0
0.0366 0
0.0367 0
0.0368 0
0.0369 0
0.037 0
0.0371 0
0.0372 0
0.0373 0
0.0374 0
0.0375 0
0.0376 0
0.0377 0
0.0378 0
0.0379 0
0.038 0
0.0381 0
0.0382 0
0.0383 0
0.0384 0
0.0385 0
0.0386 0
0.0387 0
0.0388 0
0.0389 0
0.039 0
0.0391 0
0.0392 0
0.0393 0
0.0394 0
0.0395 0
0.0396 0
0.0397 0
0.0398 0
0.0399 0
0.04 0
0.0401 0
0.0402 0
0.0403 0
0.0404 0
0.0405 0
0.0406 0
0.0407 0
0.0408 0
0.0409 0
0.041 0
0.0411 0
0.0412 0
0.0413 0
0.0414 0
0.0415 0
0.0416 0
0.0417 0
0.0418 0
0.0419 0
0.042 0
0.0421 0
0.0422 0
0.0423 0
0.0424 0
0.0425 0
0.0426 0
0.0427 0
0.0428 0
0.0429 0
0.043 0
0.0431 0
0.0432 0
0.0433 0
0.0434 0
0.0435 0
0.0436 0
0.0437 0
0.0438 0
0.0439 0
0.044 0
0.0441 0
0.0442 0
0.0443 0
0.0444 0
0.0445 0
0.0446 0
0.0447 0
0.0448 0
0.0449 0
0.045 0
0.0451 0
0.0452 0
0.0453 0
0.0454 0
0.0455 0
0.0456 0
0.0457 0
0.0458 0
0.0459 0
0.046 0
0.0461 0
0.0462 0
0.0463 0
0.0464 0
0.0465 0
0.0466 0
0.0467 0
0.0468 0
0.0469 0
0.047 0
0.0471 0
0.0472 0
0.0473 0
0.0474 0
0.0475 0
0.0476 0
0.0477 0
0.0478 0
0.0479 0
0.048 0
0.0481 0
0.0482 0
0.0483 0
0.0484 0
0.0485 0
0.0486 0
0.0487 0
0.0488 0
0.0489 0
0.049 0
0.0491 0
0.0492 0
0.0493 0
0.0494 0
0.0495 0
0.0496 0
0.0497 0
0.0498 0
0.0499 0
0.05 0
0.0501 0
0.0502 0
0.0503 0
0.0504 0
0.0505 0
0.0506 0
0.0507 0
0.0508 0
0.0509 0
0.051 0
0.0511 0
0.0512 0
0.0513 0
0.0514 0
0.0515 0
0.0516 0
0.0517 0
0.0518 0
0.0519 0
0.052 0
0.0521 0
0.0522 0
0.0523 0
0.0524 0
0.0525 0
0.0526 0
0.0527 0
0.0528 0
0.0529 0
0.053 0
0.0531 0
0.0532 0
0.0533 0
0.0534 0
0.0535 0
0.0536 0
0.0537 0
0.0538 0
0.0539 0
0.054 0
0.0541 0
0.0542 0
0.0543 0
0.0544 0
0.0545 0
0.0546 0
0.0547 0
0.0548 0
0.0549 0
0.055 0
0.0551 0
0.0552 0
0.0553 0
0.0554 0
0.0555 0
0.0556 0
0.0557 0
0.0558 0
0.0559 0
0.056 0
0.0561 0
0.0562 0
0.0563 0
0.0564 0
0.0565 0
0.0566 0
0.0567 0
0.0568 0
0.0569 0
0.057 0
0.0571 0
0.0572 0
0.0573 0
0.0574 0
0.0575 0
0.0576 0
0.0577 0
0.0578 0
0.0579 0
0.058 0
0.0581 0
0.0582 0
0.0583 0
0.0584 0
0.0585 0
0.0586 0
0.0587 0
0.0588 0
0.0589 0
0.059 0
0.0591 0
0.0592 0
0.0593 0
0.0594 0
0.0595 0
0.0596 0
0.0597 0
0.0598 0
0.0599 0
0.06 0
0.0601 0
0.0602 0
0.0603 0
0.0604 0
0.0605 0
0.0606 0
0.0607 0
0.0608 0
0.0609 0
0.061 0
0.0611 0
0.0612 0
0.0613 0
0.0614 0
0.0615 0
0.0616 0
0.0617 0
0.0618 0
0.0619 0
0.062 0
0.0621 0
0.0622 0
0.0623 0
0.0624 0
0.0625 0
0.0626 0
0.0627 0
0.0628 0
0.0629 0
0.063 0
0.0631 0
0.0632 0
0.0633 0
0.0634 0
0.0635 0
0.0636 0
0.0637 0
0.0638 0
0.0639 0
0.064 0
0.0641 0
0.0642 0
0.0643 0
0.0644 0
0.0645 0
0.0646 0
0.0647 0
0.0648 0
0.0649 0
0.065 0
0.0651 0
0.0652 0
0.0653 0
0.0654 0
0.0655 0
0.0656 0
0.0657 0
0.0658 0
0.0659 0
0.066 0
0.0661 0
0.0662 0
0.0663 0
0.0664 0
0.0665 0
0.0666 0
0.0667 0
0.0668 0
0.0669 0
0.067 0
0.0671 0
0.0672 0
0.0673 0
0.0674 0
0.0675 0
0.0676 0
0.0677 0
0.0678 0
0.0679 0
0.068 0
0.0681 0
0.0682 0
0.0683 0
0.0684 0
0.0685 0
0.0686 0
0.0687 0
0.0688 0
0.0689 0
0.069 0
0.0691 0
0.0692 0
0.0693 0
0.0694 0
0.0695 0
0.0696 0
0.0697 0
0.0698 0
0.0699 0
0.07 0
0.0701 0
0.0702 0
0.0703 0
0.0704 0
0.0705 0
0.0706 0
0.0707 0
0.0708 0
0.0709 0
0.071 0
0.0711 0
0.0712 0
0.0713 0
0.0714 0
0.0715 0
0.0716 0
0.0717 0
0.0718 0
0.0719 0
0.072 0
0.0721 0
0.0722 0
0.0723 0
0.0724 0
0.0725 0
0.0726 0
0.0727 0
0.0728 0
0.0729 0
0.073 0
0.0731 0
0.0732 0
0.0733 0
0.0734 0
0.0735 0
0.0736 0
0.0737 0
0.0738 0
0.0739 0
0.074 0
0.0741 0
0.0742 0
0.0743 0
0.0744 0
0.0745 0
0.0746 0
0.0747 0
0.0748 0
0.0749 0
0.075 0
0.0751 0
0.0752 0
0.0753 0
0.0754 0
0.0755 0
0.0756 0
0.0757 0
0.0758 0
0.0759 0
0.076 0
0.0761 0
0.0762 0
0.0763 0
0.0764 0
0.0765 0
0.0766 0
0.0767 0
0.0768 0
0.0769 0
0.077 0
0.0771 0
0.0772 0
0.0773 0
0.0774 0
0.0775 0
0.0776 0
0.0777 0
0.0778 0
0.0779 0
0.078 0
0.0781 0
0.0782 0
0.0783 0
0.0784 0
0.0785 0
0.0786 0
0.0787 0
0.0788 0
0.0789 0
0.079 0
0.0791 0
0.0792 0
0.0793 0
0.0794 0
0.0795 0
0.0796 0
0.0797 0
0.0798 0
0.0799 0
0.08 0
0.0801 0
0.0802 0
0.0803 0
0.0804 0
0.0805 0
0.0806 0
0.0807 0
0.0808 0
0.0809 0
0.081 0
0.0811 0
0.0812 0
0.0813 0
0.0814 0
0.0815 0
0.0816 0
0.0817 0
0.0818 0
0.0819 0
0.082 0
0.0821 0
0.0822 0
0.0823 0
0.0824 0
0.0825 0
0.0826 0
0.0827 0
0.0828 0
0.0829 0
0.083 0
0.0831 0
0.0832 0
0.0833 0
0.0834 0
0.0835 0
0.0836 0
0.0837 0
0.0838 0
0.0839 0
0.084 0
0.0841 0
0.0842 0
0.0843 0
0.0844 0
0.0845 0
0.0846 0
0.0847 0
0.0848 0
0.0849 0
0.085 0
0.0851 0
0.0852 0
0.0853 0
0.0854 0
0.0855 0
0.0856 0
0.0857 0
0.0858 0
0.0859 0
0.086 0
0.0861 0
0.0862 0
0.0863 0
0.0864 0
0.0865 0
0.0866 0
0.0867 0
0.0868 0
0.0869 0
0.087 0
0.0871 0
0.0872 0
0.0873 0
0.0874 0
0.0875 0
0.0876 0
0.0877 0
0.0878 0
0.0879 0
0.088 0
0.0881 0
0.0882 0
0.0883 0
0.0884 0
0.0885 0
0.0886 0
0.0887 0
0.0888 0
0.0889 0
0.089 0
0.0891 0
0.0892 0
0.0893 0
0.0894 0
0.0895 0
0.0896 0
0.0897 0
0.0898 0
0.0899 0
0.09 0
0.0901 0
0.0902 0
0.0903 0
0.0904 0
0.0905 0
0.0906 0
0.0907 0
0.0908 0
0.0909 0
0.091 0
0.0911 0
0.0912 0
0.0913 0
0.0914 0
0.0915 0
0.0916 0
0.0917 0
0.0918 0
0.0919 0
0.092 0
0.0921 0
0.0922 0
0.0923 0
0.0924 0
0.0925 0
0.0926 0
0.0927 0
0.0928 0
0.0929 0
0.093 0
0.0931 0
0.0932 0
0.0933 0
0.0934 0
0.0935 0
0.0936 0
0.0937 0
0.0938 0
0.0939 0
0.094 0
0.0941 0
0.0942 0
0.0943 0
0.0944 0
0.0945 0
0.0946 0
0.0947 0
0.0948 0
0.0949 0
0.095 0
0.0951 0
0.0952 0
0.0953 0
0.0954 0
0.0955 0
0.0956 0
0.0957 0
0.0958 0
0.0959 0
0.096 0
0.0961 0
0.0962 0
0.0963 0
0.0964 0
0.0965 0
0.0966 0
0.0967 0
0.0968 0
0.0969 0
0.097 0
0.0971 0
0.0972 0
0.0973 0
0.0974 0
0.0975 0
0.0976 0
0.0977 0
0.0978 0
0.0979 0
0.098 0
0.0981 0
0.0982 0
0.0983 0
0.0984 0
0.0985 0
0.0986 0
0.0987 0
0.0988 0
0.0989 0
0.099 0
0.0991 0
0.0992 0
0.0993 0
0.0994 0
0.0995 0
0.0996 0
0.0997 0
0.0998 0
0.0999 0
0.1 0
0.1001 0
0.1002 0
0.1003 0
0.1004 0
0.1005 0
0.1006 0
0.1007 0
0.1008 0
0.1009 0
0.101 0
0.1011 0
0.1012 0
0.1013 0
0.1014 0
0.1015 0
0.1016 0
0.1017 0
0.1018 0
0.1019 0
0.102 0
0.1021 0
0.1022 0
0.1023 0
0.1024 0
0.1025 0
0.1026 0
0.1027 0
0.1028 0
0.1029 0
0.103 0
0.1031 0
0.1032 0
0.1033 0
0.1034 0
0.1035 0
0.1036 0
0.1037 0
0.1038 0
0.1039 0
0.104 0
0.1041 0
0.1042 0
0.1043 0
0.1044 0
0.1045 0
0.1046 0
0.1047 0
0.1048 0
0.1049 0
0.105 0
0.1051 0
0.1052 0
0.1053 0
0.1054 0
0.1055 0
0.1056 0
0.1057 0
0.1058 0
0.1059 0
0.106 0
0.1061 0
0.1062 0
0.1063 0
0.1064 0
0.1065 0
0.1066 0
0.1067 0
0.1068 0
0.1069 0
0.107 0
0.1071 0
0.1072 0
0.1073 0
0.1074 0
0.1075 0
0.1076 0
0.1077 0
0.1078 0
0.1079 0
0.108 0
0.1081 0
0.1082 0
0.1083 0
0.1084 0
0.1085 0
0.1086 0
0.1087 0
0.1088 0
0.1089 0
0.109 0
0.1091 0
0.1092 0
0.1093 0
0.1094 0
0.1095 0
0.1096 0
0.1097 0
0.1098 0
0.1099 0
0.11 0
0.1101 0
0.1102 0
0.1103 0
0.1104 0
0.1105 0
0.1106 0
0.1107 0
0.1108 0
0.1109 0
0.111 0
0.1111 0
0.1112 0
0.1113 0
0.1114 0
0.1115 0
0.1116 0
0.1117 0
0.1118 0
0.1119 0
0.112 0
0.1121 0
0.1122 0
0.1123 0
0.1124 0
0.1125 0
0.1126 0
0.1127 0
0.1128 0
0.1129 0
0.113 0
0.1131 0
0.1132 0
0.1133 0
0.1134 0
0.1135 0
0.1136 0
0.1137 0
0.1138 0
0.1139 0
0.114 0
0.1141 0
0.1142 0
0.1143 0
0.1144 0
0.1145 0
0.1146 0
0.1147 0
0.1148 0
0.1149 0
0.115 0
0.1151 0
0.1152 0
0.1153 0
0.1154 0
0.1155 0
0.1156 0
0.1157 0
0.1158 0
0.1159 0
0.116 0
0.1161 0
0.1162 0
0.1163 0
0.1164 0
0.1165 0
0.1166 0
0.1167 0
0.1168 0
0.1169 0
0.117 0
0.1171 0
0.1172 0
0.1173 0
0.1174 0
0.1175 0
0.1176 0
0.1177 0
0.1178 0
0.1179 0
0.118 0
0.1181 0
0.1182 0
0.1183 0
0.1184 0
0.1185 0
0.1186 0
0.1187 0
0.1188 0
0.1189 0
0.119 0
0.1191 0
0.1192 0
0.1193 0
0.1194 0
0.1195 0
0.1196 0
0.1197 0
0.1198 0
0.1199 0
0.12 0
0.1201 0
0.1202 0
0.1203 0
0.1204 0
0.1205 0
0.1206 0
0.1207 0
0.1208 0
0.1209 0
0.121 0
0.1211 0
0.1212 0
0.1213 0
0.1214 0
0.1215 0
0.1216 0
0.1217 0
0.1218 0
0.1219 0
0.122 0
0.1221 0
0.1222 0
0.1223 0
0.1224 0
0.1225 0
0.1226 0
0.1227 0
0.1228 0
0.1229 0
0.123 0
0.1231 0
0.1232 0
0.1233 0
0.1234 0
0.1235 0
0.1236 0
0.1237 0
0.1238 0
0.1239 0
0.124 0
0.1241 0
0.1242 0
0.1243 0
0.1244 0
0.1245 0
0.1246 0
0.1247 0
0.1248 0
0.1249 0
0.125 0
0.1251 0
0.1252 0
0.1253 0
0.1254 0
0.1255 0
0.1256 0
0.1257 0
0.1258 0
0.1259 0
0.126 0
0.1261 0
0.1262 0
0.1263 0
0.1264 0
0.1265 0
0.1266 0
0.1267 0
0.1268 0
0.1269 0
0.127 0
0.1271 0
0.1272 0
0.1273 0
0.1274 0
0.1275 0
0.1276 0
0.1277 0
0.1278 0
0.1279 0
0.128 0
0.1281 0
0.1282 0
0.1283 0
0.1284 0
0.1285 0
0.1286 0
0.1287 0
0.1288 0
0.1289 0
0.129 0
0.1291 0
0.1292 0
0.1293 0
0.1294 0
0.1295 0
0.1296 0
0.1297 0
0.1298 0
0.1299 0
0.13 0
0.1301 0
0.1302 0
0.1303 0
0.1304 0
0.1305 0
0.1306 0
0.1307 0
0.1308 0
0.1309 0
0.131 0
0.1311 0
0.1312 0
0.1313 0
0.1314 0
0.1315 0
0.1316 0
0.1317 0
0.1318 0
0.1319 0
0.132 0
0.1321 0
0.1322 0
0.1323 0
0.1324 0
0.1325 0
0.1326 0
0.1327 0
0.1328 0
0.1329 0
0.133 0
0.1331 0
0.1332 0
0.1333 0
0.1334 0
0.1335 0
0.1336 0
0.1337 0
0.1338 0
0.1339 0
0.134 0
0.1341 0
0.1342 0
0.1343 0
0.1344 0
0.1345 0
0.1346 0
0.1347 0
0.1348 0
0.1349 0
0.135 0
0.1351 0
0.1352 0
0.1353 0
0.1354 0
0.1355 0
0.1356 0
0.1357 0
0.1358 0
0.1359 0
0.136 0
0.1361 0
0.1362 0
0.1363 0
0.1364 0
0.1365 0
0.1366 0
0.1367 0
0.1368 0
0.1369 0
0.137 0
0.1371 0
0.1372 0
0.1373 0
0.1374 0
0.1375 0
0.1376 0
0.1377 0
0.1378 0
0.1379 0
0.138 0
0.1381 0
0.1382 0
0.1383 0
0.1384 0
0.1385 0
0.1386 0
0.1387 0
0.1388 0
0.1389 0
0.139 0
0.1391 0
0.1392 0
0.1393 0
0.1394 0
0.1395 0
0.1396 0
0.1397 0
0.1398 0
0.1399 0
0.14 0
0.1401 0
0.1402 0
0.1403 0
0.1404 0
0.1405 0
0.1406 0
0.1407 0
0.1408 0
0.1409 0
0.141 0
0.1411 0
0.1412 0
0.1413 0
0.1414 0
0.1415 0
0.1416 0
0.1417 0
0.1418 0
0.1419 0
0.142 0
0.1421 0
0.1422 0
0.1423 0
0.1424 0
0.1425 0
0.1426 0
0.1427 0
0.1428 0
0.1429 0
0.143 0
0.1431 0
0.1432 0
0.1433 0
0.1434 0
0.1435 0
0.1436 0
0.1437 0
0.1438 0
0.1439 0
0.144 0
0.1441 0
0.1442 0
0.1443 0
0.1444 0
0.1445 0
0.1446 0
0.1447 0
0.1448 0
0.1449 0
0.145 0
0.1451 0
0.1452 0
0.1453 0
0.1454 0
0.1455 0
0.1456 0
0.1457 0
0.1458 0
0.1459 0
0.146 0
0.1461 0
0.1462 0
0.1463 0
0.1464 0
0.1465 0
0.1466 0
0.1467 0
0.1468 0
0.1469 0
0.147 0
0.1471 0
0.1472 0
0.1473 0
0.1474 0
0.1475 0
0.1476 0
0.1477 0
0.1478 0
0.1479 0
0.148 0
0.1481 0
0.1482 0
0.1483 0
0.1484 0
0.1485 0
0.1486 0
0.1487 0
0.1488 0
0.1489 0
0.149 0
0.1491 0
0.1492 0
0.1493 0
0.1494 0
0.1495 0
0.1496 0
0.1497 0
0.1498 0
0.1499 0
0.15 0
0.1501 0
0.1502 0
0.1503 0
0.1504 0
0.1505 0
0.1506 0
0.1507 0
0.1508 0
0.1509 0
0.151 0
0.1511 0
0.1512 0
0.1513 0
0.1514 0
0.1515 0
0.1516 0
0.1517 0
0.1518 0
0.1519 0
0.152 0
0.1521 0
0.1522 0
0.1523 0
0.1524 0
0.1525 0
0.1526 0
0.1527 0
0.1528 0
0.1529 0
0.153 0
0.1531 0
0.1532 0
0.1533 0
0.1534 0
0.1535 0
0.1536 0
0.1537 0
0.1538 0
0.1539 0
0.154 0
0.1541 0
0.1542 0
0.1543 0
0.1544 0
0.1545 0
0.1546 0
0.1547 0
0.1548 0
0.1549 0
0.155 0
0.1551 0
0.1552 0
0.1553 0
0.1554 0
0.1555 0
0.1556 0
0.1557 0
0.1558 0
0.1559 0
0.156 0
0.1561 0
0.1562 0
0.1563 0
0.1564 0
0.1565 0
0.1566 0
0.1567 0
0.1568 0
0.1569 0
0.157 0
0.1571 0
0.1572 0
0.1573 0
0.1574 0
0.1575 0
0.1576 0
0.1577 0
0.1578 0
0.1579 0
0.158 0
0.1581 0
0.1582 0
0.1583 0
0.1584 0
0.1585 0
0.1586 0
0.1587 0
0.1588 0
0.1589 0
0.159 0
0.1591 0
0.1592 0
0.1593 0
0.1594 0
0.1595 0
0.1596 0
0.1597 0
0.1598 0
0.1599 0
0.16 0
0.1601 0
0.1602 0
0.1603 0
0.1604 0
0.1605 0
0.1606 0
0.1607 0
0.1608 0
0.1609 0
0.161 0
0.1611 0
0.1612 0
0.1613 0
0.1614 0
0.1615 0
0.1616 0
0.1617 0
0.1618 0
0.1619 0
0.162 0
0.1621 0
0.1622 0
0.1623 0
0.1624 0
0.1625 0
0.1626 0
0.1627 0
0.1628 0
0.1629 0
0.163 0
0.1631 0
0.1632 0
0.1633 0
0.1634 0
0.1635 0
0.1636 0
0.1637 0
0.1638 0
0.1639 0
0.164 0
0.1641 0
0.1642 0
0.1643 0
0.1644 0
0.1645 0
0.1646 0
0.1647 0
0.1648 0
0.1649 0
0.165 0
0.1651 0
0.1652 0
0.1653 0
0.1654 0
0.1655 0
0.1656 0
0.1657 0
0.1658 0
0.1659 0
0.166 0
0.1661 0
0.1662 0
0.1663 0
0.1664 0
0.1665 0
0.1666 0
0.1667 0
0.1668 0
0.1669 0
0.167 0
0.1671 0
0.1672 0
0.1673 0
0.1674 0
0.1675 0
0.1676 0
0.1677 0
0.1678 0
0.1679 0
0.168 0
0.1681 0
0.1682 0
0.1683 0
0.1684 0
0.1685 0
0.1686 0
0.1687 0
0.1688 0
0.1689 0
0.169 0
0.1691 0
0.1692 0
0.1693 0
0.1694 0
0.1695 0
0.1696 0
0.1697 0
0.1698 0
0.1699 0
0.17 0
0.1701 0
0.1702 0
0.1703 0
0.1704 0
0.1705 0
0.1706 0
0.1707 0
0.1708 0
0.1709 0
0.171 0
0.1711 0
0.1712 0
0.1713 0
0.1714 0
0.1715 0
0.1716 0
0.1717 0
0.1718 0
0.1719 0
0.172 0
0.1721 0
0.1722 0
0.1723 0
0.1724 0
0.1725 0
0.1726 0
0.1727 0
0.1728 0
0.1729 0
0.173 0
0.1731 0
0.1732 0
0.1733 0
0.1734 0
0.1735 0
0.1736 0
0.1737 0
0.1738 0
0.1739 0
0.174 0
0.1741 0
0.1742 0
0.1743 0
0.1744 0
0.1745 221160
0.1746 4.46827e+006
0.1747 1.1159e+007
0.1748 1.89515e+007
0.1749 2.66927e+007
0.175 3.31832e+007
0.1751 3.72679e+007
0.1752 3.80112e+007
0.1753 3.48873e+007
0.1754 2.79251e+007
0.1755 1.77581e+007
0.1756 5.55451e+006
0.1757 -7.1693e+006
0.1758 -1.88124e+007
0.1759 -2.79689e+007
0.176 -3.36581e+007
0.1761 -3.54474e+007
0.1762 -3.33945e+007
0.1763 -2.80903e+007
0.1764 -2.14365e+007
0.1765 -1.43179e+007
0.1766 -7.63475e+006
0.1767 -2.31786e+006
0.1768 -2245.87
0.1769 -2267.02
0.177 -2288.16
0.1771 -2309.3
0.1772 -2330.44
0.1773 -2351.58
0.1774 -2372.72
0.1775 -2393.85
0.1776 -2414.99
0.1777 -2436.12
0.1778 -2457.24
0.1779 -2478.37
0.178 -2499.5
0.1781 -2520.62
0.1782 -2541.74
0.1783 -2562.86
0.1784 -2583.97
0.1785 -2605.09
0.1786 -2626.2
0.1787 -2647.31
0.1788 -2668.41
0.1789 -2689.52
0.179 -2710.62
0.1791 -2731.72
0.1792 -2752.82
0.1793 -2773.92
0.1794 -2795.01
0.1795 -2816.11
0.1796 -2837.2
0.1797 -2858.28
0.1798 -2879.37
0.1799 -2900.45
0.18 -2921.53
0.1801 -2942.61
0.1802 -2963.68
0.1803 -2984.76
0.1804 -3005.83
0.1805 -3026.89
0.1806 -3047.96
0.1807 -3069.02
0.1808 -3090.08
0.1809 -3111.14
0.181 -3132.2
0.1811 -3153.25
0.1812 -3174.3
0.1813 -3195.35
0.1814 -3216.39
0.1815 -3237.44
0.1816 -3258.48
0.1817 -3279.51
0.1818 -3300.55
0.1819 -3321.58
0.182 -3342.61
0.1821 -3363.64
0.1822 -3384.66
0.1823 -3405.68
0.1824 -3426.7
0.1825 -3447.72
0.1826 -3468.73
0.1827 -3489.74
0.1828 -3510.74
0.1829 -3531.75
0.183 -3552.75
0.1831 -3573.75
0.1832 -3594.74
0.1833 -3615.74
0.1834 -3636.72
0.1835 -3657.71
0.1836 -3678.69
0.1837 -3699.67
0.1838 -3720.65
0.1839 -3741.63
0.184 -3762.6
0.1841 -3783.57
0.1842 -3804.53
0.1843 -3825.49
0.1844 -3846.45
0.1845 -3867.41
0.1846 -3888.36
0.1847 -3909.31
0.1848 -3930.26
0.1849 -3951.2
0.185 -3972.14
0.1851 -3993.08
0.1852 -4014.01
0.1853 -4034.94
0.1854 -4055.87
0.1855 -4076.79
0.1856 -4097.71
0.1857 -4118.63
0.1858 -4139.54
0.1859 -4160.45
0.186 -4181.36
0.1861 -4202.26
0.1862 -4223.16
0.1863 -4244.06
0.1864 -4264.95
0.1865 -4285.84
0.1866 -4306.72
0.1867 -4327.61
0.1868 -4348.48
0.1869 -4369.36
0.187 -4390.23
0.1871 -4411.1
0.1872 -4431.96
0.1873 -4452.83
0.1874 -4473.68
0.1875 -4494.54
0.1876 -4515.39
0.1877 -4536.23
0.1878 -4557.07
0.1879 -4577.91
0.188 -4598.75
0.1881 -4619.58
0.1882 -4640.41
0.1883 -4661.23
0.1884 -4682.05
0.1885 -4702.87
0.1886 -4723.68
0.1887 -4744.49
0.1888 -4765.29
0.1889 -4786.09
0.189 -4806.89
0.1891 -4827.68
0.1892 -4848.47
0.1893 -4869.26
0.1894 -4890.04
0.1895 -4910.81
0.1896 -4931.59
0.1897 -4952.36
0.1898 -4973.12
0.1899 -4993.88
0.19 -5014.64
0.1901 -5035.39
0.1902 -5056.14
0.1903 -5076.88
0.1904 -5097.62
0.1905 -5118.36
0.1906 -5139.09
0.1907 -5159.82
0.1908 -5180.54
0.1909 -5201.26
0.191 -5221.98
0.1911 -5242.69
0.1912 -5263.39
0.1913 -5284.1
0.1914 -5304.79
0.1915 -5325.49
0.1916 -5346.18
0.1917 -5366.86
0.1918 -5387.54
0.1919 -5408.22
0.192 -5428.89
0.1921 -5449.56
0.1922 -5470.22
0.1923 -5490.88
0.1924 -5511.53
0.1925 -5532.18
0.1926 -5552.82
0.1927 -5573.46
0.1928 -5594.1
0.1929 -5614.73
0.193 -5635.36
0.1931 -5655.98
0.1932 -5676.6
0.1933 -5697.21
0.1934 -5717.82
0.1935 -5738.42
0.1936 -5759.02
0.1937 -5779.61
0.1938 -5800.2
0.1939 -5820.78
0.194 -5841.36
0.1941 -5861.94
0.1942 -5882.51
0.1943 -5903.07
0.1944 -5923.63
0.1945 -5944.19
0.1946 -5964.74
0.1947 -5985.29
0.1948 -6005.83
0.1949 -6026.36
0.195 -6046.9
0.1951 -6067.42
0.1952 -6087.94
0.1953 -6108.46
0.1954 -6128.97
0.1955 -6149.48
0.1956 -6169.98
0.1957 -6190.47
0.1958 -6210.97
0.1959 -6231.45
0.196 -6251.93
0.1961 -6272.41
0.1962 -6292.88
0.1963 -6313.34
0.1964 -6333.8
0.1965 -6354.26
0.1966 -6374.71
0.1967 -6395.15
0.1968 -6415.59
0.1969 -6436.03
0.197 -6456.46
0.1971 -6476.88
0.1972 -6497.3
0.1973 -6517.71
0.1974 -6538.12
0.1975 -6558.52
0.1976 -6578.92
0.1977 -6599.31
0.1978 -6619.7
0.1979 -6640.08
0.198 -6660.46
0.1981 -6680.83
0.1982 -6701.19
0.1983 -6721.55
0.1984 -6741.9
0.1985 -6762.25
0.1986 -6782.6
0.1987 -6802.93
0.1988 -6823.26
0.1989 -6843.59
0.199 -6863.91
0.1991 -6884.23
0.1992 -6904.54
0.1993 -6924.84
0.1994 -6945.14
0.1995 -6965.43
0.1996 -6985.72
0.1997 -7006
0.1998 -7026.27
0.1999 -7046.54
0.2 -7066.8
0.2001 -7087.06
0.2002 -7107.31
0.2003 -7127.56
0.2004 -7147.8
0.2005 -7168.04
0.2006 -7188.27
0.2007 -7208.49
0.2008 -7228.71
0.2009 -7248.92
0.201 -7269.12
0.2011 -7289.32
0.2012 -7309.51
0.2013 -7329.7
0.2014 -7349.88
0.2015 -7370.06
0.2016 -7390.23
0.2017 -7410.39
0.2018 -7430.55
0.2019 -7450.7
0.202 -7470.84
0.2021 -7490.98
0.2022 -7511.12
0.2023 -7531.24
0.2024 -7551.36
0.2025 -7571.48
0.2026 -7591.59
0.2027 -7611.69
0.2028 -7631.78
0.2029 -7651.87
0.203 -7671.96
0.2031 -7692.03
0.2032 -7712.1
0.2033 -7732.17
0.2034 -7752.23
0.2035 -7772.28
0.2036 -7792.32
0.2037 -7812.36
0.2038 -7832.4
0.2039 -7852.42
0.204 -7872.44
0.2041 -7892.46
0.2042 -7912.46
0.2043 -7932.46
0.2044 -7952.46
0.2045 -7972.44
0.2046 -7992.43
0.2047 -8012.4
0.2048 -8032.37
0.2049 -8052.33
0.205 -8072.28
0.2051 -8092.23
0.2052 -8112.17
0.2053 -8132.11
0.2054 -8152.04
0.2055 -8171.96
0.2056 -8191.87
0.2057 -8211.78
0.2058 -8231.68
0.2059 -8251.58
0.206 -8271.47
0.2061 -8291.35
0.2062 -8311.22
0.2063 -8331.09
0.2064 -8350.95
0.2065 -8370.81
0.2066 -8390.65
0.2067 -8410.49
0.2068 -8430.33
0.2069 -8450.15
0.207 -8469.97
0.2071 -8489.79
0.2072 -8509.59
0.2073 -8529.39
0.2074 -8549.18
0.2075 -8568.97
0.2076 -8588.75
0.2077 -8608.52
0.2078 -8628.28
0.2079 -8648.04
0.208 -8667.79
0.2081 -8687.53
0.2082 -8707.27
0.2083 -8727
0.2084 -8746.72
0.2085 -8766.43
0.2086 -8786.14
0.2087 -8805.84
0.2088 -8825.53
0.2089 -8845.22
0.209 -8864.9
0.2091 -8884.57
0.2092 -8904.23
0.2093 -8923.89
0.2094 -8943.54
0.2095 -8963.18
0.2096 -8982.81
0.2097 -9002.44
0.2098 -9022.06
0.2099 -9041.67
0.21 -9061.28
0.2101 -9080.88
0.2102 -9100.47
0.2103 -9120.05
0.2104 -9139.63
0.2105 -9159.19
0.2106 -9178.76
0.2107 -9198.31
0.2108 -9217.85
0.2109 -9237.39
0.211 -9256.92
0.2111 -9276.45
0.2112 -9295.96
0.2113 -9315.47
0.2114 -9334.97
0.2115 -9354.46
0.2116 -9373.95
0.2117 -9393.42
0.2118 -9412.89
0.2119 -9432.35
0.212 -9451.81
0.2121 -9471.26
0.2122 -9490.69
0.2123 -9510.12
0.2124 -9529.55
0.2125 -9548.96
0.2126 -9568.37
0.2127 -9587.77
0.2128 -9607.16
0.2129 -9626.55
0.213 -9645.92
0.2131 -9665.29
0.2132 -9684.65
0.2133 -9704
0.2134 -9723.35
0.2135 -9742.69
0.2136 -9762.01
0.2137 -9781.34
0.2138 -9800.65
0.2139 -9819.95
0.214 -9839.25
0.2141 -9858.54
0.2142 -9877.82
0.2143 -9897.09
0.2144 -9916.36
0.2145 -9935.61
0.2146 -9954.86
0.2147 -9974.1
0.2148 -9993.33
0.2149 -10012.6
0.215 -10031.8
0.2151 -10051
0.2152 -10070.2
0.2153 -10089.4
0.2154 -10108.6
0.2155 -10127.7
0.2156 -10146.9
0.2157 -10166.1
0.2158 -10185.2
0.2159 -10204.3
0.216 -10223.5
0.2161 -10242.6
0.2162 -10261.7
0.2163 -10280.8
0.2164 -10299.9
0.2165 -10319
0.2166 -10338.1
0.2167 -10357.2
0.2168 -10376.2
0.2169 -10395.3
0.217 -10414.3
0.2171 -10433.4
0.2172 -10452.4
0.2173 -10471.4
0.2174 -10490.5
0.2175 -10509.5
0.2176 -10528.5
0.2177 -10547.4
0.2178 -10566.4
0.2179 -10585.4
0.218 -10604.4
0.2181 -10623.3
0.2182 -10642.3
0.2183 -10661.2
0.2184 -10680.1
0.2185 -10699
0.2186 -10718
0.2187 -10736.9
0.2188 -10755.8
0.2189 -10774.6
0.219 -10793.5
0.2191 -10812.4
0.2192 -10831.2
0.2193 -10850.1
0.2194 -10868.9
0.2195 -10887.8
0.2196 -10906.6
0.2197 -10925.4
0.2198 -10944.2
0.2199 -10963
0.22 -10981.8
0.2201 -11000.6
0.2202 -11019.3
0.2203 -11038.1
0.2204 -11056.8
0.2205 -11075.6
0.2206 -11094.3
0.2207 -11113
0.2208 -11131.8
0.2209 -11150.5
0.221 -11169.2
0.2211 -11187.8
0.2212 -11206.5
0.2213 -11225.2
0.2214 -11243.8
0.2215 -11262.5
0.2216 -11281.1
0.2217 -11299.8
0.2218 -11318.4
0.2219 -11337
0.222 -11355.6
0.2221 -11374.2
0.2222 -11392.8
0.2223 -11411.4
0.2224 -11429.9
0.2225 -11448.5
0.2226 -11467
0.2227 -11485.6
0.2228 -11504.1
0.2229 -11522.6
0.223 -11541.1
0.2231 -11559.6
0.2232 -11578.1
0.2233 -11596.6
0.2234 -11615.1
0.2235 -11633.6
0.2236 -11652
0.2237 -11670.5
0.2238 -11688.9
0.2239 -11707.3
0.224 -11725.7
0.2241 -11744.1
0.2242 -11762.5
0.2243 -11780.9
0.2244 -11799.3
0.2245 -11817.7
0.2246 -11836
0.2247 -11854.4
0.2248 -11872.7
0.2249 -11891
0.225 -11909.4
0.2251 -11927.7
0.2252 -11946
0.2253 -11964.3
0.2254 -11982.5
0.2255 -12000.8
0.2256 -12019.1
0.2257 -12037.3
0.2258 -12055.6
0.2259 -12073.8
0.226 -12092
0.2261 -12110.2
0.2262 -12128.4
0.2263 -12146.6
0.2264 -12164.8
0.2265 -12183
0.2266 -12201.1
0.2267 -12219.3
0.2268 -12237.4
0.2269 -12255.6
0.227 -12273.7
0.2271 -12291.8
0.2272 -12309.9
0.2273 -12328
0.2274 -12346.1
0.2275 -12364.2
0.2276 -12382.2
0.2277 -12400.3
0.2278 -12418.3
0.2279 -12436.3
0.228 -12454.4
0.2281 -12472.4
0.2282 -12490.4
0.2283 -12508.4
0.2284 -12526.3
0.2285 -12544.3
0.2286 -12562.3
0.2287 -12580.2
0.2288 -12598.2
0.2289 -12616.1
0.229 -12634
0.2291 -12651.9
0.2292 -12669.8
0.2293 -12687.7
0.2294 -12705.6
0.2295 -12723.5
0.2296 -12741.3
0.2297 -12759.2
0.2298 -12777
0.2299 -12794.8
0.23 -12812.6
0.2301 -12830.4
0.2302 -12848.2
0.2303 -12866
0.2304 -12883.8
0.2305 -12901.6
0.2306 -12919.3
0.2307 -12937
0.2308 -12954.8
0.2309 -12972.5
0.231 -12990.2
0.2311 -13007.9
0.2312 -13025.6
0.2313 -13043.3
0.2314 -13060.9
0.2315 -13078.6
0.2316 -13096.2
0.2317 -13113.9
0.2318 -13131.5
0.2319 -13149.1
0.232 -13166.7
0.2321 -13184.3
0.2322 -13201.9
0.2323 -13219.5
0.2324 -13237
0.2325 -13254.6
0.2326 -13272.1
0.2327 -13289.6
0.2328 -13307.2
0.2329 -13324.7
0.233 -13342.2
0.2331 -13359.6
0.2332 -13377.1
0.2333 -13394.6
0.2334 -13412
0.2335 -13429.5
0.2336 -13446.9
0.2337 -13464.3
0.2338 -13481.7
0.2339 -13499.1
0.234 -13516.5
0.2341 -13533.9
0.2342 -13551.2
0.2343 -13568.6
0.2344 -13585.9
0.2345 -13603.3
0.2346 -13620.6
0.2347 -13637.9
0.2348 -13655.2
0.2349 -13672.5
0.235 -13689.7
0.2351 -13707
0.2352 -13724.3
0.2353 -13741.5
0.2354 -13758.7
0.2355 -13775.9
0.2356 -13793.2
0.2357 -13810.3
0.2358 -13827.5
0.2359 -13844.7
0.236 -13861.9
0.2361 -13879
0.2362 -13896.2
0.2363 -13913.3
0.2364 -13930.4
0.2365 -13947.5
0.2366 -13964.6
0.2367 -13981.7
0.2368 -13998.8
0.2369 -14015.8
0.237 -14032.9
0.2371 -14049.9
0.2372 -14066.9
0.2373 -14083.9
0.2374 -14100.9
0.2375 -14117.9
0.2376 -14134.9
0.2377 -14151.9
0.2378 -14168.8
0.2379 -14185.8
0.238 -14202.7
0.2381 -14219.6
0.2382 -14236.5
0.2383 -14253.4
0.2384 -14270.3
0.2385 -14287.2
0.2386 -14304.1
0.2387 -14320.9
0.2388 -14337.7
0.2389 -14354.6
0.239 -14371.4
0.2391 -14388.2
0.2392 -14405
0.2393 -14421.8
0.2394 -14438.5
0.2395 -14455.3
0.2396 -14472
0.2397 -14488.8
0.2398 -14505.5
0.2399 -14522.2
0.24 -14538.9
0.2401 -14555.6
0.2402 -14572.3
0.2403 -14588.9
0.2404 -14605.6
0.2405 -14622.2
0.2406 -14638.8
0.2407 -14655.5
0.2408 -14672.1
0.2409 -14688.6
0.241 -14705.2
0.2411 -14721.8
0.2412 -14738.3
0.2413 -14754.9
0.2414 -14771.4
0.2415 -14787.9
0.2416 -14804.4
0.2417 -14820.9
0.2418 -14837.4
0.2419 -14853.9
0.242 -14870.3
0.2421 -14886.8
0.2422 -14903.2
0.2423 -14919.6
0.2424 -14936.1
0.2425 -14952.5
0.2426 -14968.8
0.2427 -14985.2
0.2428 -15001.6
0.2429 -15017.9
0.243 -15034.3
0.2431 -15050.6
0.2432 -15066.9
0.2433 -15083.2
0.2434 -15099.5
0.2435 -15115.8
0.2436 -15132
0.2437 -15148.3
0.2438 -15164.5
0.2439 -15180.7
0.244 -15196.9
0.2441 -15213.1
0.2442 -15229.3
0.2443 -15245.5
0.2444 -15261.7
0.2445 -15277.8
0.2446 -15293.9
0.2447 -15310.1
0.2448 -15326.2
0.2449 -15342.3
0.245 -15358.4
0.2451 -15374.5
0.2452 -15390.5
0.2453 -15406.6
0.2454 -15422.6
0.2455 -15438.6
0.2456 -15454.6
0.2457 -15470.6
0.2458 -15486.6
0.2459 -15502.6
0.246 -15518.6
0.2461 -15534.5
0.2462 -15550.4
0.2463 -15566.4
0.2464 -15582.3
0.2465 -15598.2
0.2466 -15614.1
0.2467 -15629.9
0.2468 -15645.8
0.2469 -15661.6
0.247 -15677.5
0.2471 -15693.3
0.2472 -15709.1
0.2473 -15724.9
0.2474 -15740.7
0.2475 -15756.5
0.2476 -15772.2
0.2477 -15788
0.2478 -15803.7
0.2479 -15819.4
0.248 -15835.1
0.2481 -15850.8
0.2482 -15866.5
0.2483 -15882.2
0.2484 -15897.8
0.2485 -15913.4
0.2486 -15929.1
0.2487 -15944.7
0.2488 -15960.3
0.2489 -15975.9
0.249 -15991.5
0.2491 -16007
0.2492 -16022.6
0.2493 -16038.1
0.2494 -16053.6
0.2495 -16069.1
0.2496 -16084.6
0.2497 -16100.1
0.2498 -16115.6
0.2499 -16131
0.25 -16146.5
0.2501 -16161.9
0.2502 -16177.3
0.2503 -16192.7
0.2504 -16208.1
0.2505 -16223.5
0.2506 -16238.9
0.2507 -16254.2
0.2508 -16269.6
0.2509 -16284.9
0.251 -16300.2
0.2511 -16315.5
0.2512 -16330.8
0.2513 -16346.1
0.2514 -16361.3
0.2515 -16376.6
0.2516 -16391.8
0.2517 -16407
0.2518 -16422.2
0.2519 -16437.4
0.252 -16452.6
0.2521 -16467.8
0.2522 -16482.9
0.2523 -16498.1
0.2524 -16513.2
0.2525 -16528.3
0.2526 -16543.4
0.2527 -16558.5
0.2528 -16573.5
0.2529 -16588.6
0.253 -16603.6
0.2531 -16618.7
0.2532 -16633.7
0.2533 -16648.7
0.2534 -16663.7
0.2535 -16678.7
0.2536 -16693.6
0.2537 -16708.6
0.2538 -16723.5
0.2539 -16738.4
0.254 -16753.3
0.2541 -16768.2
0.2542 -16783.1
0.2543 -16798
0.2544 -16812.8
0.2545 -16827.7
0.2546 -16842.5
0.2547 -16857.3
0.2548 -16872.1
0.2549 -16886.9
0.255 -16901.6
0.2551 -16916.4
0.2552 -16931.1
0.2553 -16945.9
0.2554 -16960.6
0.2555 -16975.3
0.2556 -16990
0.2557 -17004.7
0.2558 -17019.3
0.2559 -17034
0.256 -17048.6
0.2561 -17063.2
0.2562 -17077.8
0.2563 -17092.4
0.2564 -17107
0.2565 -17121.5
0.2566 -17136.1
0.2567 -17150.6
0.2568 -17165.1
0.2569 -17179.6
0.257 -17194.1
0.2571 -17208.6
0.2572 -17223.1
0.2573 -17237.5
0.2574 -17252
0.2575 -17266.4
0.2576 -17280.8
0.2577 -17295.2
0.2578 -17309.6
0.2579 -17323.9
0.258 -17338.3
0.2581 -17352.6
0.2582 -17366.9
0.2583 -17381.2
0.2584 -17395.5
0.2585 -17409.8
0.2586 -17424.1
0.2587 -17438.3
0.2588 -17452.6
0.2589 -17466.8
0.259 -17481
0.2591 -17495.2
0.2592 -17509.4
0.2593 -17523.5
0.2594 -17537.7
0.2595 -17551.8
0.2596 -17566
0.2597 -17580.1
0.2598 -17594.2
0.2599 -17608.2
0.26 -17622.3
0.2601 -17636.3
0.2602 -17650.4
0.2603 -17664.4
0.2604 -17678.4
0.2605 -17692.4
0.2606 -17706.4
0.2607 -17720.4
0.2608 -17734.3
0.2609 -17748.2
0.261 -17762.2
0.2611 -17776.1
0.2612 -17790
0.2613 -17803.8
0.2614 -17817.7
0.2615 -17831.5
0.2616 -17845.4
0.2617 -17859.2
0.2618 -17873
0.2619 -17886.8
0.262 -17900.6
0.2621 -17914.3
0.2622 -17928.1
0.2623 -17941.8
0.2624 -17955.5
0.2625 -17969.2
0.2626 -17982.9
0.2627 -17996.6
0.2628 -18010.2
0.2629 -18023.9
0.263 -18037.5
0.2631 -18051.1
0.2632 -18064.7
0.2633 -18078.3
0.2634 -18091.9
0.2635 -18105.4
0.2636 -18119
0.2637 -18132.5
0.2638 -18146
0.2639 -18159.5
0.264 -18173
0.2641 -18186.4
0.2642 -18199.9
0.2643 -18213.3
0.2644 -18226.8
0.2645 -18240.2
0.2646 -18253.6
0.2647 -18266.9
0.2648 -18280.3
0.2649 -18293.6
0.265 -18307
0.2651 -18320.3
0.2652 -18333.6
0.2653 -18346.9
0.2654 -18360.1
0.2655 -18373.4
0.2656 -18386.6
0.2657 -18399.9
0.2658 -18413.1
0.2659 -18426.3
0.266 -18439.5
0.2661 -18452.6
0.2662 -18465.8
0.2663 -18478.9
0.2664 -18492
0.2665 -18505.1
0.2666 -18518.2
0.2667 -18531.3
0.2668 -18544.4
0.2669 -18557.4
0.267 -18570.5
0.2671 -18583.5
0.2672 -18596.5
0.2673 -18609.5
0.2674 -18622.4
0.2675 -18635.4
0.2676 -18648.3
0.2677 -18661.2
0.2678 -18674.2
0.2679 -18687
0.268 -18699.9
0.2681 -18712.8
0.2682 -18725.6
0.2683 -18738.5
0.2684 -18751.3
0.2685 -18764.1
0.2686 -18776.9
0.2687 -18789.6
0.2688 -18802.4
0.2689 -18815.1
0.269 -18827.9
0.2691 -18840.6
0.2692 -18853.3
0.2693 -18866
0.2694 -18878.6
0.2695 -18891.3
0.2696 -18903.9
0.2697 -18916.5
0.2698 -18929.1
0.2699 -18941.7
0.27 -18954.3
0.2701 -18966.8
0.2702 -18979.4
0.2703 -18991.9
0.2704 -19004.4
0.2705 -19016.9
0.2706 -19029.4
0.2707 -19041.8
0.2708 -19054.3
0.2709 -19066.7
0.271 -19079.1
0.2711 -19091.5
0.2712 -19103.9
0.2713 -19116.3
0.2714 -19128.6
0.2715 -19141
0.2716 -19153.3
0.2717 -19165.6
0.2718 -19177.9
0.2719 -19190.2
0.272 -19202.4
0.2721 -19214.7
0.2722 -19226.9
0.2723 -19239.1
0.2724 -19251.3
0.2725 -19263.5
0.2726 -19275.7
0.2727 -19287.8
0.2728 -19299.9
0.2729 -19312.1
0.273 -19324.2
0.2731 -19336.3
0.2732 -19348.3
0.2733 -19360.4
0.2734 -19372.4
0.2735 -19384.4
0.2736 -19396.4
0.2737 -19408.4
0.2738 -19420.4
0.2739 -19432.4
0.274 -19444.3
0.2741 -19456.2
0.2742 -19468.2
0.2743 -19480.1
0.2744 -19491.9
0.2745 -19503.8
0.2746 -19515.7
0.2747 -19527.5
0.2748 -19539.3
0.2749 -19551.1
0.275 -19562.9
0.2751 -19574.7
0.2752 -19586.4
0.2753 -19598.1
0.2754 -19609.9
0.2755 -19621.6
0.2756 -19633.3
0.2757 -19644.9
0.2758 -19656.6
0.2759 -19668.2
0.276 -19679.9
0.2761 -19691.5
0.2762 -19703.1
0.2763 -19714.6
0.2764 -19726.2
0.2765 -19737.7
0.2766 -19749.3
0.2767 -19760.8
0.2768 -19772.3
0.2769 -19783.8
0.277 -19795.2
0.2771 -19806.7
0.2772 -19818.1
0.2773 -19829.5
0.2774 -19840.9
0.2775 -19852.3
0.2776 -19863.7
0.2777 -19875
0.2778 -19886.3
0.2779 -19897.7
0.278 -19909
0.2781 -19920.2
0.2782 -19931.5
0.2783 -19942.8
0.2784 -19954
0.2785 -19965.2
0.2786 -19976.4
0.2787 -19987.6
0.2788 -19998.8
0.2789 -20009.9
0.279 -20021.1
0.2791 -20032.2
0.2792 -20043.3
0.2793 -20054.4
0.2794 -20065.5
0.2795 -20076.5
0.2796 -20087.6
0.2797 -20098.6
0.2798 -20109.6
0.2799 -20120.6
0.28 -20131.6
0.2801 -20142.5
0.2802 -20153.5
0.2803 -20164.4
0.2804 -20175.3
0.2805 -20186.2
0.2806 -20197.1
0.2807 -20207.9
0.2808 -20218.8
0.2809 -20229.6
0.281 -20240.4
0.2811 -20251.2
0.2812 -20262
0.2813 -20272.7
0.2814 -20283.5
0.2815 -20294.2
0.2816 -20304.9
0.2817 -20315.6
0.2818 -20326.3
0.2819 -20336.9
0.282 -20347.6
0.2821 -20358.2
0.2822 -20368.8
0.2823 -20379.4
0.2824 -20390
0.2825 -20400.6
0.2826 -20411.1
0.2827 -20421.6
0.2828 -20432.1
0.2829 -20442.6
0.283 -20453.1
0.2831 -20463.6
0.2832 -20474
0.2833 -20484.4
0.2834 -20494.9
0.2835 -20505.3
0.2836 -20515.6
0.2837 -20526
0.2838 -20536.3
0.2839 -20546.7
0.284 -20557
0.2841 -20567.3
0.2842 -20577.5
0.2843 -20587.8
0.2844 -20598
0.2845 -20608.3
0.2846 -20618.5
0.2847 -20628.7
0.2848 -20638.8
0.2849 -20649
0.285 -20659.1
0.2851 -20669.3
0.2852 -20679.4
0.2853 -20689.5
0.2854 -20699.5
0.2855 -20709.6
0.2856 -20719.6
0.2857 -20729.7
0.2858 -20739.7
0.2859 -20749.7
0.286 -20759.6
0.2861 -20769.6
0.2862 -20779.5
0.2863 -20789.5
0.2864 -20799.4
0.2865 -20809.2
0.2866 -20819.1
0.2867 -20829
0.2868 -20838.8
0.2869 -20848.6
0.287 -20858.4
0.2871 -20868.2
0.2872 -20878
0.2873 -20887.7
0.2874 -20897.5
0.2875 -20907.2
0.2876 -20916.9
0.2877 -20926.6
0.2878 -20936.2
0.2879 -20945.9
0.288 -20955.5
0.2881 -20965.1
0.2882 -20974.7
0.2883 -20984.3
0.2884 -20993.9
0.2885 -21003.4
0.2886 -21013
0.2887 -21022.5
0.2888 -21032
0.2889 -21041.4
0.289 -21050.9
0.2891 -21060.3
0.2892 -21069.8
0.2893 -21079.2
0.2894 -21088.6
0.2895 -21097.9
0.2896 -21107.3
0.2897 -21116.6
0.2898 -21126
0.2899 -21135.3
0.29 -21144.6
0.2901 -21153.8
0.2902 -21163.1
0.2903 -21172.3
0.2904 -21181.5
0.2905 -21190.7
0.2906 -21199.9
0.2907 -21209.1
0.2908 -21218.2
0.2909 -21227.4
0.291 -21236.5
0.2911 -21245.6
0.2912 -21254.7
0.2913 -21263.7
0.2914 -21272.8
0.2915 -21281.8
0.2916 -21290.8
0.2917 -21299.8
0.2918 -21308.8
0.2919 -21317.8
0.292 -21326.7
0.2921 -21335.6
0.2922 -21344.5
0.2923 -21353.4
0.2924 -21362.3
0.2925 -21371.1
0.2926 -21380
0.2927 -21388.8
0.2928 -21397.6
0.2929 -21406.4
0.293 -21415.2
0.2931 -21423.9
0.2932 -21432.6
0.2933 -21441.3
0.2934 -21450
0.2935 -21458.7
0.2936 -21467.4
0.2937 -21476
0.2938 -21484.7
0.2939 -21493.3
0.294 -21501.9
0.2941 -21510.4
0.2942 -21519
0.2943 -21527.5
0.2944 -21536.1
0.2945 -21544.6
0.2946 -21553
0.2947 -21561.5
0.2948 -21570
0.2949 -21578.4
0.295 -21586.8
0.2951 -21595.2
0.2952 -21603.6
0.2953 -21612
0.2954 -21620.3
0.2955 -21628.6
0.2956 -21636.9
0.2957 -21645.2
0.2958 -21653.5
0.2959 -21661.8
0.296 -21670
0.2961 -21678.2
0.2962 -21686.4
0.2963 -21694.6
0.2964 -21702.8
0.2965 -21710.9
0.2966 -21719.1
0.2967 -21727.2
0.2968 -21735.3
0.2969 -21743.4
0.297 -21751.4
0.2971 -21759.5
0.2972 -21767.5
0.2973 -21775.5
0.2974 -21783.5
0.2975 -21791.5
0.2976 -21799.4
0.2977 -21807.4
0.2978 -21815.3
0.2979 -21823.2
0.298 -21831.1
0.2981 -21838.9
0.2982 -21846.8
0.2983 -21854.6
0.2984 -21862.4
0.2985 -21870.2
0.2986 -21878
0.2987 -21885.8
0.2988 -21893.5
0.2989 -21901.2
0.299 -21908.9
0.2991 -21916.6
0.2992 -21924.3
0.2993 -21931.9
0.2994 -21939.6
0.2995 -21947.2
0.2996 -21954.8
0.2997 -21962.4
0.2998 -21969.9
0.2999 -21977.5
0.3 -21985
0.3001 -21992.5
0.3002 -22000
0.3003 -22007.5
0.3004 -22014.9
0.3005 -22022.4
0.3006 -22029.8
0.3007 -22037.2
0.3008 -22044.6
0.3009 -22051.9
0.301 -22059.3
0.3011 -22066.6
0.3012 -22073.9
0.3013 -22081.2
0.3014 -22088.5
0.3015 -22095.8
0.3016 -22103
0.3017 -22110.2
0.3018 -22117.4
0.3019 -22124.6
0.302 -22131.8
0.3021 -22138.9
0.3022 -22146
0.3023 -22153.2
0.3024 -22160.3
0.3025 -22167.3
0.3026 -22174.4
0.3027 -22181.4
0.3028 -22188.4
0.3029 -22195.5
0.303 -22202.4
0.3031 -22209.4
0.3032 -22216.4
0.3033 -22223.3
0.3034 -22230.2
0.3035 -22237.1
0.3036 -22244
0.3037 -22250.8
0.3038 -22257.7
0.3039 -22264.5
0.304 -22271.3
0.3041 -22278.1
0.3042 -22284.8
0.3043 -22291.6
0.3044 -22298.3
0.3045 -22305
0.3046 -22311.7
0.3047 -22318.4
0.3048 -22325.1
0.3049 -22331.7
0.305 -22338.3
0.3051 -22344.9
0.3052 -22351.5
0.3053 -22358.1
0.3054 -22364.6
0.3055 -22371.2
0.3056 -22377.7
0.3057 -22384.2
0.3058 -22390.7
0.3059 -22397.1
0.306 -22403.5
0.3061 -22410
0.3062 -22416.4
0.3063 -22422.8
0.3064 -22429.1
0.3065 -22435.5
0.3066 -22441.8
0.3067 -22448.1
0.3068 -22454.4
0.3069 -22460.7
0.307 -22466.9
0.3071 -22473.2
0.3072 -22479.4
0.3073 -22485.6
0.3074 -22491.8
0.3075 -22497.9
0.3076 -22504.1
0.3077 -22510.2
0.3078 -22516.3
0.3079 -22522.4
0.308 -22528.5
0.3081 -22534.5
0.3082 -22540.6
0.3083 -22546.6
0.3084 -22552.6
0.3085 -22558.6
0.3086 -22564.5
0.3087 -22570.5
0.3088 -22576.4
0.3089 -22582.3
0.309 -22588.2
0.3091 -22594.1
0.3092 -22599.9
0.3093 -22605.7
0.3094 -22611.6
0.3095 -22617.4
0.3096 -22623.1
0.3097 -22628.9
0.3098 -22634.6
0.3099 -22640.4
0.31 -22646.1
0.3101 -22651.7
0.3102 -22657.4
0.3103 -22663.1
0.3104 -22668.7
0.3105 -22674.3
0.3106 -22679.9
0.3107 -22685.5
0.3108 -22691
0.3109 -22696.6
0.311 -22702.1
0.3111 -22707.6
0.3112 -22713.1
0.3113 -22718.5
0.3114 -22724
0.3115 -22729.4
0.3116 -22734.8
0.3117 -22740.2
0.3118 -22745.6
0.3119 -22750.9
0.312 -22756.2
0.3121 -22761.6
0.3122 -22766.9
0.3123 -22772.1
0.3124 -22777.4
0.3125 -22782.6
0.3126 -22787.8
0.3127 -22793.1
0.3128 -22798.2
0.3129 -22803.4
0.313 -22808.5
0.3131 -22813.7
0.3132 -22818.8
0.3133 -22823.9
0.3134 -22829
0.3135 -22834
0.3136 -22839
0.3137 -22844.1
0.3138 -22849.1
0.3139 -22854
0.314 -22859
0.3141 -22863.9
0.3142 -22868.9
0.3143 -22873.8
0.3144 -22878.6
0.3145 -22883.5
0.3146 -22888.4
0.3147 -22893.2
0.3148 -22898
0.3149 -22902.8
0.315 -22907.6
0.3151 -22912.3
0.3152 -22917.1
0.3153 -22921.8
0.3154 -22926.5
0.3155 -22931.2
0.3156 -22935.8
0.3157 -22940.5
0.3158 -22945.1
0.3159 -22949.7
0.316 -22954.3
0.3161 -22958.8
0.3162 -22963.4
0.3163 -22967.9
0.3164 -22972.4
0.3165 -22976.9
0.3166 -22981.4
0.3167 -22985.9
0.3168 -22990.3
0.3169 -22994.7
0.317 -22999.1
0.3171 -23003.5
0.3172 -23007.8
0.3173 -23012.2
0.3174 -23016.5
0.3175 -23020.8
0.3176 -23025.1
0.3177 -23029.4
0.3178 -23033.6
0.3179 -23037.9
0.318 -23042.1
0.3181 -23046.3
0.3182 -23050.4
0.3183 -23054.6
0.3184 -23058.7
0.3185 -23062.8
0.3186 -23066.9
0.3187 -23071
0.3188 -23075.1
0.3189 -23079.1
0.319 -23083.1
0.3191 -23087.1
0.3192 -23091.1
0.3193 -23095.1
0.3194 -23099
0.3195 -23103
0.3196 -23106.9
0.3197 -23110.8
0.3198 -23114.6
0.3199 -23118.5
0.32 -23122.3
0.3201 -23126.1
0.3202 -23129.9
0.3203 -23133.7
0.3204 -23137.5
0.3205 -23141.2
0.3206 -23144.9
0.3207 -23148.6
0.3208 -23152.3
0.3209 -23156
0.321 -23159.6
0.3211 -23163.2
0.3212 -23166.9
0.3213 -23170.4
0.3214 -23174
0.3215 -23177.6
0.3216 -23181.1
0.3217 -23184.6
0.3218 -23188.1
0.3219 -23191.6
0.322 -23195
0.3221 -23198.5
0.3222 -23201.9
0.3223 -23205.3
0.3224 -23208.7
0.3225 -23212
0.3226 -23215.4
0.3227 -23218.7
0.3228 -23222
0.3229 -23225.3
0.323 -23228.5
0.3231 -23231.8
0.3232 -23235
0.3233 -23238.2
0.3234 -23241.4
0.3235 -23244.6
0.3236 -23247.7
0.3237 -23250.9
0.3238 -23254
0.3239 -23257.1
0.324 -23260.2
0.3241 -23263.2
0.3242 -23266.3
0.3243 -23269.3
0.3244 -23272.3
0.3245 -23275.3
0.3246 -23278.2
0.3247 -23281.2
0.3248 -23284.1
0.3249 -23287
0.325 -23289.9
0.3251 -23292.8
0.3252 -23295.6
0.3253 -23298.4
0.3254 -23301.2
0.3255 -23304
0.3256 -23306.8
0.3257 -23309.6
0.3258 -23312.3
0.3259 -23315
0.326 -23317.7
0.3261 -23320.4
0.3262 -23323
0.3263 -23325.7
0.3264 -23328.3
0.3265 -23330.9
0.3266 -23333.5
0.3267 -23336
0.3268 -23338.6
0.3269 -23341.1
0.327 -23343.6
0.3271 -23346.1
0.3272 -23348.6
0.3273 -23351
0.3274 -23353.4
0.3275 -23355.9
0.3276 -23358.3
0.3277 -23360.6
0.3278 -23363
0.3279 -23365.3
0.328 -23367.6
0.3281 -23369.9
0.3282 -23372.2
0.3283 -23374.5
0.3284 -23376.7
0.3285 -23378.9
0.3286 -23381.1
0.3287 -23383.3
0.3288 -23385.5
0.3289 -23387.6
0.329 -23389.7
0.3291 -23391.8
0.3292 -23393.9
0.3293 -23396
0.3294 -23398
0.3295 -23400.1
0.3296 -23402.1
0.3297 -23404.1
0.3298 -23406
0.3299 -23408
0.33 -23409.9
0.3301 -23411.8
0.3302 -23413.7
0.3303 -23415.6
0.3304 -23417.5
0.3305 -23419.3
0.3306 -23421.1
0.3307 -23422.9
0.3308 -23424.7
0.3309 -23426.5
0.331 -23428.2
0.3311 -23429.9
0.3312 -23431.6
0.3313 -23433.3
0.3314 -23435
0.3315 -23436.6
0.3316 -23438.2
0.3317 -23439.9
0.3318 -23441.4
0.3319 -23443
0.332 -23444.6
0.3321 -23446.1
0.3322 -23447.6
0.3323 -23449.1
0.3324 -23450.6
0.3325 -23452
0.3326 -23453.5
0.3327 -23454.9
0.3328 -23456.3
0.3329 -23457.7
0.333 -23459
0.3331 -23460.4
0.3332 -23461.7
0.3333 -23463
0.3334 -23464.3
0.3335 -23465.5
0.3336 -23466.8
0.3337 -23468
0.3338 -23469.2
0.3339 -23470.4
0.334 -23471.5
0.3341 -23472.7
0.3342 -23473.8
0.3343 -23474.9
0.3344 -23476
0.3345 -23477.1
0.3346 -23478.1
0.3347 -23479.2
0.3348 -23480.2
0.3349 -23481.2
0.335 -23482.2
0.3351 -23483.1
0.3352 -23484.1
0.3353 -23485
0.3354 -23485.9
0.3355 -23486.8
0.3356 -23487.6
0.3357 -23488.5
0.3358 -23489.3
0.3359 -23490.1
0.336 -23490.9
0.3361 -23491.6
0.3362 -23492.4
0.3363 -23493.1
0.3364 -23493.8
0.3365 -23494.5
0.3366 -23495.2
0.3367 -23495.8
0.3368 -23496.5
0.3369 -23497.1
0.337 -23497.7
0.3371 -23498.2
0.3372 -23498.8
0.3373 -23499.3
0.3374 -23499.8
0.3375 -23500.3
0.3376 -23500.8
0.3377 -23501.3
0.3378 -23501.7
0.3379 -23502.1
0.338 -23502.5
0.3381 -23502.9
0.3382 -23503.3
0.3383 -23503.6
0.3384 -23503.9
0.3385 -23504.2
0.3386 -23504.5
0.3387 -23504.8
0.3388 -23505
0.3389 -23505.3
0.339 -23505.5
0.3391 -23505.7
0.3392 -23505.8
0.3393 -23506
0.3394 -23506.1
0.3395 -23506.2
0.3396 -23506.3
0.3397 -23506.4
0.3398 -23506.4
0.3399 -23506.5
0.34 -23506.5
0.3401 -23506.5
0.3402 -23506.5
0.3403 -23506.4
0.3404 -23506.4
0.3405 -23506.3
0.3406 -23506.2
0.3407 -23506.1
0.3408 -23505.9
0.3409 -23505.8
0.341 -23505.6
0.3411 -23505.4
0.3412 -23505.2
0.3413 -23505
0.3414 -23504.7
0.3415 -23504.4
0.3416 -23504.1
0.3417 -23503.8
0.3418 -23503.5
0.3419 -23503.2
0.342 -23502.8
0.3421 -23502.4
0.3422 -23502
0.3423 -23501.6
0.3424 -23501.1
0.3425 -23500.7
0.3426 -23500.2
0.3427 -23499.7
0.3428 -23499.2
0.3429 -23498.6
0.343 -23498.1
0.3431 -23497.5
0.3432 -23496.9
0.3433 -23496.3
0.3434 -23495.6
0.3435 -23495
0.3436 -23494.3
0.3437 -23493.6
0.3438 -23492.9
0.3439 -23492.2
0.344 -23491.4
0.3441 -23490.6
0.3442 -23489.9
0.3443 -23489
0.3444 -23488.2
0.3445 -23487.4
0.3446 -23486.5
0.3447 -23485.6
0.3448 -23484.7
0.3449 -23483.8
0.345 -23482.8
0.3451 -23481.9
0.3452 -23480.9
0.3453 -23479.9
0.3454 -23478.9
0.3455 -23477.8
0.3456 -23476.8
0.3457 -23475.7
0.3458 -23474.6
0.3459 -23473.5
0.346 -23472.4
0.3461 -23471.2
0.3462 -23470
0.3463 -23468.8
0.3464 -23467.6
0.3465 -23466.4
0.3466 -23465.2
0.3467 -23463.9
0.3468 -23462.6
0.3469 -23461.3
0.347 -23460
0.3471 -23458.6
0.3472 -23457.3
0.3473 -23455.9
0.3474 -23454.5
0.3475 -23453
0.3476 -23451.6
0.3477 -23450.1
0.3478 -23448.7
0.3479 -23447.2
0.348 -23445.6
0.3481 -23444.1
0.3482 -23442.6
0.3483 -23441
0.3484 -23439.4
0.3485 -23437.8
0.3486 -23436.1
0.3487 -23434.5
0.3488 -23432.8
0.3489 -23431.1
0.349 -23429.4
0.3491 -23427.7
0.3492 -23425.9
0.3493 -23424.2
0.3494 -23422.4
0.3495 -23420.6
0.3496 -23418.8
0.3497 -23416.9
0.3498 -23415.1
0.3499 -23413.2
0.35 -23411.3
0.3501 -23409.4
0.3502 -23407.4
0.3503 -23405.5
0.3504 -23403.5
0.3505 -23401.5
0.3506 -23399.5
0.3507 -23397.4
0.3508 -23395.4
0.3509 -23393.3
0.351 -23391.2
0.3511 -23389.1
0.3512 -23387
0.3513 -23384.8
0.3514 -23382.7
0.3515 -23380.5
0.3516 -23378.3
0.3517 -23376
0.3518 -23373.8
0.3519 -23371.5
0.352 -23369.3
0.3521 -23367
0.3522 -23364.6
0.3523 -23362.3
0.3524 -23359.9
0.3525 -23357.6
0.3526 -23355.2
0.3527 -23352.7
0.3528 -23350.3
0.3529 -23347.9
0.353 -23345.4
0.3531 -23342.9
0.3532 -23340.4
0.3533 -23337.8
0.3534 -23335.3
0.3535 -23332.7
0.3536 -23330.1
0.3537 -23327.5
0.3538 -23324.9
0.3539 -23322.3
0.354 -23319.6
0.3541 -23316.9
0.3542 -23314.2
0.3543 -23311.5
0.3544 -23308.8
0.3545 -23306
0.3546 -23303.2
0.3547 -23300.4
0.3548 -23297.6
0.3549 -23294.8
0.355 -23291.9
0.3551 -23289
0.3552 -23286.2
0.3553 -23283.2
0.3554 -23280.3
0.3555 -23277.4
0.3556 -23274.4
0.3557 -23271.4
0.3558 -23268.4
0.3559 -23265.4
0.356 -23262.3
0.3561 -23259.3
0.3562 -23256.2
0.3563 -23253.1
0.3564 -23250
0.3565 -23246.8
0.3566 -23243.7
0.3567 -23240.5
0.3568 -23237.3
0.3569 -23234.1
0.357 -23230.8
0.3571 -23227.6
0.3572 -23224.3
0.3573 -23221
0.3574 -23217.7
0.3575 -23214.4
0.3576 -23211
0.3577 -23207.7
0.3578 -23204.3
0.3579 -23200.9
0.358 -23197.5
0.3581 -23194
0.3582 -23190.6
0.3583 -23187.1
0.3584 -23183.6
0.3585 -23180.1
0.3586 -23176.5
0.3587 -23173
0.3588 -23169.4
0.3589 -23165.8
0.359 -23162.2
0.3591 -23158.6
0.3592 -23154.9
0.3593 -23151.2
0.3594 -23147.6
0.3595 -23143.8
0.3596 -23140.1
0.3597 -23136.4
0.3598 -23132.6
0.3599 -23128.8
0.36 -23125
0.3601 -23121.2
0.3602 -23117.4
0.3603 -23113.5
0.3604 -23109.6
0.3605 -23105.7
0.3606 -23101.8
0.3607 -23097.9
0.3608 -23093.9
0.3609 -23090
0.361 -23086
0.3611 -23082
0.3612 -23077.9
0.3613 -23073.9
0.3614 -23069.8
0.3615 -23065.7
0.3616 -23061.6
0.3617 -23057.5
0.3618 -23053.4
0.3619 -23049.2
0.362 -23045
0.3621 -23040.8
0.3622 -23036.6
0.3623 -23032.4
0.3624 -23028.1
0.3625 -23023.9
0.3626 -23019.6
0.3627 -23015.3
0.3628 -23010.9
0.3629 -23006.6
0.363 -23002.2
0.3631 -22997.8
0.3632 -22993.4
0.3633 -22989
0.3634 -22984.6
0.3635 -22980.1
0.3636 -22975.6
0.3637 -22971.1
0.3638 -22966.6
0.3639 -22962.1
0.364 -22957.5
0.3641 -22952.9
0.3642 -22948.3
0.3643 -22943.7
0.3644 -22939.1
0.3645 -22934.5
0.3646 -22929.8
0.3647 -22925.1
0.3648 -22920.4
0.3649 -22915.7
0.365 -22910.9
0.3651 -22906.2
0.3652 -22901.4
0.3653 -22896.6
0.3654 -22891.8
0.3655 -22886.9
0.3656 -22882.1
0.3657 -22877.2
0.3658 -22872.3
0.3659 -22867.4
0.366 -22862.5
0.3661 -22857.5
0.3662 -22852.6
0.3663 -22847.6
0.3664 -22842.6
0.3665 -22837.6
0.3666 -22832.5
0.3667 -22827.5
0.3668 -22822.4
0.3669 -22817.3
0.367 -22812.2
0.3671 -22807
0.3672 -22801.9
0.3673 -22796.7
0.3674 -22791.5
0.3675 -22786.3
0.3676 -22781.1
0.3677 -22775.9
0.3678 -22770.6
0.3679 -22765.3
0.368 -22760
0.3681 -22754.7
0.3682 -22749.3
0.3683 -22744
0.3684 -22738.6
0.3685 -22733.2
0.3686 -22727.8
0.3687 -22722.4
0.3688 -22716.9
0.3689 -22711.5
0.369 -22706
0.3691 -22700.5
0.3692 -22694.9
0.3693 -22689.4
0.3694 -22683.8
0.3695 -22678.3
0.3696 -22672.7
0.3697 -22667
0.3698 -22661.4
0.3699 -22655.8
0.37 -22650.1
0.3701 -22644.4
0.3702 -22638.7
0.3703 -22633
0.3704 -22627.2
0.3705 -22621.4
0.3706 -22615.7
0.3707 -22609.9
0.3708 -22604
0.3709 -22598.2
0.371 -22592.3
0.3711 -22586.5
0.3712 -22580.6
0.3713 -22574.7
0.3714 -22568.7
0.3715 -22562.8
0.3716 -22556.8
0.3717 -22550.8
0.3718 -22544.8
0.3719 -22538.8
0.372 -22532.8
0.3721 -22526.7
0.3722 -22520.6
0.3723 -22514.5
0.3724 -22508.4
0.3725 -22502.3
0.3726 -22496.1
0.3727 -22490
0.3728 -22483.8
0.3729 -22477.6
0.373 -22471.3
0.3731 -22465.1
0.3732 -22458.8
0.3733 -22452.6
0.3734 -22446.3
0.3735 -22439.9
0.3736 -22433.6
0.3737 -22427.3
0.3738 -22420.9
0.3739 -22414.5
0.374 -22408.1
0.3741 -22401.7
0.3742 -22395.2
0.3743 -22388.8
0.3744 -22382.3
0.3745 -22375.8
0.3746 -22369.3
0.3747 -22362.7
0.3748 -22356.2
0.3749 -22349.6
0.375 -22343
0.3751 -22336.4
0.3752 -22329.8
0.3753 -22323.1
0.3754 -22316.5
0.3755 -22309.8
0.3756 -22303.1
0.3757 -22296.4
0.3758 -22289.6
0.3759 -22282.9
0.376 -22276.1
0.3761 -22269.3
0.3762 -22262.5
0.3763 -22255.7
0.3764 -22248.8
0.3765 -22242
0.3766 -22235.1
0.3767 -22228.2
0.3768 -22221.3
0.3769 -22214.3
0.377 -22207.4
0.3771 -22200.4
0.3772 -22193.4
0.3773 -22186.4
0.3774 -22179.4
0.3775 -22172.3
0.3776 -22165.3
0.3777 -22158.2
0.3778 -22151.1
0.3779 -22144
0.378 -22136.8
0.3781 -22129.7
0.3782 -22122.5
0.3783 -22115.3
0.3784 -22108.1
0.3785 -22100.9
0.3786 -22093.6
0.3787 -22086.4
0.3788 -22079.1
0.3789 -22071.8
0.379 -22064.5
0.3791 -22057.1
0.3792 -22049.8
0.3793 -22042.4
0.3794 -22035
0.3795 -22027.6
0.3796 -22020.2
0.3797 -22012.8
0.3798 -22005.3
0.3799 -21997.8
0.38 -21990.3
0.3801 -21982.8
0.3802 -21975.3
0.3803 -21967.7
0.3804 -21960.2
0.3805 -21952.6
0.3806 -21945
0.3807 -21937.3
0.3808 -21929.7
0.3809 -21922.1
0.381 -21914.4
0.3811 -21906.7
0.3812 -21899
0.3813 -21891.2
0.3814 -21883.5
0.3815 -21875.7
0.3816 -21867.9
0.3817 -21860.1
0.3818 -21852.3
0.3819 -21844.5
0.382 -21836.6
0.3821 -21828.8
0.3822 -21820.9
0.3823 -21813
0.3824 -21805
0.3825 -21797.1
0.3826 -21789.1
0.3827 -21781.2
0.3828 -21773.2
0.3829 -21765.2
0.383 -21757.1
0.3831 -21749.1
0.3832 -21741
0.3833 -21732.9
0.3834 -21724.8
0.3835 -21716.7
0.3836 -21708.6
0.3837 -21700.4
0.3838 -21692.2
0.3839 -21684
0.384 -21675.8
0.3841 -21667.6
0.3842 -21659.4
0.3843 -21651.1
0.3844 -21642.8
0.3845 -21634.5
0.3846 -21626.2
0.3847 -21617.9
0.3848 -21609.5
0.3849 -21601.1
0.385 -21592.8
0.3851 -21584.4
0.3852 -21575.9
0.3853 -21567.5
0.3854 -21559
0.3855 -21550.6
0.3856 -21542.1
0.3857 -21533.6
0.3858 -21525
0.3859 -21516.5
0.386 -21507.9
0.3861 -21499.3
0.3862 -21490.8
0.3863 -21482.1
0.3864 -21473.5
0.3865 -21464.9
0.3866 -21456.2
0.3867 -21447.5
0.3868 -21438.8
0.3869 -21430.1
0.387 -21421.3
0.3871 -21412.6
0.3872 -21403.8
0.3873 -21395
0.3874 -21386.2
0.3875 -21377.4
0.3876 -21368.6
0.3877 -21359.7
0.3878 -21350.8
0.3879 -21341.9
0.388 -21333
0.3881 -21324.1
0.3882 -21315.1
0.3883 -21306.2
0.3884 -21297.2
0.3885 -21288.2
0.3886 -21279.2
0.3887 -21270.1
0.3888 -21261.1
0.3889 -21252
0.389 -21242.9
0.3891 -21233.8
0.3892 -21224.7
0.3893 -21215.6
0.3894 -21206.4
0.3895 -21197.2
0.3896 -21188.1
0.3897 -21178.8
0.3898 -21169.6
0.3899 -21160.4
0.39 -21151.1
0.3901 -21141.8
0.3902 -21132.6
0.3903 -21123.2
0.3904 -21113.9
0.3905 -21104.6
0.3906 -21095.2
0.3907 -21085.8
0.3908 -21076.4
0.3909 -21067
0.391 -21057.6
0.3911 -21048.1
0.3912 -21038.7
0.3913 -21029.2
0.3914 -21019.7
0.3915 -21010.2
0.3916 -21000.6
0.3917 -20991.1
0.3918 -20981.5
0.3919 -20971.9
0.392 -20962.3
0.3921 -20952.7
0.3922 -20943.1
0.3923 -20933.4
0.3924 -20923.7
0.3925 -20914.1
0.3926 -20904.3
0.3927 -20894.6
0.3928 -20884.9
0.3929 -20875.1
0.393 -20865.4
0.3931 -20855.6
0.3932 -20845.8
0.3933 -20835.9
0.3934 -20826.1
0.3935 -20816.2
0.3936 -20806.4
0.3937 -20796.5
0.3938 -20786.6
0.3939 -20776.6
0.394 -20766.7
0.3941 -20756.7
0.3942 -20746.7
0.3943 -20736.7
0.3944 -20726.7
0.3945 -20716.7
0.3946 -20706.7
0.3947 -20696.6
0.3948 -20686.5
0.3949 -20676.4
0.395 -20666.3
0.3951 -20656.2
0.3952 -20646
0.3953 -20635.9
0.3954 -20625.7
0.3955 -20615.5
0.3956 -20605.3
0.3957 -20595
0.3958 -20584.8
0.3959 -20574.5
0.396 -20564.3
0.3961 -20554
0.3962 -20543.6
0.3963 -20533.3
0.3964 -20523
0.3965 -20512.6
0.3966 -20502.2
0.3967 -20491.8
0.3968 -20481.4
0.3969 -20471
0.397 -20460.5
0.3971 -20450.1
0.3972 -20439.6
0.3973 -20429.1
0.3974 -20418.6
0.3975 -20408
0.3976 -20397.5
0.3977 -20386.9
0.3978 -20376.3
0.3979 -20365.7
0.398 -20355.1
0.3981 -20344.5
0.3982 -20333.8
0.3983 -20323.2
0.3984 -20312.5
0.3985 -20301.8
0.3986 -20291.1
0.3987 -20280.3
0.3988 -20269.6
0.3989 -20258.8
0.399 -20248
0.3991 -20237.2
0.3992 -20226.4
0.3993 -20215.6
0.3994 -20204.7
0.3995 -20193.9
0.3996 -20183
0.3997 -20172.1
0.3998 -20161.2
0.3999 -20150.3
0.4 -20139.3
0.4001 -20128.4
0.4002 -20117.4
0.4003 -20106.4
0.4004 -20095.4
0.4005 -20084.3
0.4006 -20073.3
0.4007 -20062.2
0.4008 -20051.2
0.4009 -20040.1
0.401 -20028.9
0.4011 -20017.8
0.4012 -20006.7
0.4013 -19995.5
0.4014 -19984.3
0.4015 -19973.1
0.4016 -19961.9
0.4017 -19950.7
0.4018 -19939.5
0.4019 -19928.2
0.402 -19916.9
0.4021 -19905.7
0.4022 -19894.3
0.4023 -19883
0.4024 -19871.7
0.4025 -19860.3
0.4026 -19849
0.4027 -19837.6
0.4028 -19826.2
0.4029 -19814.7
0.403 -19803.3
0.4031 -19791.9
0.4032 -19780.4
0.4033 -19768.9
0.4034 -19757.4
0.4035 -19745.9
0.4036 -19734.4
0.4037 -19722.8
0.4038 -19711.2
0.4039 -19699.7
0.404 -19688.1
0.4041 -19676.5
0.4042 -19664.8
0.4043 -19653.2
0.4044 -19641.5
0.4045 -19629.8
0.4046 -19618.1
0.4047 -19606.4
0.4048 -19594.7
0.4049 -19583
0.405 -19571.2
0.4051 -19559.4
0.4052 -19547.6
0.4053 -19535.8
0.4054 -19524
0.4055 -19512.2
0.4056 -19500.3
0.4057 -19488.5
0.4058 -19476.6
0.4059 -19464.7
0.406 -19452.8
0.4061 -19440.8
0.4062 -19428.9
0.4063 -19416.9
0.4064 -19404.9
0.4065 -19392.9
0.4066 -19380.9
0.4067 -19368.9
0.4068 -19356.9
0.4069 -19344.8
0.407 -19332.7
0.4071 -19320.6
0.4072 -19308.5
0.4073 -19296.4
0.4074 -19284.3
0.4075 -19272.1
0.4076 -19259.9
0.4077 -19247.7
0.4078 -19235.5
0.4079 -19223.3
0.408 -19211.1
0.4081 -19198.8
0.4082 -19186.6
0.4083 -19174.3
0.4084 -19162
0.4085 -19149.7
0.4086 -19137.4
0.4087 -19125
0.4088 -19112.7
0.4089 -19100.3
0.409 -19087.9
0.4091 -19075.5
0.4092 -19063.1
0.4093 -19050.6
0.4094 -19038.2
0.4095 -19025.7
0.4096 -19013.2
0.4097 -19000.7
0.4098 -18988.2
0.4099 -18975.7
0.41 -18963.2
0.4101 -18950.6
0.4102 -18938
0.4103 -18925.4
0.4104 -18912.8
0.4105 -18900.2
0.4106 -18887.6
0.4107 -18874.9
0.4108 -18862.2
0.4109 -18849.6
0.411 -18836.9
0.4111 -18824.1
0.4112 -18811.4
0.4113 -18798.7
0.4114 -18785.9
0.4115 -18773.1
0.4116 -18760.3
0.4117 -18747.5
0.4118 -18734.7
0.4119 -18721.9
0.412 -18709
0.4121 -18696.2
0.4122 -18683.3
0.4123 -18670.4
0.4124 -18657.5
0.4125 -18644.5
0.4126 -18631.6
0.4127 -18618.6
0.4128 -18605.7
0.4129 -18592.7
0.413 -18579.7
0.4131 -18566.6
0.4132 -18553.6
0.4133 -18540.6
0.4134 -18527.5
0.4135 -18514.4
0.4136 -18501.3
0.4137 -18488.2
0.4138 -18475.1
0.4139 -18461.9
0.414 -18448.8
0.4141 -18435.6
0.4142 -18422.4
0.4143 -18409.2
0.4144 -18396
0.4145 -18382.8
0.4146 -18369.5
0.4147 -18356.3
0.4148 -18343
0.4149 -18329.7
0.415 -18316.4
0.4151 -18303.1
0.4152 -18289.7
0.4153 -18276.4
0.4154 -18263
0.4155 -18249.6
0.4156 -18236.2
0.4157 -18222.8
0.4158 -18209.4
0.4159 -18196
0.416 -18182.5
0.4161 -18169
0.4162 -18155.6
0.4163 -18142.1
0.4164 -18128.5
0.4165 -18115
0.4166 -18101.5
0.4167 -18087.9
0.4168 -18074.3
0.4169 -18060.7
0.417 -18047.1
0.4171 -18033.5
0.4172 -18019.9
0.4173 -18006.2
0.4174 -17992.6
0.4175 -17978.9
0.4176 -17965.2
0.4177 -17951.5
0.4178 -17937.8
0.4179 -17924
0.418 -17910.3
0.4181 -17896.5
0.4182 -17882.8
0.4183 -17869
0.4184 -17855.2
0.4185 -17841.3
0.4186 -17827.5
0.4187 -17813.6
0.4188 -17799.8
0.4189 -17785.9
0.419 -17772
0.4191 -17758.1
0.4192 -17744.2
0.4193 -17730.2
0.4194 -17716.3
0.4195 -17702.3
0.4196 -17688.3
0.4197 -17674.3
0.4198 -17660.3
0.4199 -17646.3
0.42 -17632.2
0.4201 -17618.2
0.4202 -17604.1
0.4203 -17590
0.4204 -17575.9
0.4205 -17561.8
0.4206 -17547.7
0.4207 -17533.6
0.4208 -17519.4
0.4209 -17505.2
0.421 -17491
0.4211 -17476.8
0.4212 -17462.6
0.4213 -17448.4
0.4214 -17434.2
0.4215 -17419.9
0.4216 -17405.6
0.4217 -17391.4
0.4218 -17377.1
0.4219 -17362.7
0.422 -17348.4
0.4221 -17334.1
0.4222 -17319.7
0.4223 -17305.4
0.4224 -17291
0.4225 -17276.6
0.4226 -17262.2
0.4227 -17247.7
0.4228 -17233.3
0.4229 -17218.8
0.423 -17204.4
0.4231 -17189.9
0.4232 -17175.4
0.4233 -17160.9
0.4234 -17146.4
0.4235 -17131.8
0.4236 -17117.3
0.4237 -17102.7
0.4238 -17088.1
0.4239 -17073.5
0.424 -17058.9
0.4241 -17044.3
0.4242 -17029.7
0.4243 -17015
0.4244 -17000.4
0.4245 -16985.7
0.4246 -16971
0.4247 -16956.3
0.4248 -16941.6
0.4249 -16926.8
0.425 -16912.1
0.4251 -16897.3
0.4252 -16882.6
0.4253 -16867.8
0.4254 -16853
0.4255 -16838.1
0.4256 -16823.3
0.4257 -16808.5
0.4258 -16793.6
0.4259 -16778.7
0.426 -16763.9
0.4261 -16749
0.4262 -16734.1
0.4263 -16719.1
0.4264 -16704.2
0.4265 -16689.2
0.4266 -16674.3
0.4267 -16659.3
0.4268 -16644.3
0.4269 -16629.3
0.427 -16614.3
0.4271 -16599.2
0.4272 -16584.2
0.4273 -16569.1
0.4274 -16554.1
0.4275 -16539
0.4276 -16523.9
0.4277 -16508.8
0.4278 -16493.6
0.4279 -16478.5
0.428 -16463.3
0.4281 -16448.2
0.4282 -16433
0.4283 -16417.8
0.4284 -16402.6
0.4285 -16387.3
0.4286 -16372.1
0.4287 -16356.9
0.4288 -16341.6
0.4289 -16326.3
0.429 -16311
0.4291 -16295.7
0.4292 -16280.4
0.4293 -16265.1
0.4294 -16249.7
0.4295 -16234.4
0.4296 -16219
0.4297 -16203.6
0.4298 -16188.2
0.4299 -16172.8
0.43 -16157.4
0.4301 -16142
0.4302 -16126.5
0.4303 -16111.1
0.4304 -16095.6
0.4305 -16080.1
0.4306 -16064.6
0.4307 -16049.1
0.4308 -16033.6
0.4309 -16018
0.431 -16002.5
0.4311 -15986.9
0.4312 -15971.3
0.4313 -15955.7
0.4314 -15940.1
0.4315 -15924.5
0.4316 -15908.9
0.4317 -15893.2
0.4318 -15877.6
0.4319 -15861.9
0.432 -15846.2
0.4321 -15830.5
0.4322 -15814.8
0.4323 -15799.1
0.4324 -15783.4
0.4325 -15767.6
0.4326 -15751.8
0.4327 -15736.1
0.4328 -15720.3
0.4329 -15704.5
0.433 -15688.7
0.4331 -15672.8
0.4332 -15657
0.4333 -15641.2
0.4334 -15625.3
0.4335 -15609.4
0.4336 -15593.5
0.4337 -15577.6
0.4338 -15561.7
0.4339 -15545.8
0.434 -15529.8
0.4341 -15513.9
0.4342 -15497.9
0.4343 -15481.9
0.4344 -15466
0.4345 -15450
0.4346 -15433.9
0.4347 -15417.9
0.4348 -15401.9
0.4349 -15385.8
0.435 -15369.7
0.4351 -15353.7
0.4352 -15337.6
0.4353 -15321.5
0.4354 -15305.4
0.4355 -15289.2
0.4356 -15273.1
0.4357 -15256.9
0.4358 -15240.8
0.4359 -15224.6
0.436 -15208.4
0.4361 -15192.2
0.4362 -15176
0.4363 -15159.7
0.4364 -15143.5
0.4365 -15127.3
0.4366 -15111
0.4367 -15094.7
0.4368 -15078.4
0.4369 -15062.1
0.437 -15045.8
0.4371 -15029.5
0.4372 -15013.1
0.4373 -14996.8
0.4374 -14980.4
0.4375 -14964
0.4376 -14947.7
0.4377 -14931.3
0.4378 -14914.8
0.4379 -14898.4
0.438 -14882
0.4381 -14865.5
0.4382 -14849.1
0.4383 -14832.6
0.4384 -14816.1
0.4385 -14799.6
0.4386 -14783.1
0.4387 -14766.6
0.4388 -14750
0.4389 -14733.5
0.439 -14716.9
0.4391 -14700.4
0.4392 -14683.8
0.4393 -14667.2
0.4394 -14650.6
0.4395 -14634
0.4396 -14617.3
0.4397 -14600.7
0.4398 -14584
0.4399 -14567.4
0.44 -14550.7
0.4401 -14534
0.4402 -14517.3
0.4403 -14500.6
0.4404 -14483.9
0.4405 -14467.1
0.4406 -14450.4
0.4407 -14433.6
0.4408 -14416.9
0.4409 -14400.1
0.441 -14383.3
0.4411 -14366.5
0.4412 -14349.7
0.4413 -14332.8
0.4414 -14316
0.4415 -14299.1
0.4416 -14282.3
0.4417 -14265.4
0.4418 -14248.5
0.4419 -14231.6
0.442 -14214.7
0.4421 -14197.8
0.4422 -14180.8
0.4423 -14163.9
0.4424 -14146.9
0.4425 -14129.9
0.4426 -14113
0.4427 -14096
0.4428 -14079
0.4429 -14061.9
0.443 -14044.9
0.4431 -14027.9
0.4432 -14010.8
0.4433 -13993.8
0.4434 -13976.7
0.4435 -13959.6
0.4436 -13942.5
0.4437 -13925.4
0.4438 -13908.3
0.4439 -13891.1
0.444 -13874
0.4441 -13856.8
0.4442 -13839.7
0.4443 -13822.5
0.4444 -13805.3
0.4445 -13788.1
0.4446 -13770.9
0.4447 -13753.7
0.4448 -13736.5
0.4449 -13719.2
0.445 -13702
0.4451 -13684.7
0.4452 -13667.4
0.4453 -13650.1
0.4454 -13632.8
0.4455 -13615.5
0.4456 -13598.2
0.4457 -13580.9
0.4458 -13563.5
0.4459 -13546.2
0.446 -13528.8
0.4461 -13511.4
0.4462 -13494
0.4463 -13476.6
0.4464 -13459.2
0.4465 -13441.8
0.4466 -13424.4
0.4467 -13406.9
0.4468 -13389.5
0.4469 -13372
0.447 -13354.5
0.4471 -13337
0.4472 -13319.5
0.4473 -13302
0.4474 -13284.5
0.4475 -13267
0.4476 -13249.4
0.4477 -13231.9
0.4478 -13214.3
0.4479 -13196.7
0.448 -13179.2
0.4481 -13161.6
0.4482 -13144
0.4483 -13126.3
0.4484 -13108.7
0.4485 -13091.1
0.4486 -13073.4
0.4487 -13055.8
0.4488 -13038.1
0.4489 -13020.4
0.449 -13002.7
0.4491 -12985
0.4492 -12967.3
0.4493 -12949.6
0.4494 -12931.9
0.4495 -12914.1
0.4496 -12896.4
0.4497 -12878.6
0.4498 -12860.8
0.4499 -12843
0.45 -12825.2
0.4501 -12807.4
0.4502 -12789.6
0.4503 -12771.8
0.4504 -12753.9
0.4505 -12736.1
0.4506 -12718.2
0.4507 -12700.4
0.4508 -12682.5
0.4509 -12664.6
0.451 -12646.7
0.4511 -12628.8
0.4512 -12610.9
0.4513 -12592.9
0.4514 -12575
0.4515 -12557
0.4516 -12539.1
0.4517 -12521.1
0.4518 -12503.1
0.4519 -12485.1
0.452 -12467.1
0.4521 -12449.1
0.4522 -12431.1
0.4523 -12413
0.4524 -12395
0.4525 -12376.9
0.4526 -12358.9
0.4527 -12340.8
0.4528 -12322.7
0.4529 -12304.6
0.453 -12286.5
0.4531 -12268.4
0.4532 -12250.3
0.4533 -12232.1
0.4534 -12214
0.4535 -12195.8
0.4536 -12177.7
0.4537 -12159.5
0.4538 -12141.3
0.4539 -12123.1
0.454 -12104.9
0.4541 -12086.7
0.4542 -12068.5
0.4543 -12050.2
0.4544 -12032
0.4545 -12013.7
0.4546 -11995.5
0.4547 -11977.2
0.4548 -11958.9
0.4549 -11940.6
0.455 -11922.3
0.4551 -11904
0.4552 -11885.7
0.4553 -11867.4
0.4554 -11849
0.4555 -11830.7
0.4556 -11812.3
0.4557 -11793.9
0.4558 -11775.5
0.4559 -11757.2
0.456 -11738.8
0.4561 -11720.3
0.4562 -11701.9
0.4563 -11683.5
0.4564 -11665.1
0.4565 -11646.6
0.4566 -11628.2
0.4567 -11609.7
0.4568 -11591.2
0.4569 -11572.7
0.457 -11554.2
0.4571 -11535.7
0.4572 -11517.2
0.4573 -11498.7
0.4574 -11480.2
0.4575 -11461.6
0.4576 -11443.1
0.4577 -11424.5
0.4578 -11405.9
0.4579 -11387.4
0.458 -11368.8
0.4581 -11350.2
0.4582 -11331.6
0.4583 -11312.9
0.4584 -11294.3
0.4585 -11275.7
0.4586 -11257
0.4587 -11238.4
0.4588 -11219.7
0.4589 -11201.1
0.459 -11182.4
0.4591 -11163.7
0.4592 -11145
0.4593 -11126.3
0.4594 -11107.6
0.4595 -11088.8
0.4596 -11070.1
0.4597 -11051.4
0.4598 -11032.6
0.4599 -11013.8
0.46 -10995.1
0.4601 -10976.3
0.4602 -10957.5
0.4603 -10938.7
0.4604 -10919.9
0.4605 -10901.1
0.4606 -10882.2
0.4607 -10863.4
0.4608 -10844.6
0.4609 -10825.7
0.461 -10806.9
0.4611 -10788
0.4612 -10769.1
0.4613 -10750.2
0.4614 -10731.3
0.4615 -10712.4
0.4616 -10693.5
0.4617 -10674.6
0.4618 -10655.7
0.4619 -10636.7
0.462 -10617.8
0.4621 -10598.8
0.4622 -10579.8
0.4623 -10560.9
0.4624 -10541.9
0.4625 -10522.9
0.4626 -10503.9
0.4627 -10484.9
0.4628 -10465.9
0.4629 -10446.8
0.463 -10427.8
0.4631 -10408.8
0.4632 -10389.7
0.4633 -10370.7
0.4634 -10351.6
0.4635 -10332.5
0.4636 -10313.4
0.4637 -10294.3
0.4638 -10275.2
0.4639 -10256.1
0.464 -10237
0.4641 -10217.9
0.4642 -10198.7
0.4643 -10179.6
0.4644 -10160.4
0.4645 -10141.3
0.4646 -10122.1
0.4647 -10102.9
0.4648 -10083.8
0.4649 -10064.6
0.465 -10045.4
0.4651 -10026.1
0.4652 -10006.9
0.4653 -9987.71
0.4654 -9968.47
0.4655 -9949.23
0.4656 -9929.98
0.4657 -9910.72
0.4658 -9891.45
0.4659 -9872.18
0.466 -9852.89
0.4661 -9833.6
0.4662 -9814.3
0.4663 -9795
0.4664 -9775.68
0.4665 -9756.36
0.4666 -9737.03
0.4667 -9717.69
0.4668 -9698.34
0.4669 -9678.99
0.467 -9659.62
0.4671 -9640.25
0.4672 -9620.87
0.4673 -9601.49
0.4674 -9582.09
0.4675 -9562.69
0.4676 -9543.28
0.4677 -9523.86
0.4678 -9504.44
0.4679 -9485.01
0.468 -9465.56
0.4681 -9446.12
0.4682 -9426.66
0.4683 -9407.2
0.4684 -9387.72
0.4685 -9368.24
0.4686 -9348.76
0.4687 -9329.26
0.4688 -9309.76
0.4689 -9290.25
0.469 -9270.73
0.4691 -9251.21
0.4692 -9231.67
0.4693 -9212.13
0.4694 -9192.59
0.4695 -9173.03
0.4696 -9153.47
0.4697 -9133.9
0.4698 -9114.32
0.4699 -9094.74
0.47 -9075.14
0.4701 -9055.54
0.4702 -9035.94
0.4703 -9016.32
0.4704 -8996.7
0.4705 -8977.07
0.4706 -8957.43
0.4707 -8937.79
0.4708 -8918.14
0.4709 -8898.48
0.471 -8878.81
0.4711 -8859.14
0.4712 -8839.46
0.4713 -8819.77
0.4714 -8800.07
0.4715 -8780.37
0.4716 -8760.66
0.4717 -8740.95
0.4718 -8721.22
0.4719 -8701.49
0.472 -8681.75
0.4721 -8662.01
0.4722 -8642.26
0.4723 -8622.5
0.4724 -8602.73
0.4725 -8582.96
0.4726 -8563.18
0.4727 -8543.39
0.4728 -8523.6
0.4729 -8503.8
0.473 -8483.99
0.4731 -8464.17
0.4732 -8444.35
0.4733 -8424.52
0.4734 -8404.69
0.4735 -8384.85
0.4736 -8365
0.4737 -8345.14
0.4738 -8325.28
0.4739 -8305.41
0.474 -8285.53
0.4741 -8265.65
0.4742 -8245.76
0.4743 -8225.86
0.4744 -8205.96
0.4745 -8186.05
0.4746 -8166.13
0.4747 -8146.21
0.4748 -8126.28
0.4749 -8106.34
0.475 -8086.39
0.4751 -8066.44
0.4752 -8046.49
0.4753 -8026.52
0.4754 -8006.55
0.4755 -7986.58
0.4756 -7966.6
0.4757 -7946.61
0.4758 -7926.61
0.4759 -7906.61
0.476 -7886.6
0.4761 -7866.58
0.4762 -7846.56
0.4763 -7826.53
0.4764 -7806.5
0.4765 -7786.46
0.4766 -7766.41
0.4767 -7746.36
0.4768 -7726.3
0.4769 -7706.23
0.477 -7686.16
0.4771 -7666.08
0.4772 -7645.99
0.4773 -7625.9
0.4774 -7605.8
0.4775 -7585.7
0.4776 -7565.59
0.4777 -7545.47
0.4778 -7525.35
0.4779 -7505.22
0.478 -7485.09
0.4781 -7464.95
0.4782 -7444.8
0.4783 -7424.65
0.4784 -7404.49
0.4785 -7384.32
0.4786 -7364.15
0.4787 -7343.98
0.4788 -7323.79
0.4789 -7303.6
0.479 -7283.41
0.4791 -7263.21
0.4792 -7243
0.4793 -7222.79
0.4794 -7202.57
0.4795 -7182.35
0.4796 -7162.11
0.4797 -7141.88
0.4798 -7121.64
0.4799 -7101.39
0.48 -7081.13
0.4801 -7060.88
0.4802 -7040.61
0.4803 -7020.34
0.4804 -7000.06
0.4805 -6979.78
0.4806 -6959.49
0.4807 -6939.2
0.4808 -6918.9
0.4809 -6898.59
0.481 -6878.28
0.4811 -6857.96
0.4812 -6837.64
0.4813 -6817.31
0.4814 -6796.98
0.4815 -6776.64
0.4816 -6756.3
0.4817 -6735.95
0.4818 -6715.59
0.4819 -6695.23
0.482 -6674.87
0.4821 -6654.49
0.4822 -6634.12
0.4823 -6613.73
0.4824 -6593.35
0.4825 -6572.95
0.4826 -6552.55
0.4827 -6532.15
0.4828 -6511.74
0.4829 -6491.33
0.483 -6470.91
0.4831 -6450.48
0.4832 -6430.05
0.4833 -6409.61
0.4834 -6389.17
0.4835 -6368.73
0.4836 -6348.27
0.4837 -6327.82
0.4838 -6307.36
0.4839 -6286.89
0.484 -6266.42
0.4841 -6245.94
0.4842 -6225.46
0.4843 -6204.97
0.4844 -6184.48
0.4845 -6163.98
0.4846 -6143.48
0.4847 -6122.97
0.4848 -6102.46
0.4849 -6081.94
0.485 -6061.41
0.4851 -6040.89
0.4852 -6020.35
0.4853 -5999.82
0.4854 -5979.27
0.4855 -5958.73
0.4856 -5938.18
0.4857 -5917.62
0.4858 -5897.06
0.4859 -5876.49
0.486 -5855.92
0.4861 -5835.34
0.4862 -5814.76
0.4863 -5794.18
0.4864 -5773.58
0.4865 -5752.99
0.4866 -5732.39
0.4867 -5711.79
0.4868 -5691.18
0.4869 -5670.56
0.487 -5649.94
0.4871 -5629.32
0.4872 -5608.69
0.4873 -5588.06
0.4874 -5567.42
0.4875 -5546.78
0.4876 -5526.14
0.4877 -5505.49
0.4878 -5484.83
0.4879 -5464.17
0.488 -5443.51
0.4881 -5422.84
0.4882 -5402.17
0.4883 -5381.49
0.4884 -5360.81
0.4885 -5340.12
0.4886 -5319.43
0.4887 -5298.74
0.4888 -5278.04
0.4889 -5257.33
0.489 -5236.63
0.4891 -5215.91
0.4892 -5195.2
0.4893 -5174.48
0.4894 -5153.75
0.4895 -5133.02
0.4896 -5112.29
0.4897 -5091.55
0.4898 -5070.81
0.4899 -5050.07
0.49 -5029.32
0.4901 -5008.56
0.4902 -4987.81
0.4903 -4967.04
0.4904 -4946.28
0.4905 -4925.51
0.4906 -4904.73
0.4907 -4883.96
0.4908 -4863.17
0.4909 -4842.39
0.491 -4821.6
0.4911 -4800.8
0.4912 -4780.01
0.4913 -4759.2
0.4914 -4738.4
0.4915 -4717.59
0.4916 -4696.78
0.4917 -4675.96
0.4918 -4655.14
0.4919 -4634.31
0.492 -4613.48
0.4921 -4592.65
0.4922 -4571.81
0.4923 -4550.98
0.4924 -4530.13
0.4925 -4509.28
0.4926 -4488.43
0.4927 -4467.58
0.4928 -4446.72
0.4929 -4425.86
0.493 -4404.99
0.4931 -4384.12
0.4932 -4363.25
0.4933 -4342.37
0.4934 -4321.49
0.4935 -4300.61
0.4936 -4279.72
0.4937 -4258.83
0.4938 -4237.94
0.4939 -4217.04
0.494 -4196.14
0.4941 -4175.24
0.4942 -4154.33
0.4943 -4133.42
0.4944 -4112.51
0.4945 -4091.59
0.4946 -4070.67
0.4947 -4049.74
0.4948 -4028.81
0.4949 -4007.88
0.495 -3986.95
0.4951 -3966.01
0.4952 -3945.07
0.4953 -3924.13
0.4954 -3903.18
0.4955 -3882.23
0.4956 -3861.28
0.4957 -3840.32
0.4958 -3819.36
0.4959 -3798.4
0.496 -3777.43
0.4961 -3756.46
0.4962 -3735.49
0.4963 -3714.51
0.4964 -3693.54
0.4965 -3672.55
0.4966 -3651.57
0.4967 -3630.58
0.4968 -3609.59
0.4969 -3588.6
0.497 -3567.6
0.4971 -3546.6
0.4972 -3525.6
0.4973 -3504.6
0.4974 -3483.59
0.4975 -3462.58
0.4976 -3441.56
0.4977 -3420.55
0.4978 -3399.53
0.4979 -3378.51
0.498 -3357.48
0.4981 -3336.46
0.4982 -3315.43
0.4983 -3294.39
0.4984 -3273.36
0.4985 -3252.32
0.4986 -3231.28
0.4987 -3210.24
0.4988 -3189.19
0.4989 -3168.14
0.499 -3147.09
0.4991 -3126.04
0.4992 -3104.98
0.4993 -3083.92
0.4994 -3062.86
0.4995 -3041.8
0.4996 -3020.73
0.4997 -2999.66
0.4998 -2978.59
0.4999 -2957.52
0.5 -2936.44
0.5001 -2915.36
0.5002 -2894.28
0.5003 -2873.2
0.5004 -2852.11
0.5005 -2831.02
0.5006 -2809.93
0.5007 -2788.84
0.5008 -2767.75
0.5009 -2746.65
0.501 -2725.55
0.5011 -2704.45
0.5012 -2683.34
0.5013 -2662.24
0.5014 -2641.13
0.5015 -2620.02
0.5016 -2598.91
0.5017 -2577.79
0.5018 -2556.68
0.5019 -2535.56
0.502 -2514.44
0.5021 -2493.31
0.5022 -2472.19
0.5023 -2451.06
0.5024 -2429.93
0.5025 -2408.8
0.5026 -2387.67
0.5027 -2366.53
0.5028 -2345.4
0.5029 -2324.26
0.503 -2303.12
0.5031 -2281.97
0.5032 -2260.83
0.5033 -2239.68
0.5034 -2218.54
0.5035 -2197.39
0.5036 -2176.23
0.5037 -2155.08
0.5038 -2133.93
0.5039 -2112.77
0.504 -2091.61
0.5041 -2070.45
0.5042 -2049.29
0.5043 -2028.12
0.5044 -2006.96
0.5045 -1985.79
0.5046 -1964.62
0.5047 -1943.45
0.5048 -1922.28
0.5049 -1901.11
0.505 -1879.93
0.5051 -1858.76
0.5052 -1837.58
0.5053 -1816.4
0.5054 -1795.22
0.5055 -1774.04
0.5056 -1752.85
0.5057 -1731.67
0.5058 -1710.48
0.5059 -1689.29
0.506 -1668.1
0.5061 -1646.91
0.5062 -1625.72
0.5063 -1604.53
0.5064 -1583.33
0.5065 -1562.13
0.5066 -1540.94
0.5067 -1519.74
0.5068 -1498.54
0.5069 -1477.34
0.507 -1456.13
0.5071 -1434.93
0.5072 -1413.73
0.5073 -1392.52
0.5074 -1371.31
0.5075 -1350.11
0.5076 -1328.9
0.5077 -1307.69
0.5078 -1286.47
0.5079 -1265.26
0.508 -1244.05
0.5081 -1222.83
0.5082 -1201.62
0.5083 -1180.4
0.5084 -1159.18
0.5085 -1137.97
0.5086 -1116.75
0.5087 -1095.53
0.5088 -1074.31
0.5089 -1053.08
0.509 -1031.86
0.5091 -1010.64
0.5092 -989.412
0.5093 -968.187
0.5094 -946.96
0.5095 -925.733
0.5096 -904.506
0.5097 -883.277
0.5098 -862.048
0.5099 -840.818
0.51 -819.588
0.5101 -798.357
0.5102 -777.125
0.5103 -755.892
0.5104 -734.659
0.5105 -713.426
0.5106 -692.191
0.5107 -670.956
0.5108 -649.721
0.5109 -628.485
0.511 -607.249
0.5111 -586.012
0.5112 -564.774
0.5113 -543.536
0.5114 -522.298
0.5115 -501.059
0.5116 -479.82
0.5117 -458.581
0.5118 -437.341
0.5119 -416.1
0.512 -394.86
0.5121 -373.619
0.5122 -352.377
0.5123 -331.136
0.5124 -309.894
0.5125 -288.652
0.5126 -267.41
0.5127 -246.167
0.5128 -224.925
0.5129 -203.682
0.513 -182.439
0.5131 -161.195
0.5132 -139.952
0.5133 -118.709
0.5134 -97.4649
0.5135 -76.2213
0.5136 -54.9776
0.5137 -33.7338
0.5138 -12.4901
0.5139 8.75372
0.514 29.9975
0.5141 51.2413
0.5142 72.485
0.5143 93.7286
0.5144 114.972
0.5145 136.216
0.5146 157.459
0.5147 178.702
0.5148 199.945
0.5149 221.188
0.515 242.431
0.5151 263.674
0.5152 284.916
0.5153 306.158
0.5154 327.4
0.5155 348.642
0.5156 369.883
0.5157 391.124
0.5158 412.365
0.5159 433.605
0.516 454.845
0.5161 476.085
0.5162 497.324
0.5163 518.563
0.5164 539.801
0.5165 561.039
0.5166 582.276
0.5167 603.513
0.5168 624.75
0.5169 645.986
0.517 667.222
0.5171 688.457
0.5172 709.691
0.5173 730.925
0.5174 752.158
0.5175 773.391
0.5176 794.622
0.5177 815.854
0.5178 837.084
0.5179 858.314
0.518 879.544
0.5181 900.772
0.5182 922
0.5183 943.227
0.5184 964.453
0.5185 985.679
0.5186 1006.9
0.5187 1028.13
0.5188 1049.35
0.5189 1070.57
0.519 1091.79
0.5191 1113.01
0.5192 1134.23
0.5193 1155.45
0.5194 1176.67
0.5195 1197.89
0.5196 1219.1
0.5197 1240.32
0.5198 1261.53
0.5199 1282.74
0.52 1303.96
0.5201 1325.17
0.5202 1346.38
0.5203 1367.58
0.5204 1388.79
0.5205 1410
0.5206 1431.2
0.5207 1452.41
0.5208 1473.61
0.5209 1494.81
0.521 1516.01
0.5211 1537.21
0.5212 1558.41
0.5213 1579.6
0.5214 1600.8
0.5215 1621.99
0.5216 1643.18
0.5217 1664.38
0.5218 1685.56
0.5219 1706.75
0.522 1727.94
0.5221 1749.13
0.5222 1770.31
0.5223 1791.49
0.5224 1812.67
0.5225 1833.85
0.5226 1855.03
0.5227 1876.21
0.5228 1897.38
0.5229 1918.56
0.523 1939.73
0.5231 1960.9
0.5232 1982.07
0.5233 2003.24
0.5234 2024.4
0.5235 2045.57
0.5236 54940.4
0.5237 341723
0.5238 755381
0.5239 1.24899e+006
0.524 1.78752e+006
0.5241 2.33743e+006
0.5242 2.86529e+006
0.5243 3.3386e+006
0.5244 3.72758e+006
0.5245 4.00722e+006
0.5246 4.15921e+006
0.5247 4.17349e+006
0.5248 4.04912e+006
0.5249 3.79433e+006
0.525 3.42586e+006
0.5251 2.96749e+006
0.5252 2.4482e+006
0.5253 1.90009e+006
0.5254 1.35652e+006
0.5255 850990
0.5256 417893
0.5257 99534.7
0.5258 2066.13
0.5259 -2.21977e+006
0.526 -8.53784e+006
0.5261 -1.66969e+007
0.5262 -2.54669e+007
0.5263 -3.36695e+007
0.5264 -4.01897e+007
0.5265 -4.41134e+007
0.5266 -4.46117e+007
0.5267 -4.04472e+007
0.5268 -3.19628e+007
0.5269 -2.00325e+007
0.527 -6.0583e+006
0.5271 8.22333e+006
0.5272 2.10149e+007
0.5273 3.07067e+007
0.5274 3.5711e+007
0.5275 3.63138e+007
0.5276 3.44479e+007
0.5277 3.03653e+007
0.5278 2.46076e+007
0.5279 1.79176e+007
0.528 1.11349e+007
0.5281 5.12058e+006
0.5282 830939
0.5283 4601.24
0.5284 4628.42
0.5285 4655.6
0.5286 4682.78
0.5287 4709.95
0.5288 4737.12
0.5289 4764.29
0.529 4791.45
0.5291 4818.61
0.5292 4845.77
0.5293 4872.92
0.5294 4900.06
0.5295 4927.21
0.5296 4954.34
0.5297 4981.48
0.5298 5008.61
0.5299 5035.74
0.53 5062.86
0.5301 5089.98
0.5302 5117.09
0.5303 5144.2
0.5304 5171.31
0.5305 5198.41
0.5306 5225.5
0.5307 5252.6
0.5308 5279.69
0.5309 5306.77
0.531 5333.85
0.5311 5360.92
0.5312 5388
0.5313 5415.06
0.5314 5442.13
0.5315 5469.18
0.5316 5496.24
0.5317 5523.29
0.5318 5550.33
0.5319 5577.37
0.532 5604.4
0.5321 5631.44
0.5322 5658.46
0.5323 5685.48
0.5324 5712.5
0.5325 5739.51
0.5326 5766.52
0.5327 5793.52
0.5328 5820.52
0.5329 5847.51
0.533 5874.5
0.5331 5901.49
0.5332 5928.46
0.5333 5955.44
0.5334 5982.41
0.5335 6009.37
0.5336 6036.33
0.5337 6063.29
0.5338 6090.23
0.5339 6117.18
0.534 6144.12
0.5341 6171.05
0.5342 6197.98
0.5343 6224.91
0.5344 6251.83
0.5345 6278.74
0.5346 6305.65
0.5347 6332.55
0.5348 6359.45
0.5349 6386.35
0.535 6413.23
0.5351 6440.12
0.5352 6466.99
0.5353 6493.87
0.5354 6520.73
0.5355 6547.6
0.5356 6574.45
0.5357 6601.3
0.5358 6628.15
0.5359 6654.99
0.536 6681.82
0.5361 6708.65
0.5362 6735.48
0.5363 6762.3
0.5364 6789.11
0.5365 6815.92
0.5366 6842.72
0.5367 6869.52
0.5368 6896.31
0.5369 6923.09
0.537 6949.87
0.5371 6976.64
0.5372 7003.41
0.5373 7030.17
0.5374 7056.93
0.5375 7083.68
0.5376 7110.43
0.5377 7137.16
0.5378 7163.9
0.5379 7190.63
0.538 7217.35
0.5381 7244.06
0.5382 7270.77
0.5383 7297.48
0.5384 7324.17
0.5385 7350.87
0.5386 7377.55
0.5387 7404.23
0.5388 7430.9
0.5389 7457.57
0.539 7484.23
0.5391 7510.89
0.5392 7537.54
0.5393 7564.18
0.5394 7590.82
0.5395 7617.45
0.5396 7644.07
0.5397 7670.69
0.5398 7697.3
0.5399 7723.91
0.54 7750.51
0.5401 7777.1
0.5402 7803.69
0.5403 7830.27
0.5404 7856.84
0.5405 7883.41
0.5406 7909.97
0.5407 7936.53
0.5408 7963.08
0.5409 7989.62
0.541 8016.15
0.5411 8042.68
0.5412 8069.2
0.5413 8095.72
0.5414 8122.23
0.5415 8148.73
0.5416 8175.22
0.5417 8201.71
0.5418 8228.2
0.5419 8254.67
0.542 8281.14
0.5421 8307.6
0.5422 8334.06
0.5423 8360.5
0.5424 8386.95
0.5425 8413.38
0.5426 8439.81
0.5427 8466.23
0.5428 8492.64
0.5429 8519.05
0.543 8545.45
0.5431 8571.84
0.5432 8598.23
0.5433 8624.61
0.5434 8650.98
0.5435 8677.34
0.5436 8703.7
0.5437 8730.05
0.5438 8756.4
0.5439 8782.73
0.544 8809.06
0.5441 8835.38
0.5442 8861.7
0.5443 8888.01
0.5444 8914.31
0.5445 8940.6
0.5446 8966.89
0.5447 8993.16
0.5448 9019.44
0.5449 9045.7
0.545 9071.95
0.5451 9098.2
0.5452 9124.45
0.5453 9150.68
0.5454 9176.91
0.5455 9203.12
0.5456 9229.34
0.5457 9255.54
0.5458 9281.74
0.5459 9307.93
0.546 9334.11
0.5461 9360.28
0.5462 9386.45
0.5463 9412.6
0.5464 9438.75
0.5465 9464.9
0.5466 9491.03
0.5467 9517.16
0.5468 9543.28
0.5469 9569.39
0.547 9595.49
0.5471 9621.59
0.5472 9647.68
0.5473 9673.76
0.5474 9699.83
0.5475 9725.9
0.5476 9751.95
0.5477 9778
0.5478 9804.04
0.5479 9830.07
0.548 9856.1
0.5481 9882.12
0.5482 9908.12
0.5483 9934.12
0.5484 9960.12
0.5485 9986.1
0.5486 10012.1
0.5487 10038
0.5488 10064
0.5489 10090
0.549 10115.9
0.5491 10141.8
0.5492 10167.8
0.5493 10193.7
0.5494 10219.6
0.5495 10245.5
0.5496 10271.4
0.5497 10297.3
0.5498 10323.1
0.5499 10349
0.55 10374.9
0.5501 10400.7
0.5502 10426.6
0.5503 10452.4
0.5504 10478.2
0.5505 10504
0.5506 10529.8
0.5507 10555.6
0.5508 10581.4
0.5509 10607.2
0.551 10633
0.5511 10658.8
0.5512 10684.5
0.5513 10710.3
0.5514 10736
0.5515 10761.7
0.5516 10787.5
0.5517 10813.2
0.5518 10838.9
0.5519 10864.6
0.552 10890.3
0.5521 10915.9
0.5522 10941.6
0.5523 10967.3
0.5524 10992.9
0.5525 11018.5
0.5526 11044.2
0.5527 11069.8
0.5528 11095.4
0.5529 11121
0.553 11146.6
0.5531 11172.2
0.5532 11197.8
0.5533 11223.4
0.5534 11248.9
0.5535 11274.5
0.5536 11300
0.5537 11325.5
0.5538 11351.1
0.5539 11376.6
0.554 11402.1
0.5541 11427.6
0.5542 11453.1
0.5543 11478.5
0.5544 11504
0.5545 11529.5
0.5546 11554.9
0.5547 11580.3
0.5548 11605.8
0.5549 11631.2
0.555 11656.6
0.5551 11682
0.5552 11707.4
0.5553 11732.8
0.5554 11758.1
0.5555 11783.5
0.5556 11808.9
0.5557 11834.2
0.5558 11859.5
0.5559 11884.9
0.556 11910.2
0.5561 11935.5
0.5562 11960.8
0.5563 11986
0.5564 12011.3
0.5565 12036.6
0.5566 12061.8
0.5567 12087.1
0.5568 12112.3
0.5569 12137.5
0.557 12162.8
0.5571 12188
0.5572 12213.2
0.5573 12238.4
0.5574 12263.5
0.5575 12288.7
0.5576 12313.8
0.5577 12339
0.5578 12364.1
0.5579 12389.3
0.558 12414.4
0.5581 12439.5
0.5582 12464.6
0.5583 12489.7
0.5584 12514.7
0.5585 12539.8
0.5586 12564.8
0.5587 12589.9
0.5588 12614.9
0.5589 12639.9
0.559 12665
0.5591 12690
0.5592 12715
0.5593 12739.9
0.5594 12764.9
0.5595 12789.9
0.5596 12814.8
0.5597 12839.8
0.5598 12864.7
0.5599 12889.6
0.56 12914.5
0.5601 12939.4
0.5602 12964.3
0.5603 12989.2
0.5604 13014
0.5605 13038.9
0.5606 13063.7
0.5607 13088.6
0.5608 13113.4
0.5609 13138.2
0.561 13163
0.5611 13187.8
0.5612 13212.6
0.5613 13237.4
0.5614 13262.1
0.5615 13286.9
0.5616 13311.6
0.5617 13336.3
0.5618 13361
0.5619 13385.7
0.562 13410.4
0.5621 13435.1
0.5622 13459.8
0.5623 13484.5
0.5624 13509.1
0.5625 13533.7
0.5626 13558.4
0.5627 13583
0.5628 13607.6
0.5629 13632.2
0.563 13656.8
0.5631 13681.3
0.5632 13705.9
0.5633 13730.4
0.5634 13755
0.5635 13779.5
0.5636 13804
0.5637 13828.5
0.5638 13853
0.5639 13877.5
0.564 13902
0.5641 13926.4
0.5642 13950.9
0.5643 13975.3
0.5644 13999.7
0.5645 14024.2
0.5646 14048.6
0.5647 14073
0.5648 14097.3
0.5649 14121.7
0.565 14146.1
0.5651 14170.4
0.5652 14194.7
0.5653 14219.1
0.5654 14243.4
0.5655 14267.7
0.5656 14291.9
0.5657 14316.2
0.5658 14340.5
0.5659 14364.7
0.566 14389
0.5661 14413.2
0.5662 14437.4
0.5663 14461.6
0.5664 14485.8
0.5665 14510
0.5666 14534.2
0.5667 14558.3
0.5668 14582.5
0.5669 14606.6
0.567 14630.7
0.5671 14654.8
0.5672 14678.9
0.5673 14703
0.5674 14727.1
0.5675 14751.1
0.5676 14775.2
0.5677 14799.2
0.5678 14823.3
0.5679 14847.3
0.568 14871.3
0.5681 14895.3
0.5682 14919.2
0.5683 14943.2
0.5684 14967.2
0.5685 14991.1
0.5686 15015
0.5687 15038.9
0.5688 15062.8
0.5689 15086.7
0.569 15110.6
0.5691 15134.5
0.5692 15158.3
0.5693 15182.2
0.5694 15206
0.5695 15229.8
0.5696 15253.6
0.5697 15277.4
0.5698 15301.2
0.5699 15325
0.57 15348.7
0.5701 15372.5
0.5702 15396.2
0.5703 15419.9
0.5704 15443.6
0.5705 15467.3
0.5706 15491
0.5707 15514.6
0.5708 15538.3
0.5709 15561.9
0.571 15585.6
0.5711 15609.2
0.5712 15632.8
0.5713 15656.4
0.5714 15679.9
0.5715 15703.5
0.5716 15727.1
0.5717 15750.6
0.5718 15774.1
0.5719 15797.6
0.572 15821.1
0.5721 15844.6
0.5722 15868.1
0.5723 15891.6
0.5724 15915
0.5725 15938.4
0.5726 15961.9
0.5727 15985.3
0.5728 16008.7
0.5729 16032
0.573 16055.4
0.5731 16078.8
0.5732 16102.1
0.5733 16125.4
0.5734 16148.8
0.5735 16172.1
0.5736 16195.4
0.5737 16218.6
0.5738 16241.9
0.5739 16265.1
0.574 16288.4
0.5741 16311.6
0.5742 16334.8
0.5743 16358
0.5744 16381.2
0.5745 16404.4
0.5746 16427.5
0.5747 16450.7
0.5748 16473.8
0.5749 16496.9
0.575 16520
0.5751 16543.1
0.5752 16566.2
0.5753 16589.2
0.5754 16612.3
0.5755 16635.3
0.5756 16658.4
0.5757 16681.4
0.5758 16704.4
0.5759 16727.3
0.576 16750.3
0.5761 16773.3
0.5762 16796.2
0.5763 16819.1
0.5764 16842
0.5765 16864.9
0.5766 16887.8
0.5767 16910.7
0.5768 16933.6
0.5769 16956.4
0.577 16979.2
0.5771 17002
0.5772 17024.8
0.5773 17047.6
0.5774 17070.4
0.5775 17093.2
0.5776 17115.9
0.5777 17138.6
0.5778 17161.4
0.5779 17184.1
0.578 17206.8
0.5781 17229.4
0.5782 17252.1
0.5783 17274.7
0.5784 17297.4
0.5785 17320
0.5786 17342.6
0.5787 17365.2
0.5788 17387.8
0.5789 17410.3
0.579 17432.9
0.5791 17455.4
0.5792 17477.9
0.5793 17500.5
0.5794 17522.9
0.5795 17545.4
0.5796 17567.9
0.5797 17590.3
0.5798 17612.8
0.5799 17635.2
0.58 17657.6
0.5801 17680
0.5802 17702.4
0.5803 17724.7
0.5804 17747.1
0.5805 17769.4
0.5806 17791.7
0.5807 17814
0.5808 17836.3
0.5809 17858.6
0.581 17880.9
0.5811 17903.1
0.5812 17925.3
0.5813 17947.5
0.5814 17969.7
0.5815 17991.9
0.5816 18014.1
0.5817 18036.3
0.5818 18058.4
0.5819 18080.5
0.582 18102.7
0.5821 18124.8
0.5822 18146.8
0.5823 18168.9
0.5824 18191
0.5825 18213
0.5826 18235
0.5827 18257
0.5828 18279
0.5829 18301
0.583 18323
0.5831 18344.9
0.5832 18366.9
0.5833 18388.8
0.5834 18410.7
0.5835 18432.6
0.5836 18454.4
0.5837 18476.3
0.5838 18498.2
0.5839 18520
0.584 18541.8
0.5841 18563.6
0.5842 18585.4
0.5843 18607.2
0.5844 18628.9
0.5845 18650.6
0.5846 18672.4
0.5847 18694.1
0.5848 18715.8
0.5849 18737.4
0.585 18759.1
0.5851 18780.8
0.5852 18802.4
0.5853 18824
0.5854 18845.6
0.5855 18867.2
0.5856 18888.8
0.5857 18910.3
0.5858 18931.9
0.5859 18953.4
0.586 18974.9
0.5861 18996.4
0.5862 19017.9
0.5863 19039.3
0.5864 19060.8
0.5865 19082.2
0.5866 19103.6
0.5867 19125
0.5868 19146.4
0.5869 19167.8
0.587 19189.1
0.5871 19210.5
0.5872 19231.8
0.5873 19253.1
0.5874 19274.4
0.5875 19295.6
0.5876 19316.9
0.5877 19338.1
0.5878 19359.4
0.5879 19380.6
0.588 19401.8
0.5881 19423
0.5882 19444.1
0.5883 19465.3
0.5884 19486.4
0.5885 19507.5
0.5886 19528.6
0.5887 19549.7
0.5888 19570.8
0.5889 19591.8
0.589 19612.8
0.5891 19633.9
0.5892 19654.9
0.5893 19675.9
0.5894 19696.8
0.5895 19717.8
0.5896 19738.7
0.5897 19759.6
0.5898 19780.6
0.5899 19801.4
0.59 19822.3
0.5901 19843.2
0.5902 19864
0.5903 19884.8
0.5904 19905.7
0.5905 19926.5
0.5906 19947.2
0.5907 19968
0.5908 19988.7
0.5909 20009.5
0.591 20030.2
0.5911 20050.9
0.5912 20071.5
0.5913 20092.2
0.5914 20112.9
0.5915 20133.5
0.5916 20154.1
0.5917 20174.7
0.5918 20195.3
0.5919 20215.8
0.592 20236.4
0.5921 20256.9
0.5922 20277.4
0.5923 20297.9
0.5924 20318.4
0.5925 20338.9
0.5926 20359.3
0.5927 20379.8
0.5928 20400.2
0.5929 20420.6
0.593 20441
0.5931 20461.3
0.5932 20481.7
0.5933 20502
0.5934 20522.3
0.5935 20542.6
0.5936 20562.9
0.5937 20583.2
0.5938 20603.4
0.5939 20623.6
0.594 20643.9
0.5941 20664
0.5942 20684.2
0.5943 20704.4
0.5944 20724.5
0.5945 20744.7
0.5946 20764.8
0.5947 20784.9
0.5948 20805
0.5949 20825
0.595 20845.1
0.5951 20865.1
0.5952 20885.1
0.5953 20905.1
0.5954 20925.1
0.5955 20945
0.5956 20965
0.5957 20984.9
0.5958 21004.8
0.5959 21024.7
0.596 21044.6
0.5961 21064.4
0.5962 21084.3
0.5963 21104.1
0.5964 21123.9
0.5965 21143.7
0.5966 21163.4
0.5967 21183.2
0.5968 21202.9
0.5969 21222.7
0.597 21242.4
0.5971 21262
0.5972 21281.7
0.5973 21301.4
0.5974 21321
0.5975 21340.6
0.5976 21360.2
0.5977 21379.8
0.5978 21399.3
0.5979 21418.9
0.598 21438.4
0.5981 21457.9
0.5982 21477.4
0.5983 21496.9
0.5984 21516.3
0.5985 21535.8
0.5986 21555.2
0.5987 21574.6
0.5988 21594
0.5989 21613.4
0.599 21632.7
0.5991 21652
0.5992 21671.4
0.5993 21690.7
0.5994 21709.9
0.5995 21729.2
0.5996 21748.4
0.5997 21767.7
0.5998 21786.9
0.5999 21806.1
0.6 21825.2
0.6001 21844.4
0.6002 21863.5
0.6003 21882.7
0.6004 21901.8
0.6005 21920.8
0.6006 21939.9
0.6007 21959
0.6008 21978
0.6009 21997
0.601 22016
0.6011 22035
0.6012 22053.9
0.6013 22072.9
0.6014 22091.8
0.6015 22110.7
0.6016 22129.6
0.6017 22148.4
0.6018 22167.3
0.6019 22186.1
0.602 22204.9
0.6021 22223.7
0.6022 22242.5
0.6023 22261.3
0.6024 22280
0.6025 22298.7
0.6026 22317.4
0.6027 22336.1
0.6028 22354.8
0.6029 22373.4
0.603 22392.1
0.6031 22410.7
0.6032 22429.3
0.6033 22447.9
0.6034 22466.4
0.6035 22485
0.6036 22503.5
0.6037 22522
0.6038 22540.5
0.6039 22558.9
0.604 22577.4
0.6041 22595.8
0.6042 22614.2
0.6043 22632.6
0.6044 22651
0.6045 22669.4
0.6046 22687.7
0.6047 22706
0.6048 22724.3
0.6049 22742.6
0.605 22760.9
0.6051 22779.1
0.6052 22797.3
0.6053 22815.5
0.6054 22833.7
0.6055 22851.9
0.6056 22870
0.6057 22888.2
0.6058 22906.3
0.6059 22924.4
0.606 22942.5
0.6061 22960.5
0.6062 22978.6
0.6063 22996.6
0.6064 23014.6
0.6065 23032.6
0.6066 23050.5
0.6067 23068.5
0.6068 23086.4
0.6069 23104.3
0.607 23122.2
0.6071 23140.1
0.6072 23157.9
0.6073 23175.8
0.6074 23193.6
0.6075 23211.4
0.6076 23229.1
0.6077 23246.9
0.6078 23264.6
0.6079 23282.3
0.608 23300
0.6081 23317.7
0.6082 23335.4
0.6083 23353
0.6084 23370.7
0.6085 23388.3
0.6086 23405.8
0.6087 23423.4
0.6088 23441
0.6089 23458.5
0.609 23476
0.6091 23493.5
0.6092 23510.9
0.6093 23528.4
0.6094 23545.8
0.6095 23563.2
0.6096 23580.6
0.6097 23598
0.6098 23615.4
0.6099 23632.7
0.61 23650
0.6101 23667.3
0.6102 23684.6
0.6103 23701.8
0.6104 23719.1
0.6105 23736.3
0.6106 23753.5
0.6107 23770.7
0.6108 23787.8
0.6109 23805
0.611 23822.1
0.6111 23839.2
0.6112 23856.3
0.6113 23873.4
0.6114 23890.4
0.6115 23907.4
0.6116 23924.4
0.6117 23941.4
0.6118 23958.4
0.6119 23975.3
0.612 23992.3
0.6121 24009.2
0.6122 24026
0.6123 24042.9
0.6124 24059.8
0.6125 24076.6
0.6126 24093.4
0.6127 24110.2
0.6128 24127
0.6129 24143.7
0.613 24160.4
0.6131 24177.2
0.6132 24193.8
0.6133 24210.5
0.6134 24227.2
0.6135 24243.8
0.6136 24260.4
0.6137 24277
0.6138 24293.6
0.6139 24310.1
0.614 24326.7
0.6141 24343.2
0.6142 24359.7
0.6143 24376.1
0.6144 24392.6
0.6145 24409
0.6146 24425.4
0.6147 24441.8
0.6148 24458.2
0.6149 24474.6
0.615 24490.9
0.6151 24507.2
0.6152 24523.5
0.6153 24539.8
0.6154 24556
0.6155 24572.2
0.6156 24588.5
0.6157 24604.7
0.6158 24620.8
0.6159 24637
0.616 24653.1
0.6161 24669.2
0.6162 24685.3
0.6163 24701.4
0.6164 24717.4
0.6165 24733.5
0.6166 24749.5
0.6167 24765.5
0.6168 24781.4
0.6169 24797.4
0.617 24813.3
0.6171 24829.2
0.6172 24845.1
0.6173 24861
0.6174 24876.8
0.6175 24892.7
0.6176 24908.5
0.6177 24924.3
0.6178 24940
0.6179 24955.8
0.618 24971.5
0.6181 24987.2
0.6182 25002.9
0.6183 25018.6
0.6184 25034.2
0.6185 25049.8
0.6186 25065.4
0.6187 25081
0.6188 25096.6
0.6189 25112.1
0.619 25127.7
0.6191 25143.2
0.6192 25158.6
0.6193 25174.1
0.6194 25189.5
0.6195 25205
0.6196 25220.4
0.6197 25235.7
0.6198 25251.1
0.6199 25266.4
0.62 25281.8
0.6201 25297.1
0.6202 25312.3
0.6203 25327.6
0.6204 25342.8
0.6205 25358
0.6206 25373.2
0.6207 25388.4
0.6208 25403.6
0.6209 25418.7
0.621 25433.8
0.6211 25448.9
0.6212 25464
0.6213 25479
0.6214 25494
0.6215 25509
0.6216 25524
0.6217 25539
0.6218 25553.9
0.6219 25568.8
0.622 25583.7
0.6221 25598.6
0.6222 25613.5
0.6223 25628.3
0.6224 25643.1
0.6225 25657.9
0.6226 25672.7
0.6227 25687.5
0.6228 25702.2
0.6229 25716.9
0.623 25731.6
0.6231 25746.3
0.6232 25760.9
0.6233 25775.6
0.6234 25790.2
0.6235 25804.8
0.6236 25819.3
0.6237 25833.9
0.6238 25848.4
0.6239 25862.9
0.624 25877.4
0.6241 25891.8
0.6242 25906.3
0.6243 25920.7
0.6244 25935.1
0.6245 25949.5
0.6246 25963.8
0.6247 25978.2
0.6248 25992.5
0.6249 26006.8
0.625 26021
0.6251 26035.3
0.6252 26049.5
0.6253 26063.7
0.6254 26077.9
0.6255 26092.1
0.6256 26106.2
0.6257 26120.3
0.6258 26134.4
0.6259 26148.5
0.626 26162.6
0.6261 26176.6
0.6262 26190.6
0.6263 26204.6
0.6264 26218.6
0.6265 26232.5
0.6266 26246.4
0.6267 26260.4
0.6268 26274.2
0.6269 26288.1
0.627 26301.9
0.6271 26315.8
0.6272 26329.6
0.6273 26343.3
0.6274 26357.1
0.6275 26370.8
0.6276 26384.6
0.6277 26398.2
0.6278 26411.9
0.6279 26425.6
0.628 26439.2
0.6281 26452.8
0.6282 26466.4
0.6283 26479.9
0.6284 26493.5
0.6285 26507
0.6286 26520.5
0.6287 26534
0.6288 26547.4
0.6289 26560.9
0.629 26574.3
0.6291 26587.7
0.6292 26601
0.6293 26614.4
0.6294 26627.7
0.6295 26641
0.6296 26654.3
0.6297 26667.5
0.6298 26680.8
0.6299 26694
0.63 26707.2
0.6301 26720.4
0.6302 26733.5
0.6303 26746.6
0.6304 26759.7
0.6305 26772.8
0.6306 26785.9
0.6307 26798.9
0.6308 26811.9
0.6309 26824.9
0.631 26837.9
0.6311 26850.9
0.6312 26863.8
0.6313 26876.7
0.6314 26889.6
0.6315 26902.5
0.6316 26915.3
0.6317 26928.1
0.6318 26940.9
0.6319 26953.7
0.632 26966.5
0.6321 26979.2
0.6322 26991.9
0.6323 27004.6
0.6324 27017.3
0.6325 27029.9
0.6326 27042.5
0.6327 27055.1
0.6328 27067.7
0.6329 27080.3
0.633 27092.8
0.6331 27105.3
0.6332 27117.8
0.6333 27130.3
0.6334 27142.7
0.6335 27155.1
0.6336 27167.5
0.6337 27179.9
0.6338 27192.3
0.6339 27204.6
0.634 27216.9
0.6341 27229.2
0.6342 27241.5
0.6343 27253.7
0.6344 27266
0.6345 27278.2
0.6346 27290.3
0.6347 27302.5
0.6348 27314.6
0.6349 27326.7
0.635 27338.8
0.6351 27350.9
0.6352 27362.9
0.6353 27375
0.6354 27387
0.6355 27398.9
0.6356 27410.9
0.6357 27422.8
0.6358 27434.8
0.6359 27446.6
0.636 27458.5
0.6361 27470.3
0.6362 27482.2
0.6363 27494
0.6364 27505.7
0.6365 27517.5
0.6366 27529.2
0.6367 27540.9
0.6368 27552.6
0.6369 27564.3
0.637 27575.9
0.6371 27587.6
0.6372 27599.2
0.6373 27610.7
0.6374 27622.3
0.6375 27633.8
0.6376 27645.3
0.6377 27656.8
0.6378 27668.3
0.6379 27679.7
0.638 27691.1
0.6381 27702.5
0.6382 27713.9
0.6383 27725.2
0.6384 27736.6
0.6385 27747.9
0.6386 27759.1
0.6387 27770.4
0.6388 27781.6
0.6389 27792.8
0.639 27804
0.6391 27815.2
0.6392 27826.3
0.6393 27837.5
0.6394 27848.6
0.6395 27859.6
0.6396 27870.7
0.6397 27881.7
0.6398 27892.7
0.6399 27903.7
0.64 27914.7
0.6401 27925.6
0.6402 27936.5
0.6403 27947.4
0.6404 27958.3
0.6405 27969.1
0.6406 27980
0.6407 27990.8
0.6408 28001.6
0.6409 28012.3
0.641 28023
0.6411 28033.8
0.6412 28044.4
0.6413 28055.1
0.6414 28065.8
0.6415 28076.4
0.6416 28087
0.6417 28097.5
0.6418 28108.1
0.6419 28118.6
0.642 28129.1
0.6421 28139.6
0.6422 28150.1
0.6423 28160.5
0.6424 28170.9
0.6425 28181.3
0.6426 28191.7
0.6427 28202
0.6428 28212.3
0.6429 28222.6
0.643 28232.9
0.6431 28243.2
0.6432 28253.4
0.6433 28263.6
0.6434 28273.8
0.6435 28283.9
0.6436 28294.1
0.6437 28304.2
0.6438 28314.3
0.6439 28324.3
0.644 28334.4
0.6441 28344.4
0.6442 28354.4
0.6443 28364.4
0.6444 28374.3
0.6445 28384.3
0.6446 28394.2
0.6447 28404
0.6448 28413.9
0.6449 28423.7
0.645 28433.6
0.6451 28443.3
0.6452 28453.1
0.6453 28462.8
0.6454 28472.6
0.6455 28482.3
0.6456 28491.9
0.6457 28501.6
0.6458 28511.2
0.6459 28520.8
0.646 28530.4
0.6461 28540
0.6462 28549.5
0.6463 28559
0.6464 28568.5
0.6465 28577.9
0.6466 28587.4
0.6467 28596.8
0.6468 28606.2
0.6469 28615.6
0.647 28624.9
0.6471 28634.2
0.6472 28643.5
0.6473 28652.8
0.6474 28662.1
0.6475 28671.3
0.6476 28680.5
0.6477 28689.7
0.6478 28698.8
0.6479 28708
0.648 28717.1
0.6481 28726.2
0.6482 28735.2
0.6483 28744.3
0.6484 28753.3
0.6485 28762.3
0.6486 28771.3
0.6487 28780.2
0.6488 28789.1
0.6489 28798
0.649 28806.9
0.6491 28815.8
0.6492 28824.6
0.6493 28833.4
0.6494 28842.2
0.6495 28850.9
0.6496 28859.7
0.6497 28868.4
0.6498 28877.1
0.6499 28885.8
0.65 28894.4
0.6501 28903
0.6502 28911.6
0.6503 28920.2
0.6504 28928.7
0.6505 28937.2
0.6506 28945.7
0.6507 28954.2
0.6508 28962.7
0.6509 28971.1
0.651 28979.5
0.6511 28987.9
0.6512 28996.3
0.6513 29004.6
0.6514 29012.9
0.6515 29021.2
0.6516 29029.5
0.6517 29037.7
0.6518 29045.9
0.6519 29054.1
0.652 29062.3
0.6521 29070.4
0.6522 29078.5
0.6523 29086.6
0.6524 29094.7
0.6525 29102.8
0.6526 29110.8
0.6527 29118.8
0.6528 29126.8
0.6529 29134.7
0.653 29142.6
0.6531 29150.6
0.6532 29158.4
0.6533 29166.3
0.6534 29174.1
0.6535 29181.9
0.6536 29189.7
0.6537 29197.5
0.6538 29205.2
0.6539 29213
0.654 29220.7
0.6541 29228.3
0.6542 29236
0.6543 29243.6
0.6544 29251.2
0.6545 29258.8
0.6546 29266.3
0.6547 29273.8
0.6548 29281.3
0.6549 29288.8
0.655 29296.3
0.6551 29303.7
0.6552 29311.1
0.6553 29318.5
0.6554 29325.8
0.6555 29333.2
0.6556 29340.5
0.6557 29347.8
0.6558 29355
0.6559 29362.3
0.656 29369.5
0.6561 29376.7
0.6562 29383.8
0.6563 29391
0.6564 29398.1
0.6565 29405.2
0.6566 29412.3
0.6567 29419.3
0.6568 29426.3
0.6569 29433.3
0.657 29440.3
0.6571 29447.3
0.6572 29454.2
0.6573 29461.1
0.6574 29468
0.6575 29474.8
0.6576 29481.7
0.6577 29488.5
0.6578 29495.2
0.6579 29502
0.658 29508.7
0.6581 29515.5
0.6582 29522.1
0.6583 29528.8
0.6584 29535.4
0.6585 29542
0.6586 29548.6
0.6587 29555.2
0.6588 29561.7
0.6589 29568.3
0.659 29574.8
0.6591 29581.2
0.6592 29587.7
0.6593 29594.1
0.6594 29600.5
0.6595 29606.9
0.6596 29613.2
0.6597 29619.5
0.6598 29625.8
0.6599 29632.1
0.66 29638.4
0.6601 29644.6
0.6602 29650.8
0.6603 29657
0.6604 29663.1
0.6605 29669.2
0.6606 29675.4
0.6607 29681.4
0.6608 29687.5
0.6609 29693.5
0.661 29699.5
0.6611 29705.5
0.6612 29711.5
0.6613 29717.4
0.6614 29723.3
0.6615 29729.2
0.6616 29735.1
0.6617 29740.9
0.6618 29746.7
0.6619 29752.5
0.662 29758.3
0.6621 29764
0.6622 29769.7
0.6623 29775.4
0.6624 29781.1
0.6625 29786.8
0.6626 29792.4
0.6627 29798
0.6628 29803.5
0.6629 29809.1
0.663 29814.6
0.6631 29820.1
0.6632 29825.6
0.6633 29831
0.6634 29836.5
0.6635 29841.9
0.6636 29847.2
0.6637 29852.6
0.6638 29857.9
0.6639 29863.2
0.664 29868.5
0.6641 29873.8
0.6642 29879
0.6643 29884.2
0.6644 29889.4
0.6645 29894.5
0.6646 29899.7
0.6647 29904.8
0.6648 29909.9
0.6649 29914.9
0.665 29920
0.6651 29925
0.6652 29930
0.6653 29934.9
0.6654 29939.9
0.6655 29944.8
0.6656 29949.7
0.6657 29954.5
0.6658 29959.4
0.6659 29964.2
0.666 29969
0.6661 29973.7
0.6662 29978.5
0.6663 29983.2
0.6664 29987.9
0.6665 29992.6
0.6666 29997.2
0.6667 30001.8
0.6668 30006.4
0.6669 30011
0.667 30015.5
0.6671 30020.1
0.6672 30024.5
0.6673 30029
0.6674 30033.5
0.6675 30037.9
0.6676 30042.3
0.6677 30046.7
0.6678 30051
0.6679 30055.3
0.668 30059.6
0.6681 30063.9
0.6682 30068.2
0.6683 30072.4
0.6684 30076.6
0.6685 30080.8
0.6686 30084.9
0.6687 30089.1
0.6688 30093.2
0.6689 30097.2
0.669 30101.3
0.6691 30105.3
0.6692 30109.3
0.6693 30113.3
0.6694 30117.3
0.6695 30121.2
0.6696 30125.1
0.6697 30129
0.6698 30132.9
0.6699 30136.7
0.67 30140.5
0.6701 30144.3
0.6702 30148
0.6703 30151.8
0.6704 30155.5
0.6705 30159.2
0.6706 30162.8
0.6707 30166.5
0.6708 30170.1
0.6709 30173.7
0.671 30177.2
0.6711 30180.8
0.6712 30184.3
0.6713 30187.8
0.6714 30191.2
0.6715 30194.7
0.6716 30198.1
0.6717 30201.5
0.6718 30204.9
0.6719 30208.2
0.672 30211.5
0.6721 30214.8
0.6722 30218.1
0.6723 30221.3
0.6724 30224.5
0.6725 30227.7
0.6726 30230.9
0.6727 30234
0.6728 30237.2
0.6729 30240.3
0.673 30243.3
0.6731 30246.4
0.6732 30249.4
0.6733 30252.4
0.6734 30255.4
0.6735 30258.3
0.6736 30261.2
0.6737 30264.1
0.6738 30267
0.6739 30269.8
0.674 30272.7
0.6741 30275.5
0.6742 30278.2
0.6743 30281
0.6744 30283.7
0.6745 30286.4
0.6746 30289.1
0.6747 30291.7
0.6748 30294.4
0.6749 30297
0.675 30299.5
0.6751 30302.1
0.6752 30304.6
0.6753 30307.1
0.6754 30309.6
0.6755 30312
0.6756 30314.5
0.6757 30316.9
0.6758 30319.3
0.6759 30321.6
0.676 30323.9
0.6761 30326.2
0.6762 30328.5
0.6763 30330.8
0.6764 30333
0.6765 30335.2
0.6766 30337.4
0.6767 30339.5
0.6768 30341.7
0.6769 30343.8
0.677 30345.9
0.6771 30347.9
0.6772 30349.9
0.6773 30351.9
0.6774 30353.9
0.6775 30355.9
0.6776 30357.8
0.6777 30359.7
0.6778 30361.6
0.6779 30363.5
0.678 30365.3
0.6781 30367.1
0.6782 30368.9
0.6783 30370.6
0.6784 30372.4
0.6785 30374.1
0.6786 30375.8
0.6787 30377.4
0.6788 30379.1
0.6789 30380.7
0.679 30382.3
0.6791 30383.8
0.6792 30385.4
0.6793 30386.9
0.6794 30388.4
0.6795 30389.8
0.6796 30391.2
0.6797 30392.7
0.6798 30394
0.6799 30395.4
0.68 30396.7
0.6801 30398.1
0.6802 30399.3
0.6803 30400.6
0.6804 30401.8
0.6805 30403.1
0.6806 30404.2
0.6807 30405.4
0.6808 30406.5
0.6809 30407.7
0.681 30408.7
0.6811 30409.8
0.6812 30410.8
0.6813 30411.9
0.6814 30412.9
0.6815 30413.8
0.6816 30414.8
0.6817 30415.7
0.6818 30416.6
0.6819 30417.4
0.682 30418.3
0.6821 30419.1
0.6822 30419.9
0.6823 30420.6
0.6824 30421.4
0.6825 30422.1
0.6826 30422.8
0.6827 30423.5
0.6828 30424.1
0.6829 30424.7
0.683 30425.3
0.6831 30425.9
0.6832 30426.4
0.6833 30426.9
0.6834 30427.4
0.6835 30427.9
0.6836 30428.3
0.6837 30428.7
0.6838 30429.1
0.6839 30429.5
0.684 30429.9
0.6841 30430.2
0.6842 30430.5
0.6843 30430.7
0.6844 30431
0.6845 30431.2
0.6846 30431.4
0.6847 30431.6
0.6848 30431.7
0.6849 30431.8
0.685 30431.9
0.6851 30432
0.6852 30432
0.6853 30432.1
0.6854 30432.1
0.6855 30432
0.6856 30432
0.6857 30431.9
0.6858 30431.8
0.6859 30431.7
0.686 30431.5
0.6861 30431.3
0.6862 30431.1
0.6863 30430.9
0.6864 30430.6
0.6865 30430.4
0.6866 30430.1
0.6867 30429.7
0.6868 30429.4
0.6869 30429
0.687 30428.6
0.6871 30428.2
0.6872 30427.7
0.6873 30427.2
0.6874 30426.7
0.6875 30426.2
0.6876 30425.7
0.6877 30425.1
0.6878 30424.5
0.6879 30423.9
0.688 30423.2
0.6881 30422.5
0.6882 30421.8
0.6883 30421.1
0.6884 30420.4
0.6885 30419.6
0.6886 30418.8
0.6887 30418
0.6888 30417.1
0.6889 30416.2
0.689 30415.4
0.6891 30414.4
0.6892 30413.5
0.6893 30412.5
0.6894 30411.5
0.6895 30410.5
0.6896 30409.4
0.6897 30408.4
0.6898 30407.3
0.6899 30406.1
0.69 30405
0.6901 30403.8
0.6902 30402.6
0.6903 30401.4
0.6904 30400.2
0.6905 30398.9
0.6906 30397.6
0.6907 30396.3
0.6908 30394.9
0.6909 30393.6
0.691 30392.2
0.6911 30390.7
0.6912 30389.3
0.6913 30387.8
0.6914 30386.3
0.6915 30384.8
0.6916 30383.3
0.6917 30381.7
0.6918 30380.1
0.6919 30378.5
0.692 30376.8
0.6921 30375.2
0.6922 30373.5
0.6923 30371.8
0.6924 30370
0.6925 30368.3
0.6926 30366.5
0.6927 30364.7
0.6928 30362.8
0.6929 30360.9
0.693 30359.1
0.6931 30357.1
0.6932 30355.2
0.6933 30353.2
0.6934 30351.2
0.6935 30349.2
0.6936 30347.2
0.6937 30345.1
0.6938 30343
0.6939 30340.9
0.694 30338.8
0.6941 30336.6
0.6942 30334.4
0.6943 30332.2
0.6944 30330
0.6945 30327.7
0.6946 30325.4
0.6947 30323.1
0.6948 30320.8
0.6949 30318.4
0.695 30316
0.6951 30313.6
0.6952 30311.2
